Packet #,Date,Hour,Minute,Second,Partial Seconds,Time Differential,ID,Local Send Time,Sync Flag,Ack Flag,Data
1,2025-07-17,23,04,39,451237,0.0,BB,0,1,0,
2,2025-07-17,23,04,39,499791,0.048554,01,821,0,1,
3,2025-07-17,23,04,39,512831,0.01304,03,700,0,1,
4,2025-07-17,23,04,39,524979,0.012148,02,393,0,1,
5,2025-07-17,23,04,39,766968,0.241989,01,250,0,0,Node 01: Network 3
6,2025-07-17,23,04,40,268098,0.50113,02,750,0,0,Node 02: Network 3
7,2025-07-17,23,04,40,771041,0.502943,03,1250,0,0,Node 03: Network 3
8,2025-07-17,23,04,41,767353,0.996312,01,250,0,0,Node 01: Network 3
9,2025-07-17,23,04,42,269589,0.502236,02,750,0,0,Node 02: Network 3
10,2025-07-17,23,04,42,773356,0.503767,03,1250,0,0,Node 03: Network 3
11,2025-07-17,23,04,43,768046,0.99469,01,250,0,0,Node 01: Network 3
12,2025-07-17,23,04,44,272058,0.504012,02,750,0,0,Node 02: Network 3
13,2025-07-17,23,04,44,814996,0.542938,03,1250,0,0,Node 03: Network 3
14,2025-07-17,23,04,45,770218,0.955222,01,250,0,0,Node 01: Network 3
15,2025-07-17,23,04,46,272770,0.502552,02,750,0,0,Node 02: Network 3
16,2025-07-17,23,04,46,816677,0.543907,03,1250,0,0,Node 03: Network 3
17,2025-07-17,23,04,47,770525,0.953848,01,250,0,0,Node 01: Network 3
18,2025-07-17,23,04,48,275892,0.505367,02,750,0,0,Node 02: Network 3
19,2025-07-17,23,04,48,819329,0.543437,03,1250,0,0,Node 03: Network 3
20,2025-07-17,23,04,49,770144,0.950815,01,250,0,0,Node 01: Network 3
21,2025-07-17,23,04,50,278013,0.507869,02,750,0,0,Node 02: Network 3
22,2025-07-17,23,04,50,818026,0.540013,03,1250,0,0,Node 03: Network 3
23,2025-07-17,23,04,51,771883,0.953857,01,250,0,0,Node 01: Network 3
24,2025-07-17,23,04,52,360175,0.588292,02,750,0,0,Node 02: Network 3
25,2025-07-17,23,04,52,820154,0.459979,03,1250,0,0,Node 03: Network 3
26,2025-07-17,23,04,54,365439,1.545285,02,750,0,0,Node 02: Network 3
27,2025-07-17,23,04,54,822386,0.456947,03,1250,0,0,Node 03: Network 3
28,2025-07-17,23,04,55,910715,1.088329,01,250,0,0,Node 01: Network 3
29,2025-07-17,23,04,56,367622,0.456907,02,750,0,0,Node 02: Network 3
30,2025-07-17,23,04,56,824661,0.457039,03,1250,0,0,Node 03: Network 3
31,2025-07-17,23,04,57,867882,1.043221,01,250,0,0,Node 01: Network 3
32,2025-07-17,23,04,58,368974,0.501092,02,750,0,0,Node 02: Network 3
33,2025-07-17,23,04,58,826933,0.457959,03,1250,0,0,Node 03: Network 3
34,2025-07-17,23,04,59,867888,1.040955,01,250,0,0,Node 01: Network 3
35,2025-07-17,23,05,00,371182,0.503294,02,750,0,0,Node 02: Network 3
36,2025-07-17,23,05,00,828668,0.457486,03,1250,0,0,Node 03: Network 3
37,2025-07-17,23,05,01,868122,1.039454,01,250,0,0,Node 01: Network 3
38,2025-07-17,23,05,02,372578,0.504456,02,750,0,0,Node 02: Network 3
39,2025-07-17,23,05,02,831518,0.45894,03,1250,0,0,Node 03: Network 3
40,2025-07-17,23,05,03,868488,1.03697,01,250,0,0,Node 01: Network 3
41,2025-07-17,23,05,04,374755,0.506267,02,750,0,0,Node 02: Network 3
42,2025-07-17,23,05,04,833194,0.458439,03,1250,0,0,Node 03: Network 3
43,2025-07-17,23,05,05,871565,1.038371,01,250,0,0,Node 01: Network 3
44,2025-07-17,23,05,06,377074,0.505509,02,750,0,0,Node 02: Network 3
45,2025-07-17,23,05,06,835377,0.458303,03,1250,0,0,Node 03: Network 3
46,2025-07-17,23,05,07,871810,1.036433,01,250,0,0,Node 01: Network 3
47,2025-07-17,23,05,08,377967,0.506157,02,750,0,0,Node 02: Network 3
48,2025-07-17,23,05,08,838018,0.460051,03,1250,0,0,Node 03: Network 3
49,2025-07-17,23,05,09,882381,1.044363,01,250,0,0,Node 01: Network 3
50,2025-07-17,23,05,10,382015,0.499634,02,750,0,0,Node 02: Network 3
51,2025-07-17,23,05,10,839816,0.457801,03,1250,0,0,Node 03: Network 3
52,2025-07-17,23,05,11,926736,1.08692,01,250,0,0,Node 01: Network 3
53,2025-07-17,23,05,12,384933,0.458197,02,750,0,0,Node 02: Network 3
54,2025-07-17,23,05,12,841983,0.45705,03,1250,0,0,Node 03: Network 3
55,2025-07-17,23,05,13,927296,1.085313,01,250,0,0,Node 01: Network 3
56,2025-07-17,23,05,14,385963,0.458667,02,750,0,0,Node 02: Network 3
57,2025-07-17,23,05,14,843886,0.457923,03,1250,0,0,Node 03: Network 3
58,2025-07-17,23,05,15,928348,1.084462,01,250,0,0,Node 01: Network 3
59,2025-07-17,23,05,16,387018,0.45867,02,750,0,0,Node 02: Network 3
60,2025-07-17,23,05,16,974281,0.587263,03,1250,0,0,Node 03: Network 3
61,2025-07-17,23,05,17,928573,0.954292,01,250,0,0,Node 01: Network 3
62,2025-07-17,23,05,18,388707,0.460134,02,750,0,0,Node 02: Network 3
63,2025-07-17,23,05,18,975456,0.586749,03,1250,0,0,Node 03: Network 3
64,2025-07-17,23,05,19,929138,0.953682,01,250,0,0,Node 01: Network 3
65,2025-07-17,23,05,20,391886,0.462748,02,750,0,0,Node 02: Network 3
66,2025-07-17,23,05,20,977159,0.585273,03,1250,0,0,Node 03: Network 3
67,2025-07-17,23,05,21,929434,0.952275,01,250,0,0,Node 01: Network 3
68,2025-07-17,23,05,22,394289,0.464855,02,750,0,0,Node 02: Network 3
69,2025-07-17,23,05,22,979174,0.584885,03,1250,0,0,Node 03: Network 3
70,2025-07-17,23,05,23,930073,0.950899,01,250,0,0,Node 01: Network 3
71,2025-07-17,23,05,24,522415,0.592342,02,750,0,0,Node 02: Network 3
72,2025-07-17,23,05,24,982346,0.459931,03,1250,0,0,Node 03: Network 3
73,2025-07-17,23,05,26,066217,1.083871,01,250,0,0,Node 01: Network 3
74,2025-07-17,23,05,26,525661,0.459444,02,750,0,0,Node 02: Network 3
75,2025-07-17,23,05,26,984153,0.458492,03,1250,0,0,Node 03: Network 3
76,2025-07-17,23,05,27,555844,0.571691,BB,0,1,0,
77,2025-07-17,23,05,29,561878,2.006034,BB,0,1,0,
78,2025-07-17,23,05,29,610076,0.048198,03,1899,0,1,
79,2025-07-17,23,05,29,646711,0.036635,02,1856,0,1,
80,2025-07-17,23,05,29,684284,0.037573,01,1816,0,1,
81,2025-07-17,23,05,29,876303,0.192019,01,250,0,0,Node 01: Network 3
82,2025-07-17,23,05,30,377212,0.500909,02,750,0,0,Node 02: Network 3
83,2025-07-17,23,05,30,880778,0.503566,03,1251,0,0,Node 03: Network 3
84,2025-07-17,23,05,31,877408,0.99663,01,250,0,0,Node 01: Network 3
85,2025-07-17,23,05,32,378673,0.501265,02,750,0,0,Node 02: Network 3
86,2025-07-17,23,05,32,883124,0.504451,03,1250,0,0,Node 03: Network 3
87,2025-07-17,23,05,33,878820,0.995696,01,250,0,0,Node 01: Network 3
88,2025-07-17,23,05,34,382210,0.50339,02,750,0,0,Node 02: Network 3
89,2025-07-17,23,05,34,884589,0.502379,03,1250,0,0,Node 03: Network 3
90,2025-07-17,23,05,35,879498,0.994909,01,250,0,0,Node 01: Network 3
91,2025-07-17,23,05,36,429013,0.549515,02,750,0,0,Node 02: Network 3
92,2025-07-17,23,05,36,887298,0.458285,03,1250,0,0,Node 03: Network 3
93,2025-07-17,23,05,37,972537,1.085239,01,250,0,0,Node 01: Network 3
94,2025-07-17,23,05,38,431312,0.458775,02,750,0,0,Node 02: Network 3
95,2025-07-17,23,05,39,020097,0.588785,03,1250,0,0,Node 03: Network 3
96,2025-07-17,23,05,39,973421,0.953324,01,250,0,0,Node 01: Network 3
97,2025-07-17,23,05,40,432908,0.459487,02,750,0,0,Node 02: Network 3
98,2025-07-17,23,05,41,022827,0.589919,03,1250,0,0,Node 03: Network 3
99,2025-07-17,23,05,41,974305,0.951478,01,250,0,0,Node 01: Network 3
100,2025-07-17,23,05,42,435200,0.460895,02,750,0,0,Node 02: Network 3
101,2025-07-17,23,05,43,024124,0.588924,03,1250,0,0,Node 03: Network 3
102,2025-07-17,23,05,43,974849,0.950725,01,250,0,0,Node 01: Network 3
103,2025-07-17,23,05,44,568942,0.594093,02,750,0,0,Node 02: Network 3
104,2025-07-17,23,05,45,025653,0.456711,03,1250,0,0,Node 03: Network 3
105,2025-07-17,23,05,45,976090,0.950437,01,250,0,0,Node 01: Network 3
106,2025-07-17,23,05,46,570660,0.59457,02,750,0,0,Node 02: Network 3
107,2025-07-17,23,05,47,022695,0.452035,03,1250,0,0,Node 03: Network 3
108,2025-07-17,23,05,47,975925,0.95323,01,250,0,0,Node 01: Network 3
109,2025-07-17,23,05,48,572013,0.596088,02,750,0,0,Node 02: Network 3
110,2025-07-17,23,05,49,025313,0.4533,03,1250,0,0,Node 03: Network 3
111,2025-07-17,23,05,50,067298,1.041985,01,250,0,0,Node 01: Network 3
112,2025-07-17,23,05,50,574056,0.506758,02,750,0,0,Node 02: Network 3
113,2025-07-17,23,05,51,027403,0.453347,03,1250,0,0,Node 03: Network 3
114,2025-07-17,23,05,52,068472,1.041069,01,250,0,0,Node 01: Network 3
115,2025-07-17,23,05,52,577217,0.508745,02,750,0,0,Node 02: Network 3
116,2025-07-17,23,05,53,029229,0.452012,03,1250,0,0,Node 03: Network 3
117,2025-07-17,23,05,54,069066,1.039837,01,250,0,0,Node 01: Network 3
118,2025-07-17,23,05,54,579882,0.510816,02,750,0,0,Node 02: Network 3
119,2025-07-17,23,05,55,114952,0.53507,03,1250,0,0,Node 03: Network 3
120,2025-07-17,23,05,56,069842,0.95489,01,250,0,0,Node 01: Network 3
121,2025-07-17,23,05,56,580698,0.510856,02,750,0,0,Node 02: Network 3
122,2025-07-17,23,05,57,117774,0.537076,03,1250,0,0,Node 03: Network 3
123,2025-07-17,23,05,58,125833,1.008059,01,250,0,0,Node 01: Network 3
124,2025-07-17,23,05,58,583178,0.457345,02,750,0,0,Node 02: Network 3
125,2025-07-17,23,05,59,119821,0.536643,03,1250,0,0,Node 03: Network 3
126,2025-07-17,23,05,59,626028,0.506207,BB,0,1,0,
127,2025-07-17,23,06,01,630896,2.004868,BB,0,1,0,
128,2025-07-17,23,06,01,700677,0.069781,01,1827,0,1,
129,2025-07-17,23,06,01,714822,0.014145,02,1788,0,1,
130,2025-07-17,23,06,01,793846,0.079024,03,1833,0,1,
131,2025-07-17,23,06,01,945779,0.151933,01,250,0,0,Node 01: Network 3
132,2025-07-17,23,06,02,490662,0.544883,02,750,0,0,Node 02: Network 3
133,2025-07-17,23,06,02,950267,0.459605,03,1250,0,0,Node 03: Network 3
134,2025-07-17,23,06,03,947068,0.996801,01,250,0,0,Node 01: Network 3
135,2025-07-17,23,06,04,495973,0.548905,02,751,0,0,Node 02: Network 3
136,2025-07-17,23,06,04,952028,0.456055,03,1250,0,0,Node 03: Network 3
137,2025-07-17,23,06,05,947507,0.995479,01,250,0,0,Node 01: Network 3
138,2025-07-17,23,06,06,496919,0.549412,02,750,0,0,Node 02: Network 3
139,2025-07-17,23,06,06,954707,0.457788,03,1250,0,0,Node 03: Network 3
140,2025-07-17,23,06,08,040300,1.085593,01,250,0,0,Node 01: Network 3
141,2025-07-17,23,06,08,499526,0.459226,02,750,0,0,Node 02: Network 3
142,2025-07-17,23,06,08,956246,0.45672,03,1250,0,0,Node 03: Network 3
143,2025-07-17,23,06,10,041736,1.08549,01,250,0,0,Node 01: Network 3
144,2025-07-17,23,06,10,500540,0.458804,02,750,0,0,Node 02: Network 3
145,2025-07-17,23,06,10,958336,0.457796,03,1250,0,0,Node 03: Network 3
146,2025-07-17,23,06,12,041943,1.083607,01,250,0,0,Node 01: Network 3
147,2025-07-17,23,06,12,502343,0.4604,02,750,0,0,Node 02: Network 3
148,2025-07-17,23,06,13,088412,0.586069,03,1250,0,0,Node 03: Network 3
149,2025-07-17,23,06,14,043143,0.954731,01,250,0,0,Node 01: Network 3
150,2025-07-17,23,06,14,504875,0.461732,02,750,0,0,Node 02: Network 3
151,2025-07-17,23,06,15,089434,0.584559,03,1250,0,0,Node 03: Network 3
152,2025-07-17,23,06,16,043754,0.95432,01,250,0,0,Node 01: Network 3
153,2025-07-17,23,06,16,506235,0.462481,02,750,0,0,Node 02: Network 3
154,2025-07-17,23,06,17,092108,0.585873,03,1250,0,0,Node 03: Network 3
155,2025-07-17,23,06,18,044822,0.952714,01,250,0,0,Node 01: Network 3
156,2025-07-17,23,06,18,508708,0.463886,02,750,0,0,Node 02: Network 3
157,2025-07-17,23,06,19,094129,0.585421,03,1250,0,0,Node 03: Network 3
158,2025-07-17,23,06,20,045767,0.951638,01,250,0,0,Node 01: Network 3
159,2025-07-17,23,06,20,510722,0.464955,02,751,0,0,Node 02: Network 3
160,2025-07-17,23,06,21,096420,0.585698,03,1250,0,0,Node 03: Network 3
161,2025-07-17,23,06,22,140202,1.043782,01,250,0,0,Node 01: Network 3
162,2025-07-17,23,06,22,511928,0.371726,02,750,0,0,Node 02: Network 3
163,2025-07-17,23,06,23,098973,0.587045,03,1250,0,0,Node 03: Network 3
164,2025-07-17,23,06,24,140437,1.041464,01,250,0,0,Node 01: Network 3
165,2025-07-17,23,06,24,643217,0.50278,02,750,0,0,Node 02: Network 3
166,2025-07-17,23,06,25,100153,0.456936,03,1250,0,0,Node 03: Network 3
167,2025-07-17,23,06,26,141567,1.041414,01,250,0,0,Node 01: Network 3
168,2025-07-17,23,06,26,644540,0.502973,02,750,0,0,Node 02: Network 3
169,2025-07-17,23,06,27,101989,0.457449,03,1250,0,0,Node 03: Network 3
170,2025-07-17,23,06,28,189980,1.087991,01,250,0,0,Node 01: Network 3
171,2025-07-17,23,06,28,646360,0.45638,02,750,0,0,Node 02: Network 3
172,2025-07-17,23,06,29,104072,0.457712,03,1250,0,0,Node 03: Network 3
173,2025-07-17,23,06,30,189705,1.085633,01,250,0,0,Node 01: Network 3
174,2025-07-17,23,06,30,648185,0.45848,02,750,0,0,Node 02: Network 3
175,2025-07-17,23,06,31,106212,0.458027,03,1250,0,0,Node 03: Network 3
176,2025-07-17,23,06,32,190421,1.084209,01,250,0,0,Node 01: Network 3
177,2025-07-17,23,06,32,650249,0.459828,02,750,0,0,Node 02: Network 3
178,2025-07-17,23,06,33,110302,0.460053,03,1250,0,0,Node 03: Network 3
179,2025-07-17,23,06,34,191063,1.080761,01,250,0,0,Node 01: Network 3
180,2025-07-17,23,06,34,651796,0.460733,02,750,0,0,Node 02: Network 3
181,2025-07-17,23,06,35,236948,0.585152,03,1250,0,0,Node 03: Network 3
182,2025-07-17,23,06,35,705574,0.468626,BB,0,1,0,
183,2025-07-17,23,06,37,709678,2.004104,BB,0,1,0,
184,2025-07-17,23,06,37,748164,0.038486,02,1877,0,1,
185,2025-07-17,23,06,37,796768,0.048604,01,1840,0,1,
186,2025-07-17,23,06,37,815863,0.019095,03,1795,0,1,
187,2025-07-17,23,06,38,025035,0.209172,01,250,0,0,Node 01: Network 3
188,2025-07-17,23,06,38,569341,0.544306,02,750,0,0,Node 02: Network 3
189,2025-07-17,23,06,39,072383,0.503042,03,1250,0,0,Node 03: Network 3
190,2025-07-17,23,06,40,025534,0.953151,01,250,0,0,Node 01: Network 3
191,2025-07-17,23,06,40,571825,0.546291,02,750,0,0,Node 02: Network 3
192,2025-07-17,23,06,41,075191,0.503366,03,1250,0,0,Node 03: Network 3
193,2025-07-17,23,06,42,027068,0.951877,01,250,0,0,Node 01: Network 3
194,2025-07-17,23,06,42,620231,0.593163,02,750,0,0,Node 02: Network 3
195,2025-07-17,23,06,43,076232,0.456001,03,1250,0,0,Node 03: Network 3
196,2025-07-17,23,06,44,163507,1.087275,01,250,0,0,Node 01: Network 3
197,2025-07-17,23,06,44,621607,0.4581,02,750,0,0,Node 02: Network 3
198,2025-07-17,23,06,45,209604,0.587997,03,1250,0,0,Node 03: Network 3
199,2025-07-17,23,06,46,164898,0.955294,01,250,0,0,Node 01: Network 3
200,2025-07-17,23,06,46,385698,0.2208,BB,0,1,0,01:821:0:1
201,2025-07-17,23,06,46,446964,0.061266,03,700,0,1,
202,2025-07-17,23,06,46,483149,0.036185,02,393,0,1,
203,2025-07-17,23,06,46,581990,0.098841,01,250,0,0,Node 01: Network 3
204,2025-07-17,23,06,46,617938,0.035948,02,750,0,0,Node 02: Network 3
205,2025-07-17,23,06,46,739627,0.121689,03,1250,0,0,Node 03: Network 3
206,2025-07-17,23,06,46,800328,0.060701,01,280,0,0,Node 01: Network 3
207,2025-07-17,23,06,46,833704,0.033376,01,250,0,0,Node 01: Network 3
208,2025-07-17,23,06,46,912921,0.079217,02,750,0,0,Node 02: Network 3
209,2025-07-17,23,06,46,947655,0.034734,03,1250,0,0,Node 03: Network 3
210,2025-07-17,23,06,47,018205,0.07055,01,250,0,0,Node 01: Network 3
211,2025-07-17,23,06,47,058831,0.040626,02,750,0,0,Node 02: Network 3
212,2025-07-17,23,06,47,146694,0.087863,02,756,0,0,Node 02: Network 3
213,2025-07-17,23,06,47,225067,0.078373,03,1250,0,0,Node 03: Network 3
214,2025-07-17,23,06,47,274416,0.049349,01,250,0,0,Node 01: Network 3
215,2025-07-17,23,06,47,313355,0.038939,02,750,0,0,Node 02: Network 3
216,2025-07-17,23,06,47,629509,0.316154,03,1250,0,0,Node 03: Network 3
217,2025-07-17,23,06,47,729987,0.100478,BB,0,1,0,
218,2025-07-17,23,06,47,832011,0.102024,01,250,0,0,Node 01: Network 3
219,2025-07-17,23,06,48,374721,0.54271,02,750,0,0,Node 02: Network 3
220,2025-07-17,23,06,48,877727,0.503006,03,1250,0,0,Node 03: Network 3
221,2025-07-17,23,06,49,919200,1.041473,01,250,0,0,Node 01: Network 3
222,2025-07-17,23,06,50,378168,0.458968,02,750,0,0,Node 02: Network 3
223,2025-07-17,23,06,50,881558,0.50339,03,1250,0,0,Node 03: Network 3
224,2025-07-17,23,06,51,920076,1.038518,01,250,0,0,Node 01: Network 3
225,2025-07-17,23,06,52,424420,0.504344,02,750,0,0,Node 02: Network 3
226,2025-07-17,23,06,52,882028,0.457608,03,1250,0,0,Node 03: Network 3
227,2025-07-17,23,06,53,969267,1.087239,01,250,0,0,Node 01: Network 3
228,2025-07-17,23,06,54,427072,0.457805,02,750,0,0,Node 02: Network 3
229,2025-07-17,23,06,54,884784,0.457712,03,1250,0,0,Node 03: Network 3
230,2025-07-17,23,06,55,969419,1.084635,01,250,0,0,Node 01: Network 3
231,2025-07-17,23,06,56,430250,0.460831,02,751,0,0,Node 02: Network 3
232,2025-07-17,23,06,56,887081,0.456831,03,1250,0,0,Node 03: Network 3
233,2025-07-17,23,06,57,970486,1.083405,01,250,0,0,Node 01: Network 3
234,2025-07-17,23,06,58,431881,0.461395,02,750,0,0,Node 02: Network 3
235,2025-07-17,23,06,58,888698,0.456817,03,1250,0,0,Node 03: Network 3
236,2025-07-17,23,06,59,970248,1.08155,01,250,0,0,Node 01: Network 3
237,2025-07-17,23,07,00,433195,0.462947,02,750,0,0,Node 02: Network 3
238,2025-07-17,23,07,00,890500,0.457305,03,1250,0,0,Node 03: Network 3
239,2025-07-17,23,07,01,971375,1.080875,01,250,0,0,Node 01: Network 3
240,2025-07-17,23,07,02,435850,0.464475,02,750,0,0,Node 02: Network 3
241,2025-07-17,23,07,02,892888,0.457038,03,1250,0,0,Node 03: Network 3
242,2025-07-17,23,07,03,973221,1.080333,01,250,0,0,Node 01: Network 3
243,2025-07-17,23,07,04,438049,0.464828,02,750,0,0,Node 02: Network 3
244,2025-07-17,23,07,05,020571,0.582522,03,1251,0,0,Node 03: Network 3
245,2025-07-17,23,07,05,973869,0.953298,01,250,0,0,Node 01: Network 3
246,2025-07-17,23,07,06,439469,0.4656,02,750,0,0,Node 02: Network 3
247,2025-07-17,23,07,07,021974,0.582505,03,1250,0,0,Node 03: Network 3
248,2025-07-17,23,07,07,982601,0.960627,01,250,0,0,Node 01: Network 3
249,2025-07-17,23,07,08,440635,0.458034,02,750,0,0,Node 02: Network 3
250,2025-07-17,23,07,09,029876,0.589241,03,1250,0,0,Node 03: Network 3
251,2025-07-17,23,07,09,983860,0.953984,01,250,0,0,Node 01: Network 3
252,2025-07-17,23,07,10,574659,0.590799,02,750,0,0,Node 02: Network 3
253,2025-07-17,23,07,11,032824,0.458165,03,1250,0,0,Node 03: Network 3
254,2025-07-17,23,07,11,984510,0.951686,01,250,0,0,Node 01: Network 3
255,2025-07-17,23,07,12,576167,0.591657,02,750,0,0,Node 02: Network 3
256,2025-07-17,23,07,13,031287,0.45512,03,1250,0,0,Node 03: Network 3
257,2025-07-17,23,07,13,985008,0.953721,01,250,0,0,Node 01: Network 3
258,2025-07-17,23,07,14,578642,0.593634,02,750,0,0,Node 02: Network 3
259,2025-07-17,23,07,15,034150,0.455508,03,1250,0,0,Node 03: Network 3
260,2025-07-17,23,07,16,123777,1.089627,01,250,0,0,Node 01: Network 3
261,2025-07-17,23,07,16,578684,0.454907,02,750,0,0,Node 02: Network 3
262,2025-07-17,23,07,17,036809,0.458125,03,1250,0,0,Node 03: Network 3
263,2025-07-17,23,07,18,123854,1.087045,01,250,0,0,Node 01: Network 3
264,2025-07-17,23,07,18,580616,0.456762,02,750,0,0,Node 02: Network 3
265,2025-07-17,23,07,19,037388,0.456772,03,1250,0,0,Node 03: Network 3
266,2025-07-17,23,07,20,124454,1.087066,01,250,0,0,Node 01: Network 3
267,2025-07-17,23,07,20,581499,0.457045,02,750,0,0,Node 02: Network 3
268,2025-07-17,23,07,21,040300,0.458801,03,1250,0,0,Node 03: Network 3
269,2025-07-17,23,07,22,125945,1.085645,01,250,0,0,Node 01: Network 3
270,2025-07-17,23,07,22,584424,0.458479,02,750,0,0,Node 02: Network 3
271,2025-07-17,23,07,23,043014,0.45859,03,1250,0,0,Node 03: Network 3
272,2025-07-17,23,07,24,087082,1.044068,01,250,0,0,Node 01: Network 3
273,2025-07-17,23,07,24,585533,0.498451,02,750,0,0,Node 02: Network 3
274,2025-07-17,23,07,25,045711,0.460178,03,1250,0,0,Node 03: Network 3
275,2025-07-17,23,07,26,086806,1.041095,01,250,0,0,Node 01: Network 3
276,2025-07-17,23,07,26,588937,0.502131,02,750,0,0,Node 02: Network 3
277,2025-07-17,23,07,27,047349,0.458412,03,1250,0,0,Node 03: Network 3
278,2025-07-17,23,07,28,133578,1.086229,01,250,0,0,Node 01: Network 3
279,2025-07-17,23,07,28,590353,0.456775,02,750,0,0,Node 02: Network 3
280,2025-07-17,23,07,29,049511,0.459158,03,1250,0,0,Node 03: Network 3
281,2025-07-17,23,07,30,135089,1.085578,01,250,0,0,Node 01: Network 3
282,2025-07-17,23,07,30,592406,0.457317,02,750,0,0,Node 02: Network 3
283,2025-07-17,23,07,31,050900,0.458494,03,1250,0,0,Node 03: Network 3
284,2025-07-17,23,07,32,137287,1.086387,01,250,0,0,Node 01: Network 3
285,2025-07-17,23,07,32,681524,0.544237,02,750,0,0,Node 02: Network 3
286,2025-07-17,23,07,33,052734,0.37121,03,1250,0,0,Node 03: Network 3
287,2025-07-17,23,07,34,137813,1.085079,01,250,0,0,Node 01: Network 3
288,2025-07-17,23,07,34,683602,0.545789,02,750,0,0,Node 02: Network 3
289,2025-07-17,23,07,35,055552,0.37195,03,1250,0,0,Node 03: Network 3
290,2025-07-17,23,07,36,138249,1.082697,01,250,0,0,Node 01: Network 3
291,2025-07-17,23,07,36,685976,0.547727,02,750,0,0,Node 02: Network 3
292,2025-07-17,23,07,37,057225,0.371249,03,1250,0,0,Node 03: Network 3
293,2025-07-17,23,07,38,138912,1.081687,01,250,0,0,Node 01: Network 3
294,2025-07-17,23,07,38,687436,0.548524,02,750,0,0,Node 02: Network 3
295,2025-07-17,23,07,39,186305,0.498869,03,1250,0,0,Node 03: Network 3
296,2025-07-17,23,07,40,139764,0.953459,01,250,0,0,Node 01: Network 3
297,2025-07-17,23,07,40,689638,0.549874,02,750,0,0,Node 02: Network 3
298,2025-07-17,23,07,41,186417,0.496779,03,1250,0,0,Node 03: Network 3
299,2025-07-17,23,07,42,139757,0.95334,01,250,0,0,Node 01: Network 3
300,2025-07-17,23,07,42,730307,0.59055,02,750,0,0,Node 02: Network 3
301,2025-07-17,23,07,43,189267,0.45896,03,1250,0,0,Node 03: Network 3
302,2025-07-17,23,07,44,139301,0.950034,01,250,0,0,Node 01: Network 3
303,2025-07-17,23,07,44,732457,0.593156,02,750,0,0,Node 02: Network 3
304,2025-07-17,23,07,45,186689,0.454232,03,1250,0,0,Node 03: Network 3
305,2025-07-17,23,07,46,141617,0.954928,01,250,0,0,Node 01: Network 3
306,2025-07-17,23,07,46,735229,0.593612,02,750,0,0,Node 02: Network 3
307,2025-07-17,23,07,47,188059,0.45283,03,1250,0,0,Node 03: Network 3
308,2025-07-17,23,07,48,142494,0.954435,01,250,0,0,Node 01: Network 3
309,2025-07-17,23,07,48,736702,0.594208,02,750,0,0,Node 02: Network 3
310,2025-07-17,23,07,49,191303,0.454601,03,1250,0,0,Node 03: Network 3
311,2025-07-17,23,07,50,143030,0.951727,01,250,0,0,Node 01: Network 3
312,2025-07-17,23,07,50,739133,0.596103,02,750,0,0,Node 02: Network 3
313,2025-07-17,23,07,51,192606,0.453473,03,1250,0,0,Node 03: Network 3
314,2025-07-17,23,07,52,143478,0.950872,01,250,0,0,Node 01: Network 3
315,2025-07-17,23,07,52,740707,0.597229,02,750,0,0,Node 02: Network 3
316,2025-07-17,23,07,53,195387,0.45468,03,1250,0,0,Node 03: Network 3
317,2025-07-17,23,07,54,144037,0.94865,01,250,0,0,Node 01: Network 3
318,2025-07-17,23,07,54,742866,0.598829,02,750,0,0,Node 02: Network 3
319,2025-07-17,23,07,55,198096,0.45523,03,1250,0,0,Node 03: Network 3
320,2025-07-17,23,07,56,144652,0.946556,01,250,0,0,Node 01: Network 3
321,2025-07-17,23,07,56,743858,0.599206,02,750,0,0,Node 02: Network 3
322,2025-07-17,23,07,57,200266,0.456408,03,1250,0,0,Node 03: Network 3
323,2025-07-17,23,07,58,288870,1.088604,01,250,0,0,Node 01: Network 3
324,2025-07-17,23,07,58,780575,0.491705,02,750,0,0,Node 02: Network 3
325,2025-07-17,23,07,59,201127,0.420552,03,1250,0,0,Node 03: Network 3
326,2025-07-17,23,08,00,289113,1.087986,01,250,0,0,Node 01: Network 3
327,2025-07-17,23,08,00,749344,0.460231,02,750,0,0,Node 02: Network 3
328,2025-07-17,23,08,01,204041,0.454697,03,1250,0,0,Node 03: Network 3
329,2025-07-17,23,08,02,289995,1.085954,01,250,0,0,Node 01: Network 3
330,2025-07-17,23,08,02,750945,0.46095,02,750,0,0,Node 02: Network 3
331,2025-07-17,23,08,03,205706,0.454761,03,1250,0,0,Node 03: Network 3
332,2025-07-17,23,08,04,290146,1.08444,01,250,0,0,Node 01: Network 3
333,2025-07-17,23,08,04,752961,0.462815,02,750,0,0,Node 02: Network 3
334,2025-07-17,23,08,05,208942,0.455981,03,1250,0,0,Node 03: Network 3
335,2025-07-17,23,08,06,290894,1.081952,01,250,0,0,Node 01: Network 3
336,2025-07-17,23,08,06,754674,0.46378,02,750,0,0,Node 02: Network 3
337,2025-07-17,23,08,07,209932,0.455258,03,1250,0,0,Node 03: Network 3
338,2025-07-17,23,08,08,297106,1.087174,01,250,0,0,Node 01: Network 3
339,2025-07-17,23,08,08,756758,0.459652,02,750,0,0,Node 02: Network 3
340,2025-07-17,23,08,09,344873,0.588115,03,1251,0,0,Node 03: Network 3
341,2025-07-17,23,08,10,299291,0.954418,01,250,0,0,Node 01: Network 3
342,2025-07-17,23,08,10,758382,0.459091,02,750,0,0,Node 02: Network 3
343,2025-07-17,23,08,11,346671,0.588289,03,1250,0,0,Node 03: Network 3
344,2025-07-17,23,08,12,299443,0.952772,01,250,0,0,Node 01: Network 3
345,2025-07-17,23,08,12,760108,0.460665,02,750,0,0,Node 02: Network 3
346,2025-07-17,23,08,13,349371,0.589263,03,1250,0,0,Node 03: Network 3
347,2025-07-17,23,08,14,306908,0.957537,01,250,0,0,Node 01: Network 3
348,2025-07-17,23,08,14,830403,0.523495,02,750,0,0,Node 02: Network 3
349,2025-07-17,23,08,15,351143,0.52074,03,1250,0,0,Node 03: Network 3
350,2025-07-17,23,08,16,300571,0.949428,01,250,0,0,Node 01: Network 3
351,2025-07-17,23,08,16,830693,0.530122,02,750,0,0,Node 02: Network 3
352,2025-07-17,23,08,17,353274,0.522581,03,1250,0,0,Node 03: Network 3
353,2025-07-17,23,08,18,302174,0.9489,01,250,0,0,Node 01: Network 3
354,2025-07-17,23,08,18,833436,0.531262,02,750,0,0,Node 02: Network 3
355,2025-07-17,23,08,19,355257,0.521821,03,1250,0,0,Node 03: Network 3
356,2025-07-17,23,08,20,302290,0.947033,01,250,0,0,Node 01: Network 3
357,2025-07-17,23,08,20,835271,0.532981,02,750,0,0,Node 02: Network 3
358,2025-07-17,23,08,21,357257,0.521986,03,1250,0,0,Node 03: Network 3
359,2025-07-17,23,08,22,303712,0.946455,01,250,0,0,Node 01: Network 3
360,2025-07-17,23,08,22,901462,0.59775,02,750,0,0,Node 02: Network 3
361,2025-07-17,23,08,23,359462,0.458,03,1250,0,0,Node 03: Network 3
362,2025-07-17,23,08,24,446544,1.087082,01,250,0,0,Node 01: Network 3
363,2025-07-17,23,08,24,903440,0.456896,02,750,0,0,Node 02: Network 3
364,2025-07-17,23,08,25,362292,0.458852,03,1251,0,0,Node 03: Network 3
365,2025-07-17,23,08,25,944714,0.582422,BB,0,1,0,
366,2025-07-17,23,08,26,016830,0.072116,03,951,0,1,
367,2025-07-17,23,08,27,263649,1.246819,03,1250,0,0,Node 03: Network 3
368,2025-07-17,23,08,29,953642,2.689993,BB,0,1,0,
369,2025-07-17,23,08,30,008311,0.054669,02,666,0,1,
370,2025-07-17,23,08,30,020514,0.012203,03,955,0,1,
371,2025-07-17,23,08,30,034633,0.014119,01,1243,0,1,
372,2025-07-17,23,08,30,269346,0.234713,01,250,0,0,Node 01: Network 3
373,2025-07-17,23,08,30,771394,0.502048,02,750,0,0,Node 02: Network 3
374,2025-07-17,23,08,31,272714,0.50132,03,1250,0,0,Node 03: Network 3
375,2025-07-17,23,08,32,317704,1.04499,01,250,0,0,Node 01: Network 3
376,2025-07-17,23,08,32,771256,0.453552,02,750,0,0,Node 02: Network 3
377,2025-07-17,23,08,33,275838,0.504582,03,1250,0,0,Node 03: Network 3
378,2025-07-17,23,08,34,316546,1.040708,01,250,0,0,Node 01: Network 3
379,2025-07-17,23,08,34,774388,0.457842,02,750,0,0,Node 02: Network 3
380,2025-07-17,23,08,35,276363,0.501975,03,1250,0,0,Node 03: Network 3
381,2025-07-17,23,08,36,316176,1.039813,01,250,0,0,Node 01: Network 3
382,2025-07-17,23,08,36,776639,0.460463,02,750,0,0,Node 02: Network 3
383,2025-07-17,23,08,37,279298,0.502659,03,1250,0,0,Node 03: Network 3
384,2025-07-17,23,08,38,317550,1.038252,01,250,0,0,Node 01: Network 3
385,2025-07-17,23,08,38,778566,0.461016,02,750,0,0,Node 02: Network 3
386,2025-07-17,23,08,39,282387,0.503821,03,1250,0,0,Node 03: Network 3
387,2025-07-17,23,08,40,324387,1.042,01,250,0,0,Node 01: Network 3
388,2025-07-17,23,08,40,780083,0.455696,02,750,0,0,Node 02: Network 3
389,2025-07-17,23,08,41,284758,0.504675,03,1250,0,0,Node 03: Network 3
390,2025-07-17,23,08,42,325283,1.040525,01,250,0,0,Node 01: Network 3
391,2025-07-17,23,08,42,829415,0.504132,02,750,0,0,Node 02: Network 3
392,2025-07-17,23,08,43,286577,0.457162,03,1250,0,0,Node 03: Network 3
393,2025-07-17,23,08,44,325721,1.039144,01,250,0,0,Node 01: Network 3
394,2025-07-17,23,08,44,869176,0.543455,02,750,0,0,Node 02: Network 3
395,2025-07-17,23,08,45,288327,0.419151,03,1250,0,0,Node 03: Network 3
396,2025-07-17,23,08,46,413520,1.125193,01,250,0,0,Node 01: Network 3
397,2025-07-17,23,08,46,873359,0.459839,02,750,0,0,Node 02: Network 3
398,2025-07-17,23,08,47,290113,0.416754,03,1250,0,0,Node 03: Network 3
399,2025-07-17,23,08,48,414663,1.12455,01,250,0,0,Node 01: Network 3
400,2025-07-17,23,08,48,874340,0.459677,02,750,0,0,Node 02: Network 3
401,2025-07-17,23,08,49,292870,0.41853,03,1250,0,0,Node 03: Network 3
402,2025-07-17,23,08,50,415446,1.122576,01,250,0,0,Node 01: Network 3
403,2025-07-17,23,08,50,876654,0.461208,02,750,0,0,Node 02: Network 3
404,2025-07-17,23,08,51,294460,0.417806,03,1250,0,0,Node 03: Network 3
405,2025-07-17,23,08,52,007624,0.713164,BB,0,1,0,
406,2025-07-17,23,08,52,090759,0.083135,03,1250,0,0,Node 03: Network 3
407,2025-07-17,23,08,52,182437,0.091678,01,250,0,0,Node 01: Network 3
408,2025-07-17,23,08,52,233139,0.050702,02,756,0,0,Node 02: Network 3
409,2025-07-17,23,08,52,275294,0.042155,03,1250,0,0,Node 03: Network 3
410,2025-07-17,23,08,52,335520,0.060226,01,250,0,0,Node 01: Network 3
411,2025-07-17,23,08,52,427877,0.092357,02,750,0,0,Node 02: Network 3
412,2025-07-17,23,08,52,462103,0.034226,03,1250,0,0,Node 03: Network 3
413,2025-07-17,23,08,52,555176,0.093073,01,250,0,0,Node 01: Network 3
414,2025-07-17,23,08,52,591903,0.036727,02,750,0,0,Node 02: Network 3
415,2025-07-17,23,08,52,647772,0.055869,03,1250,0,0,Node 03: Network 3
416,2025-07-17,23,08,52,699173,0.051401,01,250,0,0,Node 01: Network 3
417,2025-07-17,23,08,53,132342,0.433169,01,250,0,0,Node 01: Network 3
418,2025-07-17,23,08,53,227759,0.095417,03,1250,0,0,Node 03: Network 3
419,2025-07-17,23,08,53,634285,0.406526,02,750,0,0,Node 02: Network 3
420,2025-07-17,23,08,54,006001,0.371716,BB,0,1,0,
421,2025-07-17,23,08,54,062502,0.056501,02,694,0,1,
422,2025-07-17,23,08,56,009287,1.946785,BB,0,1,0,
423,2025-07-17,23,08,56,052766,0.043479,01,1198,0,1,
424,2025-07-17,23,08,56,076082,0.023316,02,695,0,1,
425,2025-07-17,23,08,56,107394,0.031312,03,104,0,1,
426,2025-07-17,23,08,56,324434,0.21704,01,250,0,0,Node 01: Network 3
427,2025-07-17,23,08,56,836986,0.512552,02,750,0,0,Node 02: Network 3
428,2025-07-17,23,08,57,329567,0.492581,03,1250,0,0,Node 03: Network 3
429,2025-07-17,23,08,58,346194,1.016627,01,250,0,0,Node 01: Network 3
430,2025-07-17,23,08,58,827572,0.481378,02,750,0,0,Node 02: Network 3
431,2025-07-17,23,08,59,331181,0.503609,03,1250,0,0,Node 03: Network 3
432,2025-07-17,23,09,00,371036,1.039855,01,250,0,0,Node 01: Network 3
433,2025-07-17,23,09,00,830008,0.458972,02,750,0,0,Node 02: Network 3
434,2025-07-17,23,09,01,332544,0.502536,03,1250,0,0,Node 03: Network 3
435,2025-07-17,23,09,02,371413,1.038869,01,250,0,0,Node 01: Network 3
436,2025-07-17,23,09,02,831555,0.460142,02,750,0,0,Node 02: Network 3
437,2025-07-17,23,09,03,335138,0.503583,03,1250,0,0,Node 03: Network 3
438,2025-07-17,23,09,04,372757,1.037619,01,250,0,0,Node 01: Network 3
439,2025-07-17,23,09,04,833819,0.461062,02,750,0,0,Node 02: Network 3
440,2025-07-17,23,09,05,379946,0.546127,03,1250,0,0,Node 03: Network 3
441,2025-07-17,23,09,06,373590,0.993644,01,250,0,0,Node 01: Network 3
442,2025-07-17,23,09,06,835210,0.46162,02,750,0,0,Node 02: Network 3
443,2025-07-17,23,09,07,382950,0.54774,03,1250,0,0,Node 03: Network 3
444,2025-07-17,23,09,08,373588,0.990638,01,250,0,0,Node 01: Network 3
445,2025-07-17,23,09,08,837097,0.463509,02,750,0,0,Node 02: Network 3
446,2025-07-17,23,09,09,383886,0.546789,03,1250,0,0,Node 03: Network 3
447,2025-07-17,23,09,10,374565,0.990679,01,250,0,0,Node 01: Network 3
448,2025-07-17,23,09,10,838631,0.464066,02,750,0,0,Node 02: Network 3
449,2025-07-17,23,09,11,386631,0.548,03,1250,0,0,Node 03: Network 3
450,2025-07-17,23,09,12,374986,0.988355,01,250,0,0,Node 01: Network 3
451,2025-07-17,23,09,12,842169,0.467183,02,750,0,0,Node 02: Network 3
452,2025-07-17,23,09,13,389023,0.546854,03,1250,0,0,Node 03: Network 3
453,2025-07-17,23,09,14,375328,0.986305,01,250,0,0,Node 01: Network 3
454,2025-07-17,23,09,14,919079,0.543751,02,750,0,0,Node 02: Network 3
455,2025-07-17,23,09,15,390312,0.471233,03,1250,0,0,Node 03: Network 3
456,2025-07-17,23,09,16,377117,0.986805,01,250,0,0,Node 01: Network 3
457,2025-07-17,23,09,16,921315,0.544198,02,750,0,0,Node 02: Network 3
458,2025-07-17,23,09,17,392211,0.470896,03,1250,0,0,Node 03: Network 3
459,2025-07-17,23,09,18,464860,1.072649,01,250,0,0,Node 01: Network 3
460,2025-07-17,23,09,18,923257,0.458397,02,750,0,0,Node 02: Network 3
461,2025-07-17,23,09,19,394268,0.471011,03,1250,0,0,Node 03: Network 3
462,2025-07-17,23,09,20,466392,1.072124,01,250,0,0,Node 01: Network 3
463,2025-07-17,23,09,20,924007,0.457615,02,750,0,0,Node 02: Network 3
464,2025-07-17,23,09,21,396608,0.472601,03,1250,0,0,Node 03: Network 3
465,2025-07-17,23,09,22,467124,1.070516,01,250,0,0,Node 01: Network 3
466,2025-07-17,23,09,22,926935,0.459811,02,750,0,0,Node 02: Network 3
467,2025-07-17,23,09,23,514671,0.587736,03,1250,0,0,Node 03: Network 3
468,2025-07-17,23,09,24,467357,0.952686,01,250,0,0,Node 01: Network 3
469,2025-07-17,23,09,24,929574,0.462217,02,751,0,0,Node 02: Network 3
470,2025-07-17,23,09,25,515899,0.586325,03,1250,0,0,Node 03: Network 3
471,2025-07-17,23,09,26,467966,0.952067,01,250,0,0,Node 01: Network 3
472,2025-07-17,23,09,27,060116,0.59215,02,750,0,0,Node 02: Network 3
473,2025-07-17,23,09,27,518644,0.458528,03,1250,0,0,Node 03: Network 3
474,2025-07-17,23,09,28,468337,0.949693,01,250,0,0,Node 01: Network 3
475,2025-07-17,23,09,29,061483,0.593146,02,750,0,0,Node 02: Network 3
476,2025-07-17,23,09,29,520488,0.459005,03,1250,0,0,Node 03: Network 3
477,2025-07-17,23,09,30,468772,0.948284,01,250,0,0,Node 01: Network 3
478,2025-07-17,23,09,31,063043,0.594271,02,750,0,0,Node 02: Network 3
479,2025-07-17,23,09,31,523902,0.460859,03,1251,0,0,Node 03: Network 3
480,2025-07-17,23,09,32,470084,0.946182,01,250,0,0,Node 01: Network 3
481,2025-07-17,23,09,33,064683,0.594599,02,750,0,0,Node 02: Network 3
482,2025-07-17,23,09,33,516867,0.452184,03,1250,0,0,Node 03: Network 3
483,2025-07-17,23,09,34,470637,0.95377,01,250,0,0,Node 01: Network 3
484,2025-07-17,23,09,35,067045,0.596408,02,750,0,0,Node 02: Network 3
485,2025-07-17,23,09,35,519850,0.452805,03,1250,0,0,Node 03: Network 3
486,2025-07-17,23,09,36,471648,0.951798,01,250,0,0,Node 01: Network 3
487,2025-07-17,23,09,37,069717,0.598069,02,750,0,0,Node 02: Network 3
488,2025-07-17,23,09,37,517523,0.447806,03,1250,0,0,Node 03: Network 3
489,2025-07-17,23,09,38,471834,0.954311,01,250,0,0,Node 01: Network 3
490,2025-07-17,23,09,39,071385,0.599551,02,750,0,0,Node 02: Network 3
491,2025-07-17,23,09,39,520103,0.448718,03,1250,0,0,Node 03: Network 3
492,2025-07-17,23,09,40,616309,1.096206,01,251,0,0,Node 01: Network 3
493,2025-07-17,23,09,41,074466,0.458157,02,751,0,0,Node 02: Network 3
494,2025-07-17,23,09,41,522200,0.447734,03,1250,0,0,Node 03: Network 3
495,2025-07-17,23,09,42,109682,0.587482,BB,0,1,0,
496,2025-07-17,23,09,44,114865,2.005183,BB,0,1,0,
497,2025-07-17,23,09,44,173631,0.058766,03,1914,0,1,
498,2025-07-17,23,09,44,187146,0.013515,02,1860,0,1,
499,2025-07-17,23,09,44,200857,0.013711,01,1821,0,1,
500,2025-07-17,23,09,44,929368,0.728511,02,750,0,0,Node 02: Network 3
501,2025-07-17,23,09,45,434195,0.504827,03,1250,0,0,Node 03: Network 3
502,2025-07-17,23,09,46,474353,1.040158,01,250,0,0,Node 01: Network 3
503,2025-07-17,23,09,47,018471,0.544118,02,750,0,0,Node 02: Network 3
504,2025-07-17,23,09,47,436490,0.418019,03,1250,0,0,Node 03: Network 3
505,2025-07-17,23,09,48,562444,1.125954,01,250,0,0,Node 01: Network 3
506,2025-07-17,23,09,49,020575,0.458131,02,750,0,0,Node 02: Network 3
507,2025-07-17,23,09,49,438384,0.417809,03,1250,0,0,Node 03: Network 3
508,2025-07-17,23,09,50,563453,1.125069,01,250,0,0,Node 01: Network 3
509,2025-07-17,23,09,50,982294,0.418841,02,751,0,0,Node 02: Network 3
510,2025-07-17,23,09,51,440014,0.45772,03,1250,0,0,Node 03: Network 3
511,2025-07-17,23,09,52,564308,1.124294,01,250,0,0,Node 01: Network 3
512,2025-07-17,23,09,52,985206,0.420898,02,750,0,0,Node 02: Network 3
513,2025-07-17,23,09,53,612036,0.62683,03,1250,0,0,Node 03: Network 3
514,2025-07-17,23,09,54,565135,0.953099,01,250,0,0,Node 01: Network 3
515,2025-07-17,23,09,54,987041,0.421906,02,750,0,0,Node 02: Network 3
516,2025-07-17,23,09,55,531877,0.544836,03,1250,0,0,Node 03: Network 3
517,2025-07-17,23,09,56,566128,1.034251,01,250,0,0,Node 01: Network 3
518,2025-07-17,23,09,56,989280,0.423152,02,750,0,0,Node 02: Network 3
519,2025-07-17,23,09,57,535634,0.546354,03,1251,0,0,Node 03: Network 3
520,2025-07-17,23,09,58,566704,1.03107,01,250,0,0,Node 01: Network 3
521,2025-07-17,23,09,58,990021,0.423317,02,750,0,0,Node 02: Network 3
522,2025-07-17,23,09,59,537329,0.547308,03,1250,0,0,Node 03: Network 3
523,2025-07-17,23,10,00,567734,1.030405,01,250,0,0,Node 01: Network 3
524,2025-07-17,23,10,01,111093,0.543359,02,750,0,0,Node 02: Network 3
525,2025-07-17,23,10,01,539432,0.428339,03,1250,0,0,Node 03: Network 3
526,2025-07-17,23,10,02,568118,1.028686,01,250,0,0,Node 01: Network 3
527,2025-07-17,23,10,03,113534,0.545416,02,750,0,0,Node 02: Network 3
528,2025-07-17,23,10,03,541800,0.428266,03,1250,0,0,Node 03: Network 3
529,2025-07-17,23,10,04,568861,1.027061,01,250,0,0,Node 01: Network 3
530,2025-07-17,23,10,05,115420,0.546559,02,750,0,0,Node 02: Network 3
531,2025-07-17,23,10,05,544370,0.42895,03,1250,0,0,Node 03: Network 3
532,2025-07-17,23,10,06,569382,1.025012,01,250,0,0,Node 01: Network 3
533,2025-07-17,23,10,07,558047,0.988665,03,1250,0,0,Node 03: Network 3
534,2025-07-17,23,10,08,571192,1.013145,01,250,0,0,Node 01: Network 3
535,2025-07-17,23,10,09,065516,0.494324,02,750,0,0,Node 02: Network 3
536,2025-07-17,23,10,09,547900,0.482384,03,1250,0,0,Node 03: Network 3
537,2025-07-17,23,10,10,571677,1.023777,01,250,0,0,Node 01: Network 3
538,2025-07-17,23,10,11,092502,0.520825,02,750,0,0,Node 02: Network 3
539,2025-07-17,23,10,11,550217,0.457715,03,1250,0,0,Node 03: Network 3
540,2025-07-17,23,10,12,572405,1.022188,01,250,0,0,Node 01: Network 3
541,2025-07-17,23,10,13,093764,0.521359,02,750,0,0,Node 02: Network 3
542,2025-07-17,23,10,13,552348,0.458584,03,1251,0,0,Node 03: Network 3
543,2025-07-17,23,10,14,572209,1.019861,01,250,0,0,Node 01: Network 3
544,2025-07-17,23,10,15,095310,0.523101,02,750,0,0,Node 02: Network 3
545,2025-07-17,23,10,15,554995,0.459685,03,1250,0,0,Node 03: Network 3
546,2025-07-17,23,10,16,573672,1.018677,01,250,0,0,Node 01: Network 3
547,2025-07-17,23,10,17,097590,0.523918,02,750,0,0,Node 02: Network 3
548,2025-07-17,23,10,17,557140,0.45955,03,1250,0,0,Node 03: Network 3
549,2025-07-17,23,10,18,600472,1.043332,01,250,0,0,Node 01: Network 3
550,2025-07-17,23,10,19,101179,0.500707,02,750,0,0,Node 02: Network 3
551,2025-07-17,23,10,19,558864,0.457685,03,1250,0,0,Node 03: Network 3
552,2025-07-17,23,10,20,600742,1.041878,01,250,0,0,Node 01: Network 3
553,2025-07-17,23,10,21,103171,0.502429,02,750,0,0,Node 02: Network 3
554,2025-07-17,23,10,21,560992,0.457821,03,1250,0,0,Node 03: Network 3
555,2025-07-17,23,10,22,647769,1.086777,01,250,0,0,Node 01: Network 3
556,2025-07-17,23,10,23,103924,0.456155,02,750,0,0,Node 02: Network 3
557,2025-07-17,23,10,23,563719,0.459795,03,1250,0,0,Node 03: Network 3
558,2025-07-17,23,10,24,648590,1.084871,01,250,0,0,Node 01: Network 3
559,2025-07-17,23,10,25,106433,0.457843,02,751,0,0,Node 02: Network 3
560,2025-07-17,23,10,25,564817,0.458384,03,1250,0,0,Node 03: Network 3
561,2025-07-17,23,10,26,648321,1.083504,01,250,0,0,Node 01: Network 3
562,2025-07-17,23,10,27,108884,0.460563,02,750,0,0,Node 02: Network 3
563,2025-07-17,23,10,27,566477,0.457593,03,1250,0,0,Node 03: Network 3
564,2025-07-17,23,10,28,649082,1.082605,01,250,0,0,Node 01: Network 3
565,2025-07-17,23,10,29,111984,0.462902,02,750,0,0,Node 02: Network 3
566,2025-07-17,23,10,29,569871,0.457887,03,1251,0,0,Node 03: Network 3
567,2025-07-17,23,10,30,649854,1.079983,01,250,0,0,Node 01: Network 3
568,2025-07-17,23,10,31,113224,0.46337,02,750,0,0,Node 02: Network 3
569,2025-07-17,23,10,31,571914,0.45869,03,1250,0,0,Node 03: Network 3
570,2025-07-17,23,10,32,650351,1.078437,01,250,0,0,Node 01: Network 3
571,2025-07-17,23,10,33,115740,0.465389,02,750,0,0,Node 02: Network 3
572,2025-07-17,23,10,33,574325,0.458585,03,1250,0,0,Node 03: Network 3
573,2025-07-17,23,10,34,650363,1.076038,01,250,0,0,Node 01: Network 3
574,2025-07-17,23,10,35,116785,0.466422,02,750,0,0,Node 02: Network 3
575,2025-07-17,23,10,35,586708,0.469923,03,1250,0,0,Node 03: Network 3
576,2025-07-17,23,10,36,652897,1.066189,01,250,0,0,Node 01: Network 3
577,2025-07-17,23,10,37,119458,0.466561,02,750,0,0,Node 02: Network 3
578,2025-07-17,23,10,37,577992,0.458534,03,1250,0,0,Node 03: Network 3
579,2025-07-17,23,10,38,653399,1.075407,01,250,0,0,Node 01: Network 3
580,2025-07-17,23,10,39,120862,0.467463,02,750,0,0,Node 02: Network 3
581,2025-07-17,23,10,39,580119,0.459257,03,1250,0,0,Node 03: Network 3
582,2025-07-17,23,10,40,654167,1.074048,01,250,0,0,Node 01: Network 3
583,2025-07-17,23,10,41,123406,0.469239,02,750,0,0,Node 02: Network 3
584,2025-07-17,23,10,41,700990,0.577584,03,1251,0,0,Node 03: Network 3
585,2025-07-17,23,10,42,654075,0.953085,01,250,0,0,Node 01: Network 3
586,2025-07-17,23,10,43,125753,0.471678,02,750,0,0,Node 02: Network 3
587,2025-07-17,23,10,43,701733,0.57598,03,1250,0,0,Node 03: Network 3
588,2025-07-17,23,10,44,655499,0.953766,01,250,0,0,Node 01: Network 3
589,2025-07-17,23,10,45,127629,0.47213,02,750,0,0,Node 02: Network 3
590,2025-07-17,23,10,45,703392,0.575763,03,1250,0,0,Node 03: Network 3
591,2025-07-17,23,10,46,656239,0.952847,01,250,0,0,Node 01: Network 3
592,2025-07-17,23,10,47,129875,0.473636,02,750,0,0,Node 02: Network 3
593,2025-07-17,23,10,47,704676,0.574801,03,1250,0,0,Node 03: Network 3
594,2025-07-17,23,10,48,655942,0.951266,01,250,0,0,Node 01: Network 3
595,2025-07-17,23,10,49,131985,0.476043,02,750,0,0,Node 02: Network 3
596,2025-07-17,23,10,49,707362,0.575377,03,1250,0,0,Node 03: Network 3
597,2025-07-17,23,10,50,675534,0.968172,01,250,0,0,Node 01: Network 3
598,2025-07-17,23,10,51,133734,0.4582,02,750,0,0,Node 02: Network 3
599,2025-07-17,23,10,51,708601,0.574867,03,1250,0,0,Node 03: Network 3
600,2025-07-17,23,10,52,751864,1.043263,01,250,0,0,Node 01: Network 3
601,2025-07-17,23,10,53,134626,0.382762,02,750,0,0,Node 02: Network 3
602,2025-07-17,23,10,53,711587,0.576961,03,1250,0,0,Node 03: Network 3
603,2025-07-17,23,10,54,753377,1.04179,01,250,0,0,Node 01: Network 3
604,2025-07-17,23,10,55,255227,0.50185,02,750,0,0,Node 02: Network 3
605,2025-07-17,23,10,55,712687,0.45746,03,1250,0,0,Node 03: Network 3
606,2025-07-17,23,10,56,753487,1.0408,01,250,0,0,Node 01: Network 3
607,2025-07-17,23,10,57,256775,0.503288,02,750,0,0,Node 02: Network 3
608,2025-07-17,23,10,57,800613,0.543838,03,1250,0,0,Node 03: Network 3
609,2025-07-17,23,10,58,276574,0.475961,BB,0,1,0,
610,2025-07-17,23,10,59,443364,1.16679,BB,0,1,0,02:694:0:1
611,2025-07-17,23,10,59,479448,0.036084,BB,0,1,0,01:1198:0:1
612,2025-07-17,23,10,59,498428,0.01898,02,922,0,1,
613,2025-07-17,23,10,59,529663,0.031235,02,695,0,1,104:0:1
614,2025-07-17,23,10,59,568853,0.03919,03,967,0,1,
615,2025-07-17,23,10,59,605409,0.036556,01,1012,0,1,
616,2025-07-17,23,10,59,688203,0.082794,02,750,0,0,Node 02: Network 3
617,2025-07-17,23,10,59,700711,0.012508,03,327,0,1,
618,2025-07-17,23,10,59,786773,0.086062,03,1250,0,0,Node 03: Network 3
619,2025-07-17,23,10,59,884282,0.097509,01,250,0,0,Node 01: Network 3
620,2025-07-17,23,10,59,973565,0.089283,02,780,0,0,Node 02: Network03:1250:0:0:Node 03: Network 3
621,2025-07-17,23,10,59,982610,0.009045, 3,,,,
622,2025-07-17,23,11,00,063382,0.080772,02,750,0,0,Node 02: Network 3
623,2025-07-17,23,11,00,219932,0.15655,01,250,0,0,Node 01: Network 3
624,2025-07-17,23,11,00,234494,0.014562,02,750,0,0,N
625,2025-07-17,23,11,00,278634,0.04414,03,1250,0,0,Node 03: Network 3
626,2025-07-17,23,11,00,416610,0.137976,02,750,0,0,Node 02: Network 3
627,2025-07-17,23,11,00,507471,0.090861,01,250,0,0,Node 01: Network 3
628,2025-07-17,23,11,00,541393,0.033922,03,1250,0,0,Node 03: Network 3
629,2025-07-17,23,11,00,792336,0.250943,03,1250,0,0,Node 03: Network 3
630,2025-07-17,23,11,01,231385,0.439049,01,250,0,0,Node 01: Network 3
631,2025-07-17,23,11,01,733302,0.501917,02,750,0,0,Node 02: Network 3
632,2025-07-17,23,11,02,284874,0.551572,BB,0,1,0,
633,2025-07-17,23,11,04,289664,2.00479,BB,0,1,0,
634,2025-07-17,23,11,04,347829,0.058165,02,1377,0,1,
635,2025-07-17,23,11,04,375098,0.027269,01,1380,0,1,
636,2025-07-17,23,11,04,406336,0.031238,03,819,0,1,
637,2025-07-17,23,11,04,605615,0.199279,01,250,0,0,Node 01: Network 3
638,2025-07-17,23,11,05,105423,0.499808,02,750,0,0,Node 02: Network 3
639,2025-07-17,23,11,05,608087,0.502664,03,1250,0,0,Node 03: Network 3
640,2025-07-17,23,11,06,606312,0.998225,01,250,0,0,Node 01: Network 3
641,2025-07-17,23,11,07,107079,0.500767,02,750,0,0,Node 02: Network 3
642,2025-07-17,23,11,07,610210,0.503131,03,1250,0,0,Node 03: Network 3
643,2025-07-17,23,11,08,606944,0.996734,01,250,0,0,Node 01: Network 3
644,2025-07-17,23,11,09,109694,0.50275,02,750,0,0,Node 02: Network 3
645,2025-07-17,23,11,09,613214,0.50352,03,1250,0,0,Node 03: Network 3
646,2025-07-17,23,11,10,607251,0.994037,01,250,0,0,Node 01: Network 3
647,2025-07-17,23,11,11,110580,0.503329,02,750,0,0,Node 02: Network 3
648,2025-07-17,23,11,11,613373,0.502793,03,1250,0,0,Node 03: Network 3
649,2025-07-17,23,11,12,608127,0.994754,01,250,0,0,Node 01: Network 3
650,2025-07-17,23,11,13,113548,0.505421,02,750,0,0,Node 02: Network 3
651,2025-07-17,23,11,13,616814,0.503266,03,1250,0,0,Node 03: Network 3
652,2025-07-17,23,11,14,607399,0.990585,01,250,0,0,Node 01: Network 3
653,2025-07-17,23,11,15,115785,0.508386,02,750,0,0,Node 02: Network 3
654,2025-07-17,23,11,15,618158,0.502373,03,1250,0,0,Node 03: Network 3
655,2025-07-17,23,11,16,607775,0.989617,01,250,0,0,Node 01: Network 3
656,2025-07-17,23,11,17,118580,0.510805,02,750,0,0,Node 02: Network 3
657,2025-07-17,23,11,17,621041,0.502461,03,1251,0,0,Node 03: Network 3
658,2025-07-17,23,11,18,610171,0.98913,01,250,0,0,Node 01: Network 3
659,2025-07-17,23,11,19,119463,0.509292,02,750,0,0,Node 02: Network 3
660,2025-07-17,23,11,19,659182,0.539719,03,1250,0,0,Node 03: Network 3
661,2025-07-17,23,11,20,610749,0.951567,01,250,0,0,Node 01: Network 3
662,2025-07-17,23,11,21,203466,0.592717,02,750,0,0,Node 02: Network 3
663,2025-07-17,23,11,21,660162,0.456696,03,1250,0,0,Node 03: Network 3
664,2025-07-17,23,11,22,748164,1.088002,01,250,0,0,Node 01: Network 3
665,2025-07-17,23,11,23,204226,0.456062,02,750,0,0,Node 02: Network 3
666,2025-07-17,23,11,23,661880,0.457654,03,1250,0,0,Node 03: Network 3
667,2025-07-17,23,11,24,748419,1.086539,01,250,0,0,Node 01: Network 3
668,2025-07-17,23,11,25,206042,0.457623,02,750,0,0,Node 02: Network 3
669,2025-07-17,23,11,25,665184,0.459142,03,1250,0,0,Node 03: Network 3
670,2025-07-17,23,11,26,748657,1.083473,01,250,0,0,Node 01: Network 3
671,2025-07-17,23,11,27,208804,0.460147,02,750,0,0,Node 02: Network 3
672,2025-07-17,23,11,28,749359,1.540555,01,250,0,0,Node 01: Network 3
673,2025-07-17,23,11,29,211092,0.461733,02,750,0,0,Node 02: Network 3
674,2025-07-17,23,11,29,795835,0.584743,03,1250,0,0,Node 03: Network 3
675,2025-07-17,23,11,30,755443,0.959608,01,250,0,0,Node 01: Network 3
676,2025-07-17,23,11,31,213632,0.458189,02,750,0,0,Node 02: Network 3
677,2025-07-17,23,11,31,798717,0.585085,03,1250,0,0,Node 03: Network 3
678,2025-07-17,23,11,32,755942,0.957225,01,250,0,0,Node 01: Network 3
679,2025-07-17,23,11,33,214312,0.45837,02,750,0,0,Node 02: Network 3
680,2025-07-17,23,11,33,800212,0.5859,03,1250,0,0,Node 03: Network 3
681,2025-07-17,23,11,34,756571,0.956359,01,250,0,0,Node 01: Network 3
682,2025-07-17,23,11,35,215859,0.459288,02,750,0,0,Node 02: Network 3
683,2025-07-17,23,11,35,803300,0.587441,03,1250,0,0,Node 03: Network 3
684,2025-07-17,23,11,36,756441,0.953141,01,250,0,0,Node 01: Network 3
685,2025-07-17,23,11,37,218954,0.462513,02,750,0,0,Node 02: Network 3
686,2025-07-17,23,11,37,806244,0.58729,03,1250,0,0,Node 03: Network 3
687,2025-07-17,23,11,38,758311,0.952067,01,250,0,0,Node 01: Network 3
688,2025-07-17,23,11,39,220340,0.462029,02,750,0,0,Node 02: Network 3
689,2025-07-17,23,11,39,807910,0.58757,03,1250,0,0,Node 03: Network 3
690,2025-07-17,23,11,40,758823,0.950913,01,250,0,0,Node 01: Network 3
691,2025-07-17,23,11,41,222749,0.463926,02,750,0,0,Node 02: Network 3
692,2025-07-17,23,11,41,810193,0.587444,03,1250,0,0,Node 03: Network 3
693,2025-07-17,23,11,42,758759,0.948566,01,250,0,0,Node 01: Network 3
694,2025-07-17,23,11,43,224299,0.46554,02,750,0,0,Node 02: Network 3
695,2025-07-17,23,11,43,811853,0.587554,03,1250,0,0,Node 03: Network 3
696,2025-07-17,23,11,44,759665,0.947812,01,250,0,0,Node 01: Network 3
697,2025-07-17,23,11,45,226040,0.466375,02,750,0,0,Node 02: Network 3
698,2025-07-17,23,11,45,807339,0.581299,03,1250,0,0,Node 03: Network 3
699,2025-07-17,23,11,46,760485,0.953146,01,250,0,0,Node 01: Network 3
700,2025-07-17,23,11,47,229283,0.468798,02,750,0,0,Node 02: Network 3
701,2025-07-17,23,11,47,809506,0.580223,03,1250,0,0,Node 03: Network 3
702,2025-07-17,23,11,48,760396,0.95089,01,250,0,0,Node 01: Network 3
703,2025-07-17,23,11,49,230880,0.470484,02,750,0,0,Node 02: Network 3
704,2025-07-17,23,11,49,810745,0.579865,03,1250,0,0,Node 03: Network 3
705,2025-07-17,23,11,50,761580,0.950835,01,250,0,0,Node 01: Network 3
706,2025-07-17,23,11,51,232773,0.471193,02,750,0,0,Node 02: Network 3
707,2025-07-17,23,11,51,812671,0.579898,03,1250,0,0,Node 03: Network 3
708,2025-07-17,23,11,52,761951,0.94928,01,250,0,0,Node 01: Network 3
709,2025-07-17,23,11,53,234546,0.472595,02,750,0,0,Node 02: Network 3
710,2025-07-17,23,11,53,815105,0.580559,03,1250,0,0,Node 03: Network 3
711,2025-07-17,23,11,54,778352,0.963247,01,250,0,0,Node 01: Network 3
712,2025-07-17,23,11,55,236510,0.458158,02,750,0,0,Node 02: Network 3
713,2025-07-17,23,11,55,817442,0.580932,03,1250,0,0,Node 03: Network 3
714,2025-07-17,23,11,56,778381,0.960939,01,250,0,0,Node 01: Network 3
715,2025-07-17,23,11,57,237571,0.45919,02,750,0,0,Node 02: Network 3
716,2025-07-17,23,11,57,819146,0.581575,03,1250,0,0,Node 03: Network 3
717,2025-07-17,23,11,58,779511,0.960365,01,250,0,0,Node 01: Network 3
718,2025-07-17,23,11,59,239870,0.460359,02,750,0,0,Node 02: Network 3
719,2025-07-17,23,11,59,821805,0.581935,03,1251,0,0,Node 03: Network 3
720,2025-07-17,23,12,00,864026,1.042221,01,250,0,0,Node 01: Network 3
721,2025-07-17,23,12,01,243191,0.379165,02,750,0,0,Node 02: Network 3
722,2025-07-17,23,12,01,824417,0.581226,03,1250,0,0,Node 03: Network 3
723,2025-07-17,23,12,02,786706,0.962289,01,250,0,0,Node 01: Network 3
724,2025-07-17,23,12,03,368265,0.581559,02,750,0,0,Node 02: Network 3
725,2025-07-17,23,12,03,915951,0.547686,03,1250,0,0,Node 03: Network 3
726,2025-07-17,23,12,04,787525,0.871574,01,250,0,0,Node 01: Network 3
727,2025-07-17,23,12,05,370846,0.583321,02,750,0,0,Node 02: Network 3
728,2025-07-17,23,12,05,917005,0.546159,03,1250,0,0,Node 03: Network 3
729,2025-07-17,23,12,06,787352,0.870347,01,250,0,0,Node 01: Network 3
730,2025-07-17,23,12,07,372626,0.585274,02,750,0,0,Node 02: Network 3
731,2025-07-17,23,12,07,918914,0.546288,03,1250,0,0,Node 03: Network 3
732,2025-07-17,23,12,08,788533,0.869619,01,250,0,0,Node 01: Network 3
733,2025-07-17,23,12,09,374334,0.585801,02,750,0,0,Node 02: Network 3
734,2025-07-17,23,12,09,921353,0.547019,03,1250,0,0,Node 03: Network 3
735,2025-07-17,23,12,10,789250,0.867897,01,250,0,0,Node 01: Network 3
736,2025-07-17,23,12,11,376095,0.586845,02,750,0,0,Node 02: Network 3
737,2025-07-17,23,12,11,923989,0.547894,03,1250,0,0,Node 03: Network 3
738,2025-07-17,23,12,12,921082,0.997093,01,250,0,0,Node 01: Network 3
739,2025-07-17,23,12,13,378678,0.457596,02,750,0,0,Node 02: Network 3
740,2025-07-17,23,12,13,925497,0.546819,03,1250,0,0,Node 03: Network 3
741,2025-07-17,23,12,14,921273,0.995776,01,250,0,0,Node 01: Network 3
742,2025-07-17,23,12,15,380888,0.459615,02,750,0,0,Node 02: Network 3
743,2025-07-17,23,12,15,927319,0.546431,03,1250,0,0,Node 03: Network 3
744,2025-07-17,23,12,16,922208,0.994889,01,250,0,0,Node 01: Network 3
745,2025-07-17,23,12,17,383416,0.461208,02,750,0,0,Node 02: Network 3
746,2025-07-17,23,12,17,930734,0.547318,03,1250,0,0,Node 03: Network 3
747,2025-07-17,23,12,18,922277,0.991543,01,250,0,0,Node 01: Network 3
748,2025-07-17,23,12,19,385205,0.462928,02,750,0,0,Node 02: Network 3
749,2025-07-17,23,12,19,932547,0.547342,03,1250,0,0,Node 03: Network 3
750,2025-07-17,23,12,20,927481,0.994934,01,250,0,0,Node 01: Network 3
751,2025-07-17,23,12,21,470495,0.543014,02,750,0,0,Node 02: Network 3
752,2025-07-17,23,12,21,934225,0.46373,03,1250,0,0,Node 03: Network 3
753,2025-07-17,23,12,22,459222,0.524997,BB,0,1,0,
754,2025-07-17,23,12,24,464039,2.004817,BB,0,1,0,
755,2025-07-17,23,12,24,500136,0.036097,03,1852,0,1,
756,2025-07-17,23,12,24,532265,0.032129,01,1857,0,1,
757,2025-07-17,23,12,24,548537,0.016272,02,1812,0,1,
758,2025-07-17,23,12,24,779316,0.230779,01,250,0,0,Node 01: Network 3
759,2025-07-17,23,12,25,280368,0.501052,02,750,0,0,Node 02: Network 3
760,2025-07-17,23,12,25,827623,0.547255,03,1250,0,0,Node 03: Network 3
761,2025-07-17,23,12,26,825475,0.997852,01,250,0,0,Node 01: Network 3
762,2025-07-17,23,12,27,371925,0.54645,02,750,0,0,Node 02: Network 3
763,2025-07-17,23,12,27,829150,0.457225,03,1250,0,0,Node 03: Network 3
764,2025-07-17,23,12,28,826018,0.996868,01,250,0,0,Node 01: Network 3
765,2025-07-17,23,12,29,372943,0.546925,02,750,0,0,Node 02: Network 3
766,2025-07-17,23,12,29,831544,0.458601,03,1250,0,0,Node 03: Network 3
767,2025-07-17,23,12,30,827722,0.996178,01,250,0,0,Node 01: Network 3
768,2025-07-17,23,12,31,383936,0.556214,02,750,0,0,Node 02: Network 3
769,2025-07-17,23,12,31,833237,0.449301,03,1250,0,0,Node 03: Network 3
770,2025-07-17,23,12,32,827310,0.994073,01,250,0,0,Node 01: Network 3
771,2025-07-17,23,12,33,377394,0.550084,02,750,0,0,Node 02: Network 3
772,2025-07-17,23,12,33,834857,0.457463,03,1250,0,0,Node 03: Network 3
773,2025-07-17,23,12,34,828569,0.993712,01,250,0,0,Node 01: Network 3
774,2025-07-17,23,12,35,379143,0.550574,02,750,0,0,Node 02: Network 3
775,2025-07-17,23,12,35,837261,0.458118,03,1250,0,0,Node 03: Network 3
776,2025-07-17,23,12,36,828941,0.99168,01,250,0,0,Node 01: Network 3
777,2025-07-17,23,12,37,380958,0.552017,02,750,0,0,Node 02: Network 3
778,2025-07-17,23,12,37,876565,0.495607,03,1250,0,0,Node 03: Network 3
779,2025-07-17,23,12,38,829650,0.953085,01,250,0,0,Node 01: Network 3
780,2025-07-17,23,12,39,384182,0.554532,02,750,0,0,Node 02: Network 3
781,2025-07-17,23,12,39,877015,0.492833,03,1250,0,0,Node 03: Network 3
782,2025-07-17,23,12,40,830522,0.953507,01,250,0,0,Node 01: Network 3
783,2025-07-17,23,12,41,386149,0.555627,02,750,0,0,Node 02: Network 3
784,2025-07-17,23,12,41,878259,0.49211,03,1250,0,0,Node 03: Network 3
785,2025-07-17,23,12,42,830741,0.952482,01,250,0,0,Node 01: Network 3
786,2025-07-17,23,12,43,387618,0.556877,02,750,0,0,Node 02: Network 3
787,2025-07-17,23,12,43,876971,0.489353,03,1250,0,0,Node 03: Network 3
788,2025-07-17,23,12,44,933079,1.056108,01,250,0,0,Node 01: Network 3
789,2025-07-17,23,12,45,389776,0.456697,02,750,0,0,Node 02: Network 3
790,2025-07-17,23,12,45,880150,0.490374,03,1250,0,0,Node 03: Network 3
791,2025-07-17,23,12,46,933588,1.053438,01,250,0,0,Node 01: Network 3
792,2025-07-17,23,12,47,392199,0.458611,02,750,0,0,Node 02: Network 3
793,2025-07-17,23,12,47,882458,0.490259,03,1250,0,0,Node 03: Network 3
794,2025-07-17,23,12,48,934821,1.052363,01,250,0,0,Node 01: Network 3
795,2025-07-17,23,12,49,392875,0.458054,02,750,0,0,Node 02: Network 3
796,2025-07-17,23,12,49,884437,0.491562,03,1250,0,0,Node 03: Network 3
797,2025-07-17,23,12,50,936875,1.052438,01,250,0,0,Node 01: Network 3
798,2025-07-17,23,12,51,395360,0.458485,02,750,0,0,Node 02: Network 3
799,2025-07-17,23,12,51,886832,0.491472,03,1250,0,0,Node 03: Network 3
800,2025-07-17,23,12,52,938617,1.051785,01,250,0,0,Node 01: Network 3
801,2025-07-17,23,12,53,430772,0.492155,02,750,0,0,Node 02: Network 3
802,2025-07-17,23,12,53,889392,0.45862,03,1250,0,0,Node 03: Network 3
803,2025-07-17,23,12,54,938610,1.049218,01,250,0,0,Node 01: Network 3
804,2025-07-17,23,12,55,432431,0.493821,02,750,0,0,Node 02: Network 3
805,2025-07-17,23,12,55,986163,0.553732,03,1250,0,0,Node 03: Network 3
806,2025-07-17,23,12,56,939411,0.953248,01,250,0,0,Node 01: Network 3
807,2025-07-17,23,12,57,434424,0.495013,02,750,0,0,Node 02: Network 3
808,2025-07-17,23,12,57,988620,0.554196,03,1250,0,0,Node 03: Network 3
809,2025-07-17,23,12,58,939982,0.951362,01,250,0,0,Node 01: Network 3
810,2025-07-17,23,12,59,436457,0.496475,02,750,0,0,Node 02: Network 3
811,2025-07-17,23,12,59,990818,0.554361,03,1250,0,0,Node 03: Network 3
812,2025-07-17,23,13,00,940558,0.94974,01,250,0,0,Node 01: Network 3
813,2025-07-17,23,13,01,535881,0.595323,02,750,0,0,Node 02: Network 3
814,2025-07-17,23,13,01,993157,0.457276,03,1250,0,0,Node 03: Network 3
815,2025-07-17,23,13,02,941207,0.94805,01,250,0,0,Node 01: Network 3
816,2025-07-17,23,13,03,538384,0.597177,02,750,0,0,Node 02: Network 3
817,2025-07-17,23,13,03,994366,0.455982,03,1250,0,0,Node 03: Network 3
818,2025-07-17,23,13,04,936357,0.941991,01,250,0,0,Node 01: Network 3
819,2025-07-17,23,13,05,538790,0.602433,02,750,0,0,Node 02: Network 3
820,2025-07-17,23,13,05,996346,0.457556,03,1250,0,0,Node 03: Network 3
821,2025-07-17,23,13,06,941459,0.945113,01,250,0,0,Node 01: Network 3
822,2025-07-17,23,13,07,541662,0.600203,02,750,0,0,Node 02: Network 3
823,2025-07-17,23,13,07,698475,0.156813,BB,0,1,0,
824,2025-07-17,23,13,07,757947,0.059472,02,133,0,1,
825,2025-07-17,23,13,07,782553,0.024606,BB,0,1,0,02:1377:0:1
826,2025-07-17,23,13,07,821682,0.039129,0,,0,1,
827,2025-07-17,23,13,07,883905,0.062223,03,1108,0,1,
828,2025-07-17,23,13,07,913176,0.029271,01,1162,0,1,
829,2025-07-17,23,13,07,950143,0.036967,01,1380,0,1,819:0:1
830,2025-07-17,23,13,07,994782,0.044639,01,250,0,0,Node 01: Network 3
831,2025-07-17,23,13,08,088311,0.093529,02,750,0,0,Node 02: Network 3
832,2025-07-17,23,13,08,182708,0.094397,01,250,0,0,Node 01: Network 3
833,2025-07-17,23,13,08,289436,0.106728,03,1250,0,0,Node 03: Network 3
834,2025-07-17,23,13,08,337909,0.048473,01,250,0,0,Node 01: Network 3
835,2025-07-17,23,13,08,372521,0.034612,02,750,0,0,Node 02: Network 3
836,2025-07-17,23,13,08,441910,0.069389,01,250,0,0,Node 01: Network 3
837,2025-07-17,23,13,08,520104,0.078194,02,750,0,0,Node 02: Network 3
838,2025-07-17,23,13,08,573614,0.05351,03,1250,0,0,Node 03: Network 3
839,2025-07-17,23,13,08,605620,0.032006,02,759,0,0,Node 02: Network 3
840,2025-07-17,23,13,08,683312,0.077692,01,250,0,0,Node 01: Network 3
841,2025-07-17,23,13,08,693531,0.010219,BB,0,1,0,
842,2025-07-17,23,13,08,726676,0.033145,02,750,0,0,Node 02: Network 3
843,2025-07-17,23,13,08,760531,0.033855,03,1250,0,0,Node 03: Network 3
844,2025-07-17,23,13,08,794924,0.034393,02,780,0,0,Node 02: Network 3
845,2025-07-17,23,13,09,008980,0.214056,02,780,0,0,Node 02: Network 3
846,2025-07-17,23,13,09,272840,0.26386,03,1251,0,0,Node 03: Network 3
847,2025-07-17,23,13,10,269502,0.996662,01,250,0,0,Node 01: Network 3
848,2025-07-17,23,13,10,565006,0.295504,BB,0,1,0,
849,2025-07-17,23,13,12,569468,2.004462,BB,0,1,0,
850,2025-07-17,23,13,12,627039,0.057571,02,618,0,1,
851,2025-07-17,23,13,12,646980,0.019941,03,618,0,1,
852,2025-07-17,23,13,12,702839,0.055859,01,621,0,1,
853,2025-07-17,23,13,12,885188,0.182349,01,250,0,0,Node 01: Network 3
854,2025-07-17,23,13,13,384653,0.499465,02,750,0,0,Node 02: Network 3
855,2025-07-17,23,13,13,888547,0.503894,03,1250,0,0,Node 03: Network 3
856,2025-07-17,23,13,14,885485,0.996938,01,250,0,0,Node 01: Network 3
857,2025-07-17,23,13,15,388425,0.50294,02,750,0,0,Node 02: Network 3
858,2025-07-17,23,13,15,890942,0.502517,03,1250,0,0,Node 03: Network 3
859,2025-07-17,23,13,16,886787,0.995845,01,250,0,0,Node 01: Network 3
860,2025-07-17,23,13,17,389322,0.502535,02,750,0,0,Node 02: Network 3
861,2025-07-17,23,13,17,892705,0.503383,03,1250,0,0,Node 03: Network 3
862,2025-07-17,23,13,18,888185,0.99548,01,250,0,0,Node 01: Network 3
863,2025-07-17,23,13,19,392271,0.504086,02,750,0,0,Node 02: Network 3
864,2025-07-17,23,13,19,894896,0.502625,03,1250,0,0,Node 03: Network 3
865,2025-07-17,23,13,20,887094,0.992198,01,250,0,0,Node 01: Network 3
866,2025-07-17,23,13,21,393062,0.505968,02,750,0,0,Node 02: Network 3
867,2025-07-17,23,13,21,897436,0.504374,03,1250,0,0,Node 03: Network 3
868,2025-07-17,23,13,22,887847,0.990411,01,250,0,0,Node 01: Network 3
869,2025-07-17,23,13,23,395245,0.507398,02,750,0,0,Node 02: Network 3
870,2025-07-17,23,13,23,898001,0.502756,03,1250,0,0,Node 03: Network 3
871,2025-07-17,23,13,24,889192,0.991191,01,250,0,0,Node 01: Network 3
872,2025-07-17,23,13,25,397316,0.508124,02,750,0,0,Node 02: Network 3
873,2025-07-17,23,13,25,901350,0.504034,03,1250,0,0,Node 03: Network 3
874,2025-07-17,23,13,26,942083,1.040733,01,250,0,0,Node 01: Network 3
875,2025-07-17,23,13,27,445203,0.50312,02,750,0,0,Node 02: Network 3
876,2025-07-17,23,13,27,902325,0.457122,03,1250,0,0,Node 03: Network 3
877,2025-07-17,23,13,28,942760,1.040435,01,250,0,0,Node 01: Network 3
878,2025-07-17,23,13,29,446997,0.504237,02,750,0,0,Node 02: Network 3
879,2025-07-17,23,13,29,993241,0.546244,03,1250,0,0,Node 03: Network 3
880,2025-07-17,23,13,30,943177,0.949936,01,250,0,0,Node 01: Network 3
881,2025-07-17,23,13,31,449479,0.506302,02,750,0,0,Node 02: Network 3
882,2025-07-17,23,13,31,996188,0.546709,03,1251,0,0,Node 03: Network 3
883,2025-07-17,23,13,32,944027,0.947839,01,250,0,0,Node 01: Network 3
884,2025-07-17,23,13,33,450869,0.506842,02,750,0,0,Node 02: Network 3
885,2025-07-17,23,13,33,998837,0.547968,03,1250,0,0,Node 03: Network 3
886,2025-07-17,23,13,34,944411,0.945574,01,250,0,0,Node 01: Network 3
887,2025-07-17,23,13,35,488429,0.544018,02,750,0,0,Node 02: Network 3
888,2025-07-17,23,13,35,999812,0.511383,03,1250,0,0,Node 03: Network 3
889,2025-07-17,23,13,36,945146,0.945334,01,250,0,0,Node 01: Network 3
890,2025-07-17,23,13,37,490660,0.545514,02,750,0,0,Node 02: Network 3
891,2025-07-17,23,13,38,001743,0.511083,03,1250,0,0,Node 03: Network 3
892,2025-07-17,23,13,38,946611,0.944868,01,250,0,0,Node 01: Network 3
893,2025-07-17,23,13,39,546944,0.600333,02,750,0,0,Node 02: Network 3
894,2025-07-17,23,13,40,004996,0.458052,03,1250,0,0,Node 03: Network 3
895,2025-07-17,23,13,40,946890,0.941894,01,250,0,0,Node 01: Network 3
896,2025-07-17,23,13,41,548074,0.601184,02,750,0,0,Node 02: Network 3
897,2025-07-17,23,13,42,006237,0.458163,03,1250,0,0,Node 03: Network 3
898,2025-07-17,23,13,42,947942,0.941705,01,250,0,0,Node 01: Network 3
899,2025-07-17,23,13,43,550584,0.602642,02,750,0,0,Node 02: Network 3
900,2025-07-17,23,13,43,994564,0.44398,03,1250,0,0,Node 03: Network 3
901,2025-07-17,23,13,45,095330,1.100766,01,250,0,0,Node 01: Network 3
902,2025-07-17,23,13,45,552818,0.457488,02,750,0,0,Node 02: Network 3
903,2025-07-17,23,13,45,996659,0.443841,03,1250,0,0,Node 03: Network 3
904,2025-07-17,23,13,47,096117,1.099458,01,250,0,0,Node 01: Network 3
905,2025-07-17,23,13,47,553985,0.457868,02,750,0,0,Node 02: Network 3
906,2025-07-17,23,13,47,999155,0.44517,03,1250,0,0,Node 03: Network 3
907,2025-07-17,23,13,49,096501,1.097346,01,250,0,0,Node 01: Network 3
908,2025-07-17,23,13,49,641094,0.544593,02,750,0,0,Node 02: Network 3
909,2025-07-17,23,13,50,001759,0.360665,03,1250,0,0,Node 03: Network 3
910,2025-07-17,23,13,51,097006,1.095247,01,250,0,0,Node 01: Network 3
911,2025-07-17,23,13,51,643865,0.546859,02,750,0,0,Node 02: Network 3
912,2025-07-17,23,13,52,003018,0.359153,03,1250,0,0,Node 03: Network 3
913,2025-07-17,23,13,53,097834,1.094816,01,250,0,0,Node 01: Network 3
914,2025-07-17,23,13,53,644517,0.546683,02,750,0,0,Node 02: Network 3
915,2025-07-17,23,13,54,005252,0.360735,03,1250,0,0,Node 03: Network 3
916,2025-07-17,23,13,55,188770,1.183518,01,250,0,0,Node 01: Network 3
917,2025-07-17,23,13,55,550714,0.361944,02,750,0,0,Node 02: Network 3
918,2025-07-17,23,13,56,236935,0.686221,03,1250,0,0,Node 03: Network 3
919,2025-07-17,23,13,56,664732,0.427797,BB,0,1,0,
920,2025-07-17,23,13,58,668183,2.003451,BB,0,1,0,
921,2025-07-17,23,13,58,709972,0.041789,03,1755,0,1,
922,2025-07-17,23,13,58,746170,0.036198,02,1939,0,1,
923,2025-07-17,23,13,58,759679,0.013509,01,1801,0,1,
924,2025-07-17,23,13,59,484990,0.725311,02,750,0,0,Node 02: Network 3
925,2025-07-17,23,13,59,988394,0.503404,03,1250,0,0,Node 03: Network 3
926,2025-07-17,23,14,01,029782,1.041388,01,250,0,0,Node 01: Network 3
927,2025-07-17,23,14,01,533357,0.503575,02,750,0,0,Node 02: Network 3
928,2025-07-17,23,14,01,990727,0.45737,03,1250,0,0,Node 03: Network 3
929,2025-07-17,23,14,03,030518,1.039791,01,250,0,0,Node 01: Network 3
930,2025-07-17,23,14,03,534489,0.503971,02,750,0,0,Node 02: Network 3
931,2025-07-17,23,14,03,992695,0.458206,03,1250,0,0,Node 03: Network 3
932,2025-07-17,23,14,05,067813,1.075118,01,250,0,0,Node 01: Network 3
933,2025-07-17,23,14,05,557029,0.489216,02,750,0,0,Node 02: Network 3
934,2025-07-17,23,14,05,994696,0.437667,03,1250,0,0,Node 03: Network 3
935,2025-07-17,23,14,07,080823,1.086127,01,250,0,0,Node 01: Network 3
936,2025-07-17,23,14,07,539546,0.458723,02,750,0,0,Node 02: Network 3
937,2025-07-17,23,14,07,997077,0.457531,03,1250,0,0,Node 03: Network 3
938,2025-07-17,23,14,09,082715,1.085638,01,250,0,0,Node 01: Network 3
939,2025-07-17,23,14,09,541179,0.458464,02,750,0,0,Node 02: Network 3
940,2025-07-17,23,14,10,000258,0.459079,03,1250,0,0,Node 03: Network 3
941,2025-07-17,23,14,11,082894,1.082636,01,250,0,0,Node 01: Network 3
942,2025-07-17,23,14,11,544193,0.461299,02,750,0,0,Node 02: Network 3
943,2025-07-17,23,14,12,001697,0.457504,03,1250,0,0,Node 03: Network 3
944,2025-07-17,23,14,13,083639,1.081942,01,250,0,0,Node 01: Network 3
945,2025-07-17,23,14,13,545413,0.461774,02,750,0,0,Node 02: Network 3
946,2025-07-17,23,14,14,004053,0.45864,03,1250,0,0,Node 03: Network 3
947,2025-07-17,23,14,15,083587,1.079534,01,250,0,0,Node 01: Network 3
948,2025-07-17,23,14,15,548366,0.464779,02,750,0,0,Node 02: Network 3
949,2025-07-17,23,14,16,005698,0.457332,03,1250,0,0,Node 03: Network 3
950,2025-07-17,23,14,17,083843,1.078145,01,250,0,0,Node 01: Network 3
951,2025-07-17,23,14,17,549316,0.465473,02,750,0,0,Node 02: Network 3
952,2025-07-17,23,14,18,008556,0.45924,03,1250,0,0,Node 03: Network 3
953,2025-07-17,23,14,19,085614,1.077058,01,250,0,0,Node 01: Network 3
954,2025-07-17,23,14,19,628756,0.543142,02,750,0,0,Node 02: Network 3
955,2025-07-17,23,14,20,010340,0.381584,03,1250,0,0,Node 03: Network 3
956,2025-07-17,23,14,21,085416,1.075076,01,250,0,0,Node 01: Network 3
957,2025-07-17,23,14,21,631731,0.546315,02,750,0,0,Node 02: Network 3
958,2025-07-17,23,14,22,012365,0.380634,03,1250,0,0,Node 03: Network 3
959,2025-07-17,23,14,23,085226,1.072861,01,250,0,0,Node 01: Network 3
960,2025-07-17,23,14,23,633473,0.548247,02,750,0,0,Node 02: Network 3
961,2025-07-17,23,14,24,132940,0.499467,03,1250,0,0,Node 03: Network 3
962,2025-07-17,23,14,25,086868,0.953928,01,250,0,0,Node 01: Network 3
963,2025-07-17,23,14,25,634923,0.548055,02,750,0,0,Node 02: Network 3
964,2025-07-17,23,14,26,135004,0.500081,03,1250,0,0,Node 03: Network 3
965,2025-07-17,23,14,27,087931,0.952927,01,250,0,0,Node 01: Network 3
966,2025-07-17,23,14,27,637418,0.549487,02,750,0,0,Node 02: Network 3
967,2025-07-17,23,14,28,137416,0.499998,03,1250,0,0,Node 03: Network 3
968,2025-07-17,23,14,29,088881,0.951465,01,250,0,0,Node 01: Network 3
969,2025-07-17,23,14,29,638949,0.550068,02,750,0,0,Node 02: Network 3
970,2025-07-17,23,14,30,139157,0.500208,03,1250,0,0,Node 03: Network 3
971,2025-07-17,23,14,31,089118,0.949961,01,250,0,0,Node 01: Network 3
972,2025-07-17,23,14,31,642135,0.553017,02,750,0,0,Node 02: Network 3
973,2025-07-17,23,14,32,141447,0.499312,03,1250,0,0,Node 03: Network 3
974,2025-07-17,23,14,33,089487,0.94804,01,250,0,0,Node 01: Network 3
975,2025-07-17,23,14,34,143628,1.054141,03,1250,0,0,Node 03: Network 3
976,2025-07-17,23,14,35,090595,0.946967,01,250,0,0,Node 01: Network 3
977,2025-07-17,23,14,35,686515,0.59592,02,750,0,0,Node 02: Network 3
978,2025-07-17,23,14,36,147164,0.460649,03,1250,0,0,Node 03: Network 3
979,2025-07-17,23,14,37,090879,0.943715,01,250,0,0,Node 01: Network 3
980,2025-07-17,23,14,37,690878,0.599999,02,751,0,0,Node 02: Network 3
981,2025-07-17,23,14,38,139474,0.448596,03,1250,0,0,Node 03: Network 3
982,2025-07-17,23,14,39,091673,0.952199,01,250,0,0,Node 01: Network 3
983,2025-07-17,23,14,39,691531,0.599858,02,750,0,0,Node 02: Network 3
984,2025-07-17,23,14,40,138044,0.446513,03,1250,0,0,Node 03: Network 3
985,2025-07-17,23,14,41,092586,0.954542,01,250,0,0,Node 01: Network 3
986,2025-07-17,23,14,41,692842,0.600256,02,750,0,0,Node 02: Network 3
987,2025-07-17,23,14,42,140414,0.447572,03,1250,0,0,Node 03: Network 3
988,2025-07-17,23,14,43,094319,0.953905,01,250,0,0,Node 01: Network 3
989,2025-07-17,23,14,43,696123,0.601804,02,750,0,0,Node 02: Network 3
990,2025-07-17,23,14,44,142328,0.446205,03,1250,0,0,Node 03: Network 3
991,2025-07-17,23,14,45,238698,1.09637,01,250,0,0,Node 01: Network 3
992,2025-07-17,23,14,45,697227,0.458529,02,750,0,0,Node 02: Network 3
993,2025-07-17,23,14,46,145107,0.44788,03,1251,0,0,Node 03: Network 3
994,2025-07-17,23,14,47,239794,1.094687,01,250,0,0,Node 01: Network 3
995,2025-07-17,23,14,47,699922,0.460128,02,750,0,0,Node 02: Network 3
996,2025-07-17,23,14,48,246372,0.54645,03,1250,0,0,Node 03: Network 3
997,2025-07-17,23,14,49,240985,0.994613,01,250,0,0,Node 01: Network 3
998,2025-07-17,23,14,49,790383,0.549398,02,750,0,0,Node 02: Network 3
999,2025-07-17,23,14,50,288432,0.498049,03,1251,0,0,Node 03: Network 3
1000,2025-07-17,23,14,50,783293,0.494861,BB,0,1,0,
1001,2025-07-17,23,14,50,853132,0.069839,03,1374,0,1,
1002,2025-07-17,23,14,52,787917,1.934785,BB,0,1,0,
1003,2025-07-17,23,14,52,858395,0.070478,02,1817,0,1,
1004,2025-07-17,23,14,52,871430,0.013035,03,1377,0,1,
1005,2025-07-17,23,14,52,885248,0.013818,01,1868,0,1,
1006,2025-07-17,23,14,53,102606,0.217358,01,250,0,0,Node 01: Network 3
1007,2025-07-17,23,14,53,604047,0.501441,02,750,0,0,Node 02: Network 3
1008,2025-07-17,23,14,54,149398,0.545351,03,1250,0,0,Node 03: Network 3
1009,2025-07-17,23,14,55,149642,1.000244,01,250,0,0,Node 01: Network 3
1010,2025-07-17,23,14,55,605849,0.456207,02,750,0,0,Node 02: Network 3
1011,2025-07-17,23,14,56,152052,0.546203,03,1250,0,0,Node 03: Network 3
1012,2025-07-17,23,14,57,150613,0.998561,01,250,0,0,Node 01: Network 3
1013,2025-07-17,23,14,57,608369,0.457756,02,750,0,0,Node 02: Network 3
1014,2025-07-17,23,14,58,153219,0.54485,03,1250,0,0,Node 03: Network 3
1015,2025-07-17,23,14,59,150213,0.996994,01,250,0,0,Node 01: Network 3
1016,2025-07-17,23,14,59,610074,0.459861,02,750,0,0,Node 02: Network 3
1017,2025-07-17,23,15,00,155790,0.545716,03,1250,0,0,Node 03: Network 3
1018,2025-07-17,23,15,01,151968,0.996178,01,250,0,0,Node 01: Network 3
1019,2025-07-17,23,15,01,611891,0.459923,02,750,0,0,Node 02: Network 3
1020,2025-07-17,23,15,02,158612,0.546721,03,1250,0,0,Node 03: Network 3
1021,2025-07-17,23,15,03,152312,0.9937,01,250,0,0,Node 01: Network 3
1022,2025-07-17,23,15,03,615393,0.463081,02,751,0,0,Node 02: Network 3
1023,2025-07-17,23,15,04,159853,0.54446,03,1250,0,0,Node 03: Network 3
1024,2025-07-17,23,15,05,203895,1.044042,01,250,0,0,Node 01: Network 3
1025,2025-07-17,23,15,05,616353,0.412458,02,750,0,0,Node 02: Network 3
1026,2025-07-17,23,15,06,162832,0.546479,03,1250,0,0,Node 03: Network 3
1027,2025-07-17,23,15,07,203711,1.040879,01,250,0,0,Node 01: Network 3
1028,2025-07-17,23,15,07,618937,0.415226,02,750,0,0,Node 02: Network 3
1029,2025-07-17,23,15,08,164333,0.545396,03,1250,0,0,Node 03: Network 3
1030,2025-07-17,23,15,09,163316,0.998983,01,250,0,0,Node 01: Network 3
1031,2025-07-17,23,15,09,620855,0.457539,02,750,0,0,Node 02: Network 3
1032,2025-07-17,23,15,10,165764,0.544909,03,1250,0,0,Node 03: Network 3
1033,2025-07-17,23,15,11,163811,0.998047,01,250,0,0,Node 01: Network 3
1034,2025-07-17,23,15,11,621809,0.457998,02,750,0,0,Node 02: Network 3
1035,2025-07-17,23,15,12,187462,0.565653,03,1250,0,0,Node 03: Network 3
1036,2025-07-17,23,15,13,166705,0.979243,01,250,0,0,Node 01: Network 3
1037,2025-07-17,23,15,13,624804,0.458099,02,750,0,0,Node 02: Network 3
1038,2025-07-17,23,15,14,170978,0.546174,03,1250,0,0,Node 03: Network 3
1039,2025-07-17,23,15,14,973704,0.802726,BB,0,1,0,
1040,2025-07-17,23,15,15,045469,0.071765,BB,0,1,0,
1041,2025-07-17,23,15,15,089648,0.044179,02,243,0,1,
1042,2025-07-17,23,15,15,125466,0.035818,01,201,0,1,
1043,2025-07-17,23,15,15,148484,0.023018,BB,0,1,0,03:618:0:1
1044,2025-07-17,23,15,15,166028,0.017544,03,196,0,1,
1045,2025-07-17,23,15,15,190609,0.024581,02,618,0,1,01:621:0:1
1046,2025-07-17,23,15,15,288087,0.097478,01,250,0,0,Node 01: Network 3
1047,2025-07-17,23,15,15,367804,0.079717,02,750,0,0,Node 02: Network 3
1048,2025-07-17,23,15,15,380987,0.013183,02,1469,0,1,
1049,2025-07-17,23,15,15,505357,0.12437,02,759,0,0,Node 02: Network 3
1050,2025-07-17,23,15,15,538780,0.033423,02,780,0,0,Node 02: Network 3
1051,2025-07-17,23,15,15,597955,0.059175,02,780,0,0,Node 02: Network 3
1052,2025-07-17,23,15,15,682474,0.084519,03,1251,0,0,Node 03: Network 3
1053,2025-07-17,23,15,15,713862,0.031388,01,281,0,0,Node 01: Network 3
1054,2025-07-17,23,15,15,763639,0.049777,01,250,0,0,Node 01: Network 3
1055,2025-07-17,23,15,15,872257,0.108618,01,250,0,0,Node 01: Network 3
1056,2025-07-17,23,15,15,926201,0.053944,02,750,0,0,Node 02: Network 3
1057,2025-07-17,23,15,16,023643,0.097442,02,750,0,0,Node 02: Network 3
1058,2025-07-17,23,15,16,058234,0.034591,03,1250,0,0,Node 03: Network 3
1059,2025-07-17,23,15,16,101690,0.043456,01,250,0,0,Node 01: Network 3
1060,2025-07-17,23,15,16,348682,0.246992,03,1250,0,0,Node 03: Network 3
1061,2025-07-17,23,15,16,839513,0.490831,BB,0,1,0,
1062,2025-07-17,23,15,18,843734,2.004221,BB,0,1,0,
1063,2025-07-17,23,15,18,885143,0.041409,02,1700,0,1,
1064,2025-07-17,23,15,18,918010,0.032867,03,1818,0,1,
1065,2025-07-17,23,15,18,946770,0.02876,01,1821,0,1,
1066,2025-07-17,23,15,19,159864,0.213094,01,250,0,0,Node 01: Network 3
1067,2025-07-17,23,15,19,660493,0.500629,02,750,0,0,Node 02: Network 3
1068,2025-07-17,23,15,20,163885,0.503392,03,1250,0,0,Node 03: Network 3
1069,2025-07-17,23,15,21,204920,1.041035,01,250,0,0,Node 01: Network 3
1070,2025-07-17,23,15,21,661912,0.456992,02,750,0,0,Node 02: Network 3
1071,2025-07-17,23,15,22,165241,0.503329,03,1250,0,0,Node 03: Network 3
1072,2025-07-17,23,15,23,206140,1.040899,01,250,0,0,Node 01: Network 3
1073,2025-07-17,23,15,23,664162,0.458022,02,750,0,0,Node 02: Network 3
1074,2025-07-17,23,15,24,167709,0.503547,03,1250,0,0,Node 03: Network 3
1075,2025-07-17,23,15,25,207114,1.039405,01,250,0,0,Node 01: Network 3
1076,2025-07-17,23,15,25,666053,0.458939,02,750,0,0,Node 02: Network 3
1077,2025-07-17,23,15,26,170045,0.503992,03,1250,0,0,Node 03: Network 3
1078,2025-07-17,23,15,27,210545,1.0405,01,250,0,0,Node 01: Network 3
1079,2025-07-17,23,15,27,668191,0.457646,02,750,0,0,Node 02: Network 3
1080,2025-07-17,23,15,28,172116,0.503925,03,1250,0,0,Node 03: Network 3
1081,2025-07-17,23,15,29,211235,1.039119,01,250,0,0,Node 01: Network 3
1082,2025-07-17,23,15,29,669980,0.458745,02,750,0,0,Node 02: Network 3
1083,2025-07-17,23,15,30,174925,0.504945,03,1250,0,0,Node 03: Network 3
1084,2025-07-17,23,15,31,211549,1.036624,01,250,0,0,Node 01: Network 3
1085,2025-07-17,23,15,31,673730,0.462181,02,750,0,0,Node 02: Network 3
1086,2025-07-17,23,15,32,260463,0.586733,03,1250,0,0,Node 03: Network 3
1087,2025-07-17,23,15,33,212981,0.952518,01,250,0,0,Node 01: Network 3
1088,2025-07-17,23,15,33,804175,0.591194,02,750,0,0,Node 02: Network 3
1089,2025-07-17,23,15,34,261691,0.457516,03,1250,0,0,Node 03: Network 3
1090,2025-07-17,23,15,35,214307,0.952616,01,250,0,0,Node 01: Network 3
1091,2025-07-17,23,15,35,805966,0.591659,02,750,0,0,Node 02: Network 3
1092,2025-07-17,23,15,36,264150,0.458184,03,1250,0,0,Node 03: Network 3
1093,2025-07-17,23,15,37,215901,0.951751,01,250,0,0,Node 01: Network 3
1094,2025-07-17,23,15,37,809270,0.593369,02,750,0,0,Node 02: Network 3
1095,2025-07-17,23,15,38,265564,0.456294,03,1250,0,0,Node 03: Network 3
1096,2025-07-17,23,15,39,215212,0.949648,01,250,0,0,Node 01: Network 3
1097,2025-07-17,23,15,39,809036,0.593824,02,750,0,0,Node 02: Network 3
1098,2025-07-17,23,15,40,267908,0.458872,03,1250,0,0,Node 03: Network 3
1099,2025-07-17,23,15,41,354311,1.086403,01,250,0,0,Node 01: Network 3
1100,2025-07-17,23,15,41,811237,0.456926,02,750,0,0,Node 02: Network 3
1101,2025-07-17,23,15,42,400826,0.589589,03,1250,0,0,Node 03: Network 3
1102,2025-07-17,23,15,42,896373,0.495547,BB,0,1,0,
1103,2025-07-17,23,15,44,901330,2.004957,BB,0,1,0,
1104,2025-07-17,23,15,44,963523,0.062193,02,1910,0,1,
1105,2025-07-17,23,15,44,986279,0.022756,03,1822,0,1,
1106,2025-07-17,23,15,45,000783,0.014504,01,1869,0,1,
1107,2025-07-17,23,15,45,217428,0.216645,01,250,0,0,Node 01: Network 3
1108,2025-07-17,23,15,45,716988,0.49956,02,750,0,0,Node 02: Network 3
1109,2025-07-17,23,15,46,219759,0.502771,03,1250,0,0,Node 03: Network 3
1110,2025-07-17,23,15,47,218061,0.998302,01,250,0,0,Node 01: Network 3
1111,2025-07-17,23,15,47,719943,0.501882,02,750,0,0,Node 02: Network 3
1112,2025-07-17,23,15,48,222966,0.503023,03,1250,0,0,Node 03: Network 3
1113,2025-07-17,23,15,49,218367,0.995401,01,250,0,0,Node 01: Network 3
1114,2025-07-17,23,15,49,721939,0.503572,02,750,0,0,Node 02: Network 3
1115,2025-07-17,23,15,50,225317,0.503378,03,1250,0,0,Node 03: Network 3
1116,2025-07-17,23,15,51,220174,0.994857,01,250,0,0,Node 01: Network 3
1117,2025-07-17,23,15,51,723398,0.503224,02,750,0,0,Node 02: Network 3
1118,2025-07-17,23,15,52,226772,0.503374,03,1250,0,0,Node 03: Network 3
1119,2025-07-17,23,15,53,220679,0.993907,01,250,0,0,Node 01: Network 3
1120,2025-07-17,23,15,53,725659,0.50498,02,750,0,0,Node 02: Network 3
1121,2025-07-17,23,15,54,230118,0.504459,03,1251,0,0,Node 03: Network 3
1122,2025-07-17,23,15,55,220497,0.990379,01,250,0,0,Node 01: Network 3
1123,2025-07-17,23,15,55,727109,0.506612,02,750,0,0,Node 02: Network 3
1124,2025-07-17,23,15,56,231352,0.504243,03,1250,0,0,Node 03: Network 3
1125,2025-07-17,23,15,57,221384,0.990032,01,250,0,0,Node 01: Network 3
1126,2025-07-17,23,15,57,728252,0.506868,02,750,0,0,Node 02: Network 3
1127,2025-07-17,23,15,58,233249,0.504997,03,1250,0,0,Node 03: Network 3
1128,2025-07-17,23,15,59,221429,0.98818,01,250,0,0,Node 01: Network 3
1129,2025-07-17,23,15,59,732265,0.510836,02,750,0,0,Node 02: Network 3
1130,2025-07-17,23,16,00,235871,0.503606,03,1250,0,0,Node 03: Network 3
1131,2025-07-17,23,16,01,222119,0.986248,01,250,0,0,Node 01: Network 3
1132,2025-07-17,23,16,01,733885,0.511766,02,750,0,0,Node 02: Network 3
1133,2025-07-17,23,16,02,237902,0.504017,03,1250,0,0,Node 03: Network 3
1134,2025-07-17,23,16,03,222953,0.985051,01,250,0,0,Node 01: Network 3
1135,2025-07-17,23,16,03,781794,0.558841,02,750,0,0,Node 02: Network 3
1136,2025-07-17,23,16,04,239612,0.457818,03,1250,0,0,Node 03: Network 3
1137,2025-07-17,23,16,05,224008,0.984396,01,250,0,0,Node 01: Network 3
1138,2025-07-17,23,16,05,783153,0.559145,02,750,0,0,Node 02: Network 3
1139,2025-07-17,23,16,06,242125,0.458972,03,1250,0,0,Node 03: Network 3
1140,2025-07-17,23,16,07,225538,0.983413,01,250,0,0,Node 01: Network 3
1141,2025-07-17,23,16,07,785883,0.560345,02,750,0,0,Node 02: Network 3
1142,2025-07-17,23,16,08,243567,0.457684,03,1250,0,0,Node 03: Network 3
1143,2025-07-17,23,16,09,225984,0.982417,01,250,0,0,Node 01: Network 3
1144,2025-07-17,23,16,09,787113,0.561129,02,750,0,0,Node 02: Network 3
1145,2025-07-17,23,16,10,247284,0.460171,03,1251,0,0,Node 03: Network 3
1146,2025-07-17,23,16,11,331708,1.084424,01,250,0,0,Node 01: Network 3
1147,2025-07-17,23,16,11,789178,0.45747,02,750,0,0,Node 02: Network 3
1148,2025-07-17,23,16,12,378768,0.58959,03,1250,0,0,Node 03: Network 3
1149,2025-07-17,23,16,13,331739,0.952971,01,250,0,0,Node 01: Network 3
1150,2025-07-17,23,16,13,790141,0.458402,02,750,0,0,Node 02: Network 3
1151,2025-07-17,23,16,14,378111,0.58797,03,1250,0,0,Node 03: Network 3
1152,2025-07-17,23,16,15,335680,0.957569,01,250,0,0,Node 01: Network 3
1153,2025-07-17,23,16,15,792744,0.457064,02,750,0,0,Node 02: Network 3
1154,2025-07-17,23,16,16,380172,0.587428,03,1250,0,0,Node 03: Network 3
1155,2025-07-17,23,16,17,337049,0.956877,01,250,0,0,Node 01: Network 3
1156,2025-07-17,23,16,17,796667,0.459618,02,750,0,0,Node 02: Network 3
1157,2025-07-17,23,16,18,382767,0.5861,03,1250,0,0,Node 03: Network 3
1158,2025-07-17,23,16,19,337632,0.954865,01,250,0,0,Node 01: Network 3
1159,2025-07-17,23,16,19,798009,0.460377,02,750,0,0,Node 02: Network 3
1160,2025-07-17,23,16,20,384733,0.586724,03,1250,0,0,Node 03: Network 3
1161,2025-07-17,23,16,21,799395,1.414662,02,750,0,0,Node 02: Network 3
1162,2025-07-17,23,16,22,387566,0.588171,03,1250,0,0,Node 03: Network 3
1163,2025-07-17,23,16,23,430754,1.043188,01,250,0,0,Node 01: Network 3
1164,2025-07-17,23,16,23,801689,0.370935,02,750,0,0,Node 02: Network 3
1165,2025-07-17,23,16,24,477449,0.67576,03,1250,0,0,Node 03: Network 3
1166,2025-07-17,23,16,25,431535,0.954086,01,250,0,0,Node 01: Network 3
1167,2025-07-17,23,16,25,803727,0.372192,02,750,0,0,Node 02: Network 3
1168,2025-07-17,23,16,26,478473,0.674746,03,1250,0,0,Node 03: Network 3
1169,2025-07-17,23,16,27,432519,0.954046,01,250,0,0,Node 01: Network 3
1170,2025-07-17,23,16,27,976499,0.54398,02,750,0,0,Node 02: Network 3
1171,2025-07-17,23,16,28,482497,0.505998,03,1250,0,0,Node 03: Network 3
1172,2025-07-17,23,16,29,431599,0.949102,01,250,0,0,Node 01: Network 3
1173,2025-07-17,23,16,29,978479,0.54688,02,750,0,0,Node 02: Network 3
1174,2025-07-17,23,16,30,484758,0.506279,03,1250,0,0,Node 03: Network 3
1175,2025-07-17,23,16,31,432560,0.947802,01,250,0,0,Node 01: Network 3
1176,2025-07-17,23,16,32,029688,0.597128,02,750,0,0,Node 02: Network 3
1177,2025-07-17,23,16,32,486780,0.457092,03,1250,0,0,Node 03: Network 3
1178,2025-07-17,23,16,33,005780,0.519,BB,0,1,0,
1179,2025-07-17,23,16,33,047822,0.042042,03,1487,0,1,
1180,2025-07-17,23,16,35,010044,1.962222,BB,0,1,0,
1181,2025-07-17,23,16,35,056377,0.046333,01,1898,0,1,
1182,2025-07-17,23,16,35,069903,0.013526,03,1489,0,1,
1183,2025-07-17,23,16,35,105323,0.03542,02,1800,0,1,
1184,2025-07-17,23,16,35,826223,0.7209,02,750,0,0,Node 02: Network 3
1185,2025-07-17,23,16,36,329312,0.503089,03,1250,0,0,Node 03: Network 3
1186,2025-07-17,23,16,37,370407,1.041095,01,250,0,0,Node 01: Network 3
1187,2025-07-17,23,16,37,828262,0.457855,02,750,0,0,Node 02: Network 3
1188,2025-07-17,23,16,38,331449,0.503187,03,1250,0,0,Node 03: Network 3
1189,2025-07-17,23,16,39,373374,1.041925,01,250,0,0,Node 01: Network 3
1190,2025-07-17,23,16,39,830279,0.456905,02,750,0,0,Node 02: Network 3
1191,2025-07-17,23,16,40,334413,0.504134,03,1250,0,0,Node 03: Network 3
1192,2025-07-17,23,16,41,373830,1.039417,01,250,0,0,Node 01: Network 3
1193,2025-07-17,23,16,41,833265,0.459435,02,750,0,0,Node 02: Network 3
1194,2025-07-17,23,16,42,335951,0.502686,03,1250,0,0,Node 03: Network 3
1195,2025-07-17,23,16,43,375810,1.039859,01,250,0,0,Node 01: Network 3
1196,2025-07-17,23,16,43,834901,0.459091,02,750,0,0,Node 02: Network 3
1197,2025-07-17,23,16,44,337936,0.503035,03,1250,0,0,Node 03: Network 3
1198,2025-07-17,23,16,45,376273,1.038337,01,250,0,0,Node 01: Network 3
1199,2025-07-17,23,16,45,836023,0.45975,02,750,0,0,Node 02: Network 3
1200,2025-07-17,23,16,46,339665,0.503642,03,1250,0,0,Node 03: Network 3
1201,2025-07-17,23,16,47,380514,1.040849,01,250,0,0,Node 01: Network 3
1202,2025-07-17,23,16,47,923745,0.543231,02,750,0,0,Node 02: Network 3
1203,2025-07-17,23,16,48,342559,0.418814,03,1250,0,0,Node 03: Network 3
1204,2025-07-17,23,16,49,380897,1.038338,01,250,0,0,Node 01: Network 3
1205,2025-07-17,23,16,49,925448,0.544551,02,750,0,0,Node 02: Network 3
1206,2025-07-17,23,16,50,428351,0.502903,03,1250,0,0,Node 03: Network 3
1207,2025-07-17,23,16,51,381291,0.95294,01,250,0,0,Node 01: Network 3
1208,2025-07-17,23,16,51,927492,0.546201,02,750,0,0,Node 02: Network 3
1209,2025-07-17,23,16,52,428816,0.501324,03,1250,0,0,Node 03: Network 3
1210,2025-07-17,23,16,53,381989,0.953173,01,250,0,0,Node 01: Network 3
1211,2025-07-17,23,16,53,974052,0.592063,02,750,0,0,Node 02: Network 3
1212,2025-07-17,23,16,54,429230,0.455178,03,1250,0,0,Node 03: Network 3
1213,2025-07-17,23,16,55,472024,1.042794,01,250,0,0,Node 01: Network 3
1214,2025-07-17,23,16,55,976003,0.503979,02,750,0,0,Node 02: Network 3
1215,2025-07-17,23,16,56,431223,0.45522,03,1250,0,0,Node 03: Network 3
1216,2025-07-17,23,16,57,471733,1.04051,01,250,0,0,Node 01: Network 3
1217,2025-07-17,23,16,57,977752,0.506019,02,750,0,0,Node 02: Network 3
1218,2025-07-17,23,16,58,519259,0.541507,03,1250,0,0,Node 03: Network 3
1219,2025-07-17,23,16,59,472384,0.953125,01,250,0,0,Node 01: Network 3
1220,2025-07-17,23,16,59,980525,0.508141,02,750,0,0,Node 02: Network 3
1221,2025-07-17,23,17,00,520558,0.540033,03,1250,0,0,Node 03: Network 3
1222,2025-07-17,23,17,01,473492,0.952934,01,251,0,0,Node 01: Network 3
1223,2025-07-17,23,17,01,981513,0.508021,02,750,0,0,Node 02: Network 3
1224,2025-07-17,23,17,02,523952,0.542439,03,1250,0,0,Node 03: Network 3
1225,2025-07-17,23,17,03,475276,0.951324,01,250,0,0,Node 01: Network 3
1226,2025-07-17,23,17,03,983899,0.508623,02,750,0,0,Node 02: Network 3
1227,2025-07-17,23,17,04,526844,0.542945,03,1250,0,0,Node 03: Network 3
1228,2025-07-17,23,17,05,528291,1.001447,01,250,0,0,Node 01: Network 3
1229,2025-07-17,23,17,05,986000,0.457709,02,750,0,0,Node 02: Network 3
1230,2025-07-17,23,17,06,528218,0.542218,03,1250,0,0,Node 03: Network 3
1231,2025-07-17,23,17,07,529536,1.001318,01,250,0,0,Node 01: Network 3
1232,2025-07-17,23,17,07,987243,0.457707,02,750,0,0,Node 02: Network 3
1233,2025-07-17,23,17,08,577089,0.589846,03,1250,0,0,Node 03: Network 3
1234,2025-07-17,23,17,09,531058,0.953969,01,250,0,0,Node 01: Network 3
1235,2025-07-17,23,17,09,990739,0.459681,02,750,0,0,Node 02: Network 3
1236,2025-07-17,23,17,10,579298,0.588559,03,1250,0,0,Node 03: Network 3
1237,2025-07-17,23,17,11,531113,0.951815,01,250,0,0,Node 01: Network 3
1238,2025-07-17,23,17,11,991756,0.460643,02,750,0,0,Node 02: Network 3
1239,2025-07-17,23,17,12,580878,0.589122,03,1250,0,0,Node 03: Network 3
1240,2025-07-17,23,17,13,536221,0.955343,01,250,0,0,Node 01: Network 3
1241,2025-07-17,23,17,13,992495,0.456274,02,750,0,0,Node 02: Network 3
1242,2025-07-17,23,17,14,583710,0.591215,03,1250,0,0,Node 03: Network 3
1243,2025-07-17,23,17,15,536757,0.953047,01,250,0,0,Node 01: Network 3
1244,2025-07-17,23,17,15,995981,0.459224,02,750,0,0,Node 02: Network 3
1245,2025-07-17,23,17,16,585369,0.589388,03,1250,0,0,Node 03: Network 3
1246,2025-07-17,23,17,17,537033,0.951664,01,250,0,0,Node 01: Network 3
1247,2025-07-17,23,17,17,997264,0.460231,02,750,0,0,Node 02: Network 3
1248,2025-07-17,23,17,18,587735,0.590471,03,1250,0,0,Node 03: Network 3
1249,2025-07-17,23,17,19,542335,0.9546,01,250,0,0,Node 01: Network 3
1250,2025-07-17,23,17,20,086413,0.544078,02,750,0,0,Node 02: Network 3
1251,2025-07-17,23,17,20,591658,0.505245,03,1250,0,0,Node 03: Network 3
1252,2025-07-17,23,17,21,543051,0.951393,01,250,0,0,Node 01: Network 3
1253,2025-07-17,23,17,22,087632,0.544581,02,750,0,0,Node 02: Network 3
1254,2025-07-17,23,17,22,253021,0.165389,BB,0,1,0,
1255,2025-07-17,23,17,22,303079,0.050058,BB,0,1,0,02:1700:0:1
1256,2025-07-17,23,17,22,382978,0.079899,01,1082,0,1,
1257,2025-07-17,23,17,22,409184,0.026206,03,1036,0,1,
1258,2025-07-17,23,17,22,432939,0.023755,03,1818,0,1,1821:0:1
1259,2025-07-17,23,17,22,447006,0.014067,02,1037,0,1,
1260,2025-07-17,23,17,22,487962,0.040956,02,750,0,0,Node 02: Network 3
1261,2025-07-17,23,17,22,659729,0.171767,03,1250,0,0,Node 03: Network 3
1262,2025-07-17,23,17,22,691381,0.031652,01,256,0,0,Node 01: Network 3
1263,2025-07-17,23,17,22,731045,0.039664,02,780,0,0,Node 02: Network 3
1264,2025-07-17,23,17,22,795821,0.064776,01,281,0,0,Node 01: Network 3
1265,2025-07-17,23,17,22,879815,0.083994,02,750,0,0,Node 02: Network 3
1266,2025-07-17,23,17,22,963021,0.083206,03,1250,0,0,Node 03: Network 3
1267,2025-07-17,23,17,23,040582,0.077561,01,250,0,0,Node 01: Network 3
1268,2025-07-17,23,17,23,092658,0.052076,02,750,0,0,Node 02: Network 3
1269,2025-07-17,23,17,23,128773,0.036115,03,1250,0,0,Node 03: Network 3
1270,2025-07-17,23,17,23,204072,0.075299,03,1250,0,0,Node 03: Network 3
1271,2025-07-17,23,17,23,225094,0.021022,BB,0,1,0,
1272,2025-07-17,23,17,23,259317,0.034223,01,250,0,0,Node 01: Network 3
1273,2025-07-17,23,17,23,340573,0.081256,02,750,0,0,Node 02: Network 3
1274,2025-07-17,23,17,23,410906,0.070333,03,1250,0,0,Node 03: Network 3
1275,2025-07-17,23,17,23,473878,0.062972,01,281,0,0,Node 01: Network 3
1276,2025-07-17,23,17,23,569132,0.095254,02,780,0,0,Node 02: Network 3
1277,2025-07-17,23,17,24,299217,0.730085,03,1250,0,0,Node 03: Network 3
1278,2025-07-17,23,17,25,301595,1.002378,01,250,0,0,Node 01: Network 3
1279,2025-07-17,23,17,25,386593,0.084998,02,750,0,0,Node 02: Network 3
1280,2025-07-17,23,17,26,300546,0.913953,03,1250,0,0,Node 03: Network 3
1281,2025-07-17,23,17,27,123562,0.823016,BB,0,1,0,
1282,2025-07-17,23,17,29,127456,2.003894,BB,0,1,0,
1283,2025-07-17,23,17,29,204268,0.076812,01,147,0,1,
1284,2025-07-17,23,17,29,220367,0.016099,02,560,0,1,
1285,2025-07-17,23,17,29,233900,0.013533,03,149,0,1,
1286,2025-07-17,23,17,29,443344,0.209444,01,250,0,0,Node 01: Network 3
1287,2025-07-17,23,17,29,942879,0.499535,02,750,0,0,Node 02: Network 3
1288,2025-07-17,23,17,30,447524,0.504645,03,1250,0,0,Node 03: Network 3
1289,2025-07-17,23,17,31,443901,0.996377,01,250,0,0,Node 01: Network 3
1290,2025-07-17,23,17,31,945858,0.501957,02,750,0,0,Node 02: Network 3
1291,2025-07-17,23,17,32,503686,0.557828,03,1250,0,0,Node 03: Network 3
1292,2025-07-17,23,17,33,443298,0.939612,01,250,0,0,Node 01: Network 3
1293,2025-07-17,23,17,33,948301,0.505003,02,750,0,0,Node 02: Network 3
1294,2025-07-17,23,17,34,492915,0.544614,03,1250,0,0,Node 03: Network 3
1295,2025-07-17,23,17,35,444626,0.951711,01,250,0,0,Node 01: Network 3
1296,2025-07-17,23,17,35,948868,0.504242,02,750,0,0,Node 02: Network 3
1297,2025-07-17,23,17,36,495355,0.546487,03,1250,0,0,Node 03: Network 3
1298,2025-07-17,23,17,37,445470,0.950115,01,250,0,0,Node 01: Network 3
1299,2025-07-17,23,17,37,952685,0.507215,02,750,0,0,Node 02: Network 3
1300,2025-07-17,23,17,38,496987,0.544302,03,1250,0,0,Node 03: Network 3
1301,2025-07-17,23,17,39,446476,0.949489,01,250,0,0,Node 01: Network 3
1302,2025-07-17,23,17,40,499715,1.053239,03,1250,0,0,Node 03: Network 3
1303,2025-07-17,23,17,41,446522,0.946807,01,250,0,0,Node 01: Network 3
1304,2025-07-17,23,17,42,044226,0.597704,02,750,0,0,Node 02: Network 3
1305,2025-07-17,23,17,42,501614,0.457388,03,1250,0,0,Node 03: Network 3
1306,2025-07-17,23,17,43,447358,0.945744,01,250,0,0,Node 01: Network 3
1307,2025-07-17,23,17,44,045903,0.598545,02,750,0,0,Node 02: Network 3
1308,2025-07-17,23,17,44,495038,0.449135,03,1250,0,0,Node 03: Network 3
1309,2025-07-17,23,17,45,448209,0.953171,01,250,0,0,Node 01: Network 3
1310,2025-07-17,23,17,45,992895,0.544686,02,750,0,0,Node 02: Network 3
1311,2025-07-17,23,17,46,497355,0.50446,03,1250,0,0,Node 03: Network 3
1312,2025-07-17,23,17,47,449348,0.951993,01,250,0,0,Node 01: Network 3
1313,2025-07-17,23,17,47,994910,0.545562,02,750,0,0,Node 02: Network 3
1314,2025-07-17,23,17,48,498123,0.503213,03,1250,0,0,Node 03: Network 3
1315,2025-07-17,23,17,49,449196,0.951073,01,250,0,0,Node 01: Network 3
1316,2025-07-17,23,17,49,997427,0.548231,02,750,0,0,Node 02: Network 3
1317,2025-07-17,23,17,50,501495,0.504068,03,1250,0,0,Node 03: Network 3
1318,2025-07-17,23,17,51,540809,1.039314,01,250,0,0,Node 01: Network 3
1319,2025-07-17,23,17,51,998089,0.45728,02,750,0,0,Node 02: Network 3
1320,2025-07-17,23,17,52,502592,0.504503,03,1250,0,0,Node 03: Network 3
1321,2025-07-17,23,17,53,542275,1.039683,01,250,0,0,Node 01: Network 3
1322,2025-07-17,23,17,54,000064,0.457789,02,750,0,0,Node 02: Network 3
1323,2025-07-17,23,17,54,590270,0.590206,03,1250,0,0,Node 03: Network 3
1324,2025-07-17,23,17,55,543626,0.953356,01,250,0,0,Node 01: Network 3
1325,2025-07-17,23,17,56,134802,0.591176,02,750,0,0,Node 02: Network 3
1326,2025-07-17,23,17,56,596499,0.461697,03,1250,0,0,Node 03: Network 3
1327,2025-07-17,23,17,57,543834,0.947335,01,250,0,0,Node 01: Network 3
1328,2025-07-17,23,17,58,137402,0.593568,02,750,0,0,Node 02: Network 3
1329,2025-07-17,23,17,58,594583,0.457181,03,1250,0,0,Node 03: Network 3
1330,2025-07-17,23,17,59,545088,0.950505,01,250,0,0,Node 01: Network 3
1331,2025-07-17,23,18,00,140379,0.595291,02,750,0,0,Node 02: Network 3
1332,2025-07-17,23,18,00,596927,0.456548,03,1250,0,0,Node 03: Network 3
1333,2025-07-17,23,18,01,544877,0.94795,01,250,0,0,Node 01: Network 3
1334,2025-07-17,23,18,02,141018,0.596141,02,750,0,0,Node 02: Network 3
1335,2025-07-17,23,18,02,591183,0.450165,03,1250,0,0,Node 03: Network 3
1336,2025-07-17,23,18,03,545492,0.954309,01,250,0,0,Node 01: Network 3
1337,2025-07-17,23,18,04,143289,0.597797,02,750,0,0,Node 02: Network 3
1338,2025-07-17,23,18,04,592557,0.449268,03,1250,0,0,Node 03: Network 3
1339,2025-07-17,23,18,05,688216,1.095659,01,250,0,0,Node 01: Network 3
1340,2025-07-17,23,18,06,145674,0.457458,02,750,0,0,Node 02: Network 3
1341,2025-07-17,23,18,06,596398,0.450724,03,1251,0,0,Node 03: Network 3
1342,2025-07-17,23,18,07,689097,1.092699,01,250,0,0,Node 01: Network 3
1343,2025-07-17,23,18,08,147318,0.458221,02,750,0,0,Node 02: Network 3
1344,2025-07-17,23,18,08,735274,0.587956,03,1250,0,0,Node 03: Network 3
1345,2025-07-17,23,18,09,215634,0.48036,BB,0,1,0,
1346,2025-07-17,23,18,11,219871,2.004237,BB,0,1,0,
1347,2025-07-17,23,18,11,264827,0.044956,01,1852,0,1,
1348,2025-07-17,23,18,11,292886,0.028059,02,1892,0,1,
1349,2025-07-17,23,18,11,355168,0.062282,03,1807,0,1,
1350,2025-07-17,23,18,11,534533,0.179365,01,250,0,0,Node 01: Network 3
1351,2025-07-17,23,18,12,079284,0.544751,02,750,0,0,Node 02: Network 3
1352,2025-07-17,23,18,12,539166,0.459882,03,1250,0,0,Node 03: Network 3
1353,2025-07-17,23,18,13,536075,0.996909,01,250,0,0,Node 01: Network 3
1354,2025-07-17,23,18,14,082069,0.545994,02,750,0,0,Node 02: Network 3
1355,2025-07-17,23,18,14,540836,0.458767,03,1250,0,0,Node 03: Network 3
1356,2025-07-17,23,18,15,536108,0.995272,01,250,0,0,Node 01: Network 3
1357,2025-07-17,23,18,16,083413,0.547305,02,750,0,0,Node 02: Network 3
1358,2025-07-17,23,18,16,543695,0.460282,03,1250,0,0,Node 03: Network 3
1359,2025-07-17,23,18,17,537095,0.9934,01,250,0,0,Node 01: Network 3
1360,2025-07-17,23,18,18,086099,0.549004,02,750,0,0,Node 02: Network 3
1361,2025-07-17,23,18,18,546109,0.46001,03,1250,0,0,Node 03: Network 3
1362,2025-07-17,23,18,19,539640,0.993531,01,250,0,0,Node 01: Network 3
1363,2025-07-17,23,18,20,089886,0.550246,02,750,0,0,Node 02: Network 3
1364,2025-07-17,23,18,20,543864,0.453978,03,1250,0,0,Node 03: Network 3
1365,2025-07-17,23,18,21,539860,0.995996,01,250,0,0,Node 01: Network 3
1366,2025-07-17,23,18,22,093139,0.553279,02,750,0,0,Node 02: Network 3
1367,2025-07-17,23,18,22,549576,0.456437,03,1250,0,0,Node 03: Network 3
1368,2025-07-17,23,18,23,539714,0.990138,01,250,0,0,Node 01: Network 3
1369,2025-07-17,23,18,24,085087,0.545373,02,750,0,0,Node 02: Network 3
1370,2025-07-17,23,18,24,552280,0.467193,03,1250,0,0,Node 03: Network 3
1371,2025-07-17,23,18,25,629967,1.077687,01,250,0,0,Node 01: Network 3
1372,2025-07-17,23,18,26,086684,0.456717,02,750,0,0,Node 02: Network 3
1373,2025-07-17,23,18,26,675257,0.588573,03,1250,0,0,Node 03: Network 3
1374,2025-07-17,23,18,27,630757,0.9555,01,250,0,0,Node 01: Network 3
1375,2025-07-17,23,18,28,089371,0.458614,02,750,0,0,Node 02: Network 3
1376,2025-07-17,23,18,28,678540,0.589169,03,1250,0,0,Node 03: Network 3
1377,2025-07-17,23,18,29,630577,0.952037,01,250,0,0,Node 01: Network 3
1378,2025-07-17,23,18,30,091092,0.460515,02,750,0,0,Node 02: Network 3
1379,2025-07-17,23,18,30,681715,0.590623,03,1250,0,0,Node 03: Network 3
1380,2025-07-17,23,18,31,634997,0.953282,01,250,0,0,Node 01: Network 3
1381,2025-07-17,23,18,32,091898,0.456901,02,750,0,0,Node 02: Network 3
1382,2025-07-17,23,18,32,682901,0.591003,03,1250,0,0,Node 03: Network 3
1383,2025-07-17,23,18,33,635736,0.952835,01,250,0,0,Node 01: Network 3
1384,2025-07-17,23,18,34,227677,0.591941,02,750,0,0,Node 02: Network 3
1385,2025-07-17,23,18,34,685384,0.457707,03,1250,0,0,Node 03: Network 3
1386,2025-07-17,23,18,35,636765,0.951381,01,250,0,0,Node 01: Network 3
1387,2025-07-17,23,18,36,230290,0.593525,02,750,0,0,Node 02: Network 3
1388,2025-07-17,23,18,36,687472,0.457182,03,1250,0,0,Node 03: Network 3
1389,2025-07-17,23,18,37,636949,0.949477,01,250,0,0,Node 01: Network 3
1390,2025-07-17,23,18,38,231711,0.594762,02,750,0,0,Node 02: Network 3
1391,2025-07-17,23,18,38,711562,0.479851,03,1250,0,0,Node 03: Network 3
1392,2025-07-17,23,18,39,773922,1.06236,01,250,0,0,Node 01: Network 3
1393,2025-07-17,23,18,40,234576,0.460654,02,750,0,0,Node 02: Network 3
1394,2025-07-17,23,18,40,779989,0.545413,03,1250,0,0,Node 03: Network 3
1395,2025-07-17,23,18,41,778011,0.998022,01,250,0,0,Node 01: Network 3
1396,2025-07-17,23,18,42,323901,0.54589,02,750,0,0,Node 02: Network 3
1397,2025-07-17,23,18,42,782806,0.458905,03,1250,0,0,Node 03: Network 3
1398,2025-07-17,23,18,43,289663,0.506857,BB,0,1,0,
1399,2025-07-17,23,18,45,293970,2.004307,BB,0,1,0,
1400,2025-07-17,23,18,45,343277,0.049307,02,1790,0,1,
1401,2025-07-17,23,18,45,374486,0.031209,01,1749,0,1,
1402,2025-07-17,23,18,45,414628,0.040142,03,1833,0,1,
1403,2025-07-17,23,18,45,609825,0.195197,01,250,0,0,Node 01: Network 3
1404,2025-07-17,23,18,46,153888,0.544063,02,750,0,0,Node 02: Network 3
1405,2025-07-17,23,18,46,613448,0.45956,03,1250,0,0,Node 03: Network 3
1406,2025-07-17,23,18,47,698215,1.084767,01,250,0,0,Node 01: Network 3
1407,2025-07-17,23,18,48,157588,0.459373,02,750,0,0,Node 02: Network 3
1408,2025-07-17,23,18,48,614707,0.457119,03,1250,0,0,Node 03: Network 3
1409,2025-07-17,23,18,49,698490,1.083783,01,250,0,0,Node 01: Network 3
1410,2025-07-17,23,18,50,159543,0.461053,02,750,0,0,Node 02: Network 3
1411,2025-07-17,23,18,50,746516,0.586973,03,1250,0,0,Node 03: Network 3
1412,2025-07-17,23,18,51,699523,0.953007,01,250,0,0,Node 01: Network 3
1413,2025-07-17,23,18,52,161020,0.461497,02,750,0,0,Node 02: Network 3
1414,2025-07-17,23,18,52,746534,0.585514,03,1250,0,0,Node 03: Network 3
1415,2025-07-17,23,18,53,700002,0.953468,01,250,0,0,Node 01: Network 3
1416,2025-07-17,23,18,54,289041,0.589039,02,750,0,0,Node 02: Network 3
1417,2025-07-17,23,18,54,748371,0.45933,03,1250,0,0,Node 03: Network 3
1418,2025-07-17,23,18,55,700635,0.952264,01,250,0,0,Node 01: Network 3
1419,2025-07-17,23,18,56,293415,0.59278,02,750,0,0,Node 02: Network 3
1420,2025-07-17,23,18,56,750449,0.457034,03,1250,0,0,Node 03: Network 3
1421,2025-07-17,23,18,57,700474,0.950025,01,250,0,0,Node 01: Network 3
1422,2025-07-17,23,18,58,295267,0.594793,02,750,0,0,Node 02: Network 3
1423,2025-07-17,23,18,58,748620,0.453353,03,1251,0,0,Node 03: Network 3
1424,2025-07-17,23,18,59,703284,0.954664,01,251,0,0,Node 01: Network 3
1425,2025-07-17,23,19,00,297084,0.5938,02,750,0,0,Node 02: Network 3
1426,2025-07-17,23,19,00,751221,0.454137,03,1250,0,0,Node 03: Network 3
1427,2025-07-17,23,19,01,704036,0.952815,01,250,0,0,Node 01: Network 3
1428,2025-07-17,23,19,02,299022,0.594986,02,750,0,0,Node 02: Network 3
1429,2025-07-17,23,19,02,752227,0.453205,03,1250,0,0,Node 03: Network 3
1430,2025-07-17,23,19,03,704509,0.952282,01,250,0,0,Node 01: Network 3
1431,2025-07-17,23,19,04,300138,0.595629,02,750,0,0,Node 02: Network 3
1432,2025-07-17,23,19,04,754589,0.454451,03,1250,0,0,Node 03: Network 3
1433,2025-07-17,23,19,05,704181,0.949592,01,250,0,0,Node 01: Network 3
1434,2025-07-17,23,19,06,302121,0.59794,02,750,0,0,Node 02: Network 3
1435,2025-07-17,23,19,06,756352,0.454231,03,1250,0,0,Node 03: Network 3
1436,2025-07-17,23,19,07,847936,1.091584,01,250,0,0,Node 01: Network 3
1437,2025-07-17,23,19,08,299437,0.451501,02,750,0,0,Node 02: Network 3
1438,2025-07-17,23,19,08,758544,0.459107,03,1250,0,0,Node 03: Network 3
1439,2025-07-17,23,19,09,347387,0.588843,BB,0,1,0,
1440,2025-07-17,23,19,09,423392,0.076005,03,1659,0,1,
1441,2025-07-17,23,19,10,665420,1.242028,03,1250,0,0,Node 03: Network 3
1442,2025-07-17,23,19,11,706579,1.041159,01,250,0,0,Node 01: Network 3
1443,2025-07-17,23,19,12,208589,0.50201,02,750,0,0,Node 02: Network 3
1444,2025-07-17,23,19,12,668143,0.459554,03,1250,0,0,Node 03: Network 3
1445,2025-07-17,23,19,13,708547,1.040404,01,250,0,0,Node 01: Network 3
1446,2025-07-17,23,19,14,210722,0.502175,02,750,0,0,Node 02: Network 3
1447,2025-07-17,23,19,14,755022,0.5443,03,1250,0,0,Node 03: Network 3
1448,2025-07-17,23,19,15,754597,0.999575,01,250,0,0,Node 01: Network 3
1449,2025-07-17,23,19,16,213162,0.458565,02,750,0,0,Node 02: Network 3
1450,2025-07-17,23,19,16,756759,0.543597,03,1250,0,0,Node 03: Network 3
1451,2025-07-17,23,19,17,799698,1.042939,01,250,0,0,Node 01: Network 3
1452,2025-07-17,23,19,18,214547,0.414849,02,750,0,0,Node 02: Network 3
1453,2025-07-17,23,19,18,759639,0.545092,03,1250,0,0,Node 03: Network 3
1454,2025-07-17,23,19,19,802651,1.043012,01,250,0,0,Node 01: Network 3
1455,2025-07-17,23,19,20,216333,0.413682,02,750,0,0,Node 02: Network 3
1456,2025-07-17,23,19,20,761120,0.544787,03,1250,0,0,Node 03: Network 3
1457,2025-07-17,23,19,21,803931,1.042811,01,250,0,0,Node 01: Network 3
1458,2025-07-17,23,19,22,220077,0.416146,02,751,0,0,Node 02: Network 3
1459,2025-07-17,23,19,22,764041,0.543964,03,1250,0,0,Node 03: Network 3
1460,2025-07-17,23,19,23,803274,1.039233,01,250,0,0,Node 01: Network 3
1461,2025-07-17,23,19,24,220592,0.417318,02,750,0,0,Node 02: Network 3
1462,2025-07-17,23,19,24,765332,0.54474,03,1250,0,0,Node 03: Network 3
1463,2025-07-17,23,19,25,804466,1.039134,01,250,0,0,Node 01: Network 3
1464,2025-07-17,23,19,26,222975,0.418509,02,750,0,0,Node 02: Network 3
1465,2025-07-17,23,19,26,767328,0.544353,03,1250,0,0,Node 03: Network 3
1466,2025-07-17,23,19,27,805835,1.038507,01,250,0,0,Node 01: Network 3
1467,2025-07-17,23,19,28,224354,0.418519,02,750,0,0,Node 02: Network 3
1468,2025-07-17,23,19,28,770779,0.546425,03,1250,0,0,Node 03: Network 3
1469,2025-07-17,23,19,29,769059,0.99828,01,250,0,0,Node 01: Network 3
1470,2025-07-17,23,19,30,031220,0.262161,BB,0,1,0,
1471,2025-07-17,23,19,30,060853,0.029633,BB,0,1,0,
1472,2025-07-17,23,19,30,124969,0.064116,03,614,0,1,
1473,2025-07-17,23,19,30,137050,0.012081,01,615,0,1,
1474,2025-07-17,23,19,30,158310,0.02126,02,658,0,1,
1475,2025-07-17,23,19,30,189802,0.031492,BB,0,1,0,
1476,2025-07-17,23,19,30,242589,0.052787,03,149,0,1,147:0:1
1477,2025-07-17,23,19,30,314065,0.071476,01,1248,0,1,
1478,2025-07-17,23,19,30,441122,0.127057,01,250,0,0,Node 01: Network 3
1479,2025-07-17,23,19,30,501078,0.059956,02,750,0,0,Node 02: Network 3
1480,2025-07-17,23,19,30,566064,0.064986,03,1250,0,0,Node 03: Network 3
1481,2025-07-17,23,19,30,597350,0.031286,02,781,0,0,Node 02: Network 3
1482,2025-07-17,23,19,30,630956,0.033606,01,258,0,0,Node 01: Network 3
1483,2025-07-17,23,19,30,664186,0.03323,01,281,0,0,Node 01: Network 3
1484,2025-07-17,23,19,30,785877,0.121691,02,780,0,0,Node 02: Network 3
1485,2025-07-17,23,19,30,833038,0.047161,03,1250,0,0,Node 03: Network 3
1486,2025-07-17,23,19,30,876038,0.043,01,250,0,0,Node 01: Network 3
1487,2025-07-17,23,19,30,947241,0.071203,02,750,0,0,Node 02: Network 3
1488,2025-07-17,23,19,30,991364,0.044123,03,1250,0,0,Node 03: Network 3
1489,2025-07-17,23,19,31,041934,0.05057,01,250,0,0,Node 01: Network 3
1490,2025-07-17,23,19,31,147979,0.106045,02,750,0,0,Node 02: Network 3
1491,2025-07-17,23,19,31,185719,0.03774,02,750,0,0,Node 02: Network 3
1492,2025-07-17,23,19,31,394873,0.209154,BB,0,1,0,
1493,2025-07-17,23,19,33,399301,2.004428,BB,0,1,0,
1494,2025-07-17,23,19,33,444888,0.045587,03,1235,0,1,
1495,2025-07-17,23,19,33,478818,0.03393,01,1674,0,1,
1496,2025-07-17,23,19,33,492405,0.013587,02,1078,0,1,
1497,2025-07-17,23,19,33,714541,0.222136,01,250,0,0,Node 01: Network 3
1498,2025-07-17,23,19,34,216129,0.501588,02,750,0,0,Node 02: Network 3
1499,2025-07-17,23,19,34,717370,0.501241,03,1250,0,0,Node 03: Network 3
1500,2025-07-17,23,19,35,759511,1.042141,01,250,0,0,Node 01: Network 3
1501,2025-07-17,23,19,36,218547,0.459036,02,750,0,0,Node 02: Network 3
1502,2025-07-17,23,19,36,718650,0.500103,03,1250,0,0,Node 03: Network 3
1503,2025-07-17,23,19,37,760868,1.042218,01,250,0,0,Node 01: Network 3
1504,2025-07-17,23,19,38,304643,0.543775,02,750,0,0,Node 02: Network 3
1505,2025-07-17,23,19,38,722895,0.418252,03,1250,0,0,Node 03: Network 3
1506,2025-07-17,23,19,39,849223,1.126328,01,250,0,0,Node 01: Network 3
1507,2025-07-17,23,19,40,307011,0.457788,02,750,0,0,Node 02: Network 3
1508,2025-07-17,23,19,40,723598,0.416587,03,1250,0,0,Node 03: Network 3
1509,2025-07-17,23,19,41,850343,1.126745,01,250,0,0,Node 01: Network 3
1510,2025-07-17,23,19,42,308804,0.458461,02,750,0,0,Node 02: Network 3
1511,2025-07-17,23,19,42,725825,0.417021,03,1250,0,0,Node 03: Network 3
1512,2025-07-17,23,19,44,309732,1.583907,02,750,0,0,Node 02: Network 3
1513,2025-07-17,23,19,44,728542,0.41881,03,1250,0,0,Node 03: Network 3
1514,2025-07-17,23,19,45,855829,1.127287,01,250,0,0,Node 01: Network 3
1515,2025-07-17,23,19,46,312440,0.456611,02,750,0,0,Node 02: Network 3
1516,2025-07-17,23,19,46,729816,0.417376,03,1250,0,0,Node 03: Network 3
1517,2025-07-17,23,19,47,856598,1.126782,01,250,0,0,Node 01: Network 3
1518,2025-07-17,23,19,48,314603,0.458005,02,751,0,0,Node 02: Network 3
1519,2025-07-17,23,19,48,732126,0.417523,03,1250,0,0,Node 03: Network 3
1520,2025-07-17,23,19,49,856850,1.124724,01,250,0,0,Node 01: Network 3
1521,2025-07-17,23,19,50,277571,0.420721,02,750,0,0,Node 02: Network 3
1522,2025-07-17,23,19,50,734595,0.457024,03,1250,0,0,Node 03: Network 3
1523,2025-07-17,23,19,51,858159,1.123564,01,250,0,0,Node 01: Network 3
1524,2025-07-17,23,19,52,279490,0.421331,02,750,0,0,Node 02: Network 3
1525,2025-07-17,23,19,52,736722,0.457232,03,1250,0,0,Node 03: Network 3
1526,2025-07-17,23,19,53,822603,1.085881,01,250,0,0,Node 01: Network 3
1527,2025-07-17,23,19,54,280202,0.457599,02,750,0,0,Node 02: Network 3
1528,2025-07-17,23,19,54,738752,0.45855,03,1250,0,0,Node 03: Network 3
1529,2025-07-17,23,19,55,825627,1.086875,01,250,0,0,Node 01: Network 3
1530,2025-07-17,23,19,56,283033,0.457406,02,750,0,0,Node 02: Network 3
1531,2025-07-17,23,19,56,740784,0.457751,03,1250,0,0,Node 03: Network 3
1532,2025-07-17,23,19,57,827169,1.086385,01,250,0,0,Node 01: Network 3
1533,2025-07-17,23,19,58,284402,0.457233,02,750,0,0,Node 02: Network 3
1534,2025-07-17,23,19,58,743554,0.459152,03,1250,0,0,Node 03: Network 3
1535,2025-07-17,23,19,59,827534,1.08398,01,250,0,0,Node 01: Network 3
1536,2025-07-17,23,20,00,286834,0.4593,02,750,0,0,Node 02: Network 3
1537,2025-07-17,23,20,00,745764,0.45893,03,1250,0,0,Node 03: Network 3
1538,2025-07-17,23,20,01,830965,1.085201,01,250,0,0,Node 01: Network 3
1539,2025-07-17,23,20,02,287907,0.456942,02,750,0,0,Node 02: Network 3
1540,2025-07-17,23,20,02,747376,0.459469,03,1250,0,0,Node 03: Network 3
1541,2025-07-17,23,20,03,831350,1.083974,01,250,0,0,Node 01: Network 3
1542,2025-07-17,23,20,04,291269,0.459919,02,750,0,0,Node 02: Network 3
1543,2025-07-17,23,20,04,749449,0.45818,03,1250,0,0,Node 03: Network 3
1544,2025-07-17,23,20,05,831665,1.082216,01,250,0,0,Node 01: Network 3
1545,2025-07-17,23,20,06,294700,0.463035,02,750,0,0,Node 02: Network 3
1546,2025-07-17,23,20,06,877553,0.582853,03,1250,0,0,Node 03: Network 3
1547,2025-07-17,23,20,07,832705,0.955152,01,250,0,0,Node 01: Network 3
1548,2025-07-17,23,20,08,295162,0.462457,02,750,0,0,Node 02: Network 3
1549,2025-07-17,23,20,08,880633,0.585471,03,1250,0,0,Node 03: Network 3
1550,2025-07-17,23,20,09,833667,0.953034,01,250,0,0,Node 01: Network 3
1551,2025-07-17,23,20,10,297927,0.46426,02,750,0,0,Node 02: Network 3
1552,2025-07-17,23,20,10,882165,0.584238,03,1250,0,0,Node 03: Network 3
1553,2025-07-17,23,20,11,835420,0.953255,01,251,0,0,Node 01: Network 3
1554,2025-07-17,23,20,12,299337,0.463917,02,750,0,0,Node 02: Network 3
1555,2025-07-17,23,20,12,884377,0.58504,03,1250,0,0,Node 03: Network 3
1556,2025-07-17,23,20,13,835383,0.951006,01,250,0,0,Node 01: Network 3
1557,2025-07-17,23,20,14,302148,0.466765,02,750,0,0,Node 02: Network 3
1558,2025-07-17,23,20,14,886876,0.584728,03,1250,0,0,Node 03: Network 3
1559,2025-07-17,23,20,15,835699,0.948823,01,250,0,0,Node 01: Network 3
1560,2025-07-17,23,20,16,303626,0.467927,02,750,0,0,Node 02: Network 3
1561,2025-07-17,23,20,16,888640,0.585014,03,1250,0,0,Node 03: Network 3
1562,2025-07-17,23,20,17,848463,0.959823,01,250,0,0,Node 01: Network 3
1563,2025-07-17,23,20,18,305400,0.456937,02,750,0,0,Node 02: Network 3
1564,2025-07-17,23,20,18,891140,0.58574,03,1250,0,0,Node 03: Network 3
1565,2025-07-17,23,20,19,847647,0.956507,01,250,0,0,Node 01: Network 3
1566,2025-07-17,23,20,20,307762,0.460115,02,750,0,0,Node 02: Network 3
1567,2025-07-17,23,20,20,894248,0.586486,03,1250,0,0,Node 03: Network 3
1568,2025-07-17,23,20,21,849255,0.955007,01,250,0,0,Node 01: Network 3
1569,2025-07-17,23,20,22,309931,0.460676,02,750,0,0,Node 02: Network 3
1570,2025-07-17,23,20,22,895079,0.585148,03,1250,0,0,Node 03: Network 3
1571,2025-07-17,23,20,23,849108,0.954029,01,250,0,0,Node 01: Network 3
1572,2025-07-17,23,20,24,312320,0.463212,02,750,0,0,Node 02: Network 3
1573,2025-07-17,23,20,24,897543,0.585223,03,1250,0,0,Node 03: Network 3
1574,2025-07-17,23,20,25,849587,0.952044,01,250,0,0,Node 01: Network 3
1575,2025-07-17,23,20,26,314191,0.464604,02,750,0,0,Node 02: Network 3
1576,2025-07-17,23,20,26,899728,0.585537,03,1250,0,0,Node 03: Network 3
1577,2025-07-17,23,20,27,850633,0.950905,01,250,0,0,Node 01: Network 3
1578,2025-07-17,23,20,28,315810,0.465177,02,750,0,0,Node 02: Network 3
1579,2025-07-17,23,20,28,901994,0.586184,03,1250,0,0,Node 03: Network 3
1580,2025-07-17,23,20,29,850256,0.948262,01,250,0,0,Node 01: Network 3
1581,2025-07-17,23,20,30,316453,0.466197,02,750,0,0,Node 02: Network 3
1582,2025-07-17,23,20,30,904512,0.588059,03,1250,0,0,Node 03: Network 3
1583,2025-07-17,23,20,31,851862,0.94735,01,250,0,0,Node 01: Network 3
1584,2025-07-17,23,20,32,319873,0.468011,02,750,0,0,Node 02: Network 3
1585,2025-07-17,23,20,32,905585,0.585712,03,1250,0,0,Node 03: Network 3
1586,2025-07-17,23,20,33,853689,0.948104,01,250,0,0,Node 01: Network 3
1587,2025-07-17,23,20,34,321399,0.46771,02,750,0,0,Node 02: Network 3
1588,2025-07-17,23,20,34,908776,0.587377,03,1250,0,0,Node 03: Network 3
1589,2025-07-17,23,20,35,865888,0.957112,01,250,0,0,Node 01: Network 3
1590,2025-07-17,23,20,36,322595,0.456707,02,750,0,0,Node 02: Network 3
1591,2025-07-17,23,20,36,912558,0.589963,03,1250,0,0,Node 03: Network 3
1592,2025-07-17,23,20,37,867119,0.954561,01,250,0,0,Node 01: Network 3
1593,2025-07-17,23,20,38,325526,0.458407,02,750,0,0,Node 02: Network 3
1594,2025-07-17,23,20,38,872085,0.546559,03,1250,0,0,Node 03: Network 3
1595,2025-07-17,23,20,39,866850,0.994765,01,250,0,0,Node 01: Network 3
1596,2025-07-17,23,20,40,327946,0.461096,02,750,0,0,Node 02: Network 3
1597,2025-07-17,23,20,40,874925,0.546979,03,1250,0,0,Node 03: Network 3
1598,2025-07-17,23,20,41,867995,0.99307,01,250,0,0,Node 01: Network 3
1599,2025-07-17,23,20,42,418965,0.55097,02,750,0,0,Node 02: Network 3
1600,2025-07-17,23,20,42,877187,0.458222,03,1250,0,0,Node 03: Network 3
1601,2025-07-17,23,20,43,868263,0.991076,01,250,0,0,Node 01: Network 3
1602,2025-07-17,23,20,44,421460,0.553197,02,750,0,0,Node 02: Network 3
1603,2025-07-17,23,20,44,878749,0.457289,03,1250,0,0,Node 03: Network 3
1604,2025-07-17,23,20,45,869069,0.99032,01,250,0,0,Node 01: Network 3
1605,2025-07-17,23,20,46,422906,0.553837,02,750,0,0,Node 02: Network 3
1606,2025-07-17,23,20,46,881269,0.458363,03,1250,0,0,Node 03: Network 3
1607,2025-07-17,23,20,47,870423,0.989154,01,250,0,0,Node 01: Network 3
1608,2025-07-17,23,20,48,424698,0.554275,02,750,0,0,Node 02: Network 3
1609,2025-07-17,23,20,48,883834,0.459136,03,1250,0,0,Node 03: Network 3
1610,2025-07-17,23,20,49,870040,0.986206,01,250,0,0,Node 01: Network 3
1611,2025-07-17,23,20,50,427013,0.556973,02,750,0,0,Node 02: Network 3
1612,2025-07-17,23,20,50,885753,0.45874,03,1250,0,0,Node 03: Network 3
1613,2025-07-17,23,20,51,870915,0.985162,01,250,0,0,Node 01: Network 3
1614,2025-07-17,23,20,52,428390,0.557475,02,750,0,0,Node 02: Network 3
1615,2025-07-17,23,20,52,887042,0.458652,03,1250,0,0,Node 03: Network 3
1616,2025-07-17,23,20,53,871853,0.984811,01,250,0,0,Node 01: Network 3
1617,2025-07-17,23,20,54,430164,0.558311,02,750,0,0,Node 02: Network 3
1618,2025-07-17,23,20,54,889278,0.459114,03,1250,0,0,Node 03: Network 3
1619,2025-07-17,23,20,55,872637,0.983359,01,250,0,0,Node 01: Network 3
1620,2025-07-17,23,20,56,433505,0.560868,02,750,0,0,Node 02: Network 3
1621,2025-07-17,23,20,56,891737,0.458232,03,1250,0,0,Node 03: Network 3
1622,2025-07-17,23,20,57,873697,0.98196,01,250,0,0,Node 01: Network 3
1623,2025-07-17,23,20,58,435696,0.561999,02,750,0,0,Node 02: Network 3
1624,2025-07-17,23,20,58,894822,0.459126,03,1250,0,0,Node 03: Network 3
1625,2025-07-17,23,20,59,874640,0.979818,01,250,0,0,Node 01: Network 3
1626,2025-07-17,23,21,00,436208,0.561568,02,750,0,0,Node 02: Network 3
1627,2025-07-17,23,21,00,920545,0.484337,03,1250,0,0,Node 03: Network 3
1628,2025-07-17,23,21,01,875392,0.954847,01,250,0,0,Node 01: Network 3
1629,2025-07-17,23,21,02,464684,0.589292,02,750,0,0,Node 02: Network 3
1630,2025-07-17,23,21,02,921952,0.457268,03,1250,0,0,Node 03: Network 3
1631,2025-07-17,23,21,03,875163,0.953211,01,250,0,0,Node 01: Network 3
1632,2025-07-17,23,21,04,458371,0.583208,02,750,0,0,Node 02: Network 3
1633,2025-07-17,23,21,04,922206,0.463835,03,1250,0,0,Node 03: Network 3
1634,2025-07-17,23,21,05,875821,0.953615,01,250,0,0,Node 01: Network 3
1635,2025-07-17,23,21,06,470736,0.594915,02,750,0,0,Node 02: Network 3
1636,2025-07-17,23,21,06,925273,0.454537,03,1250,0,0,Node 03: Network 3
1637,2025-07-17,23,21,07,876396,0.951123,01,250,0,0,Node 01: Network 3
1638,2025-07-17,23,21,08,472795,0.596399,02,750,0,0,Node 02: Network 3
1639,2025-07-17,23,21,09,020217,0.547422,03,1250,0,0,Node 03: Network 3
1640,2025-07-17,23,21,09,877733,0.857516,01,250,0,0,Node 01: Network 3
1641,2025-07-17,23,21,10,473723,0.59599,02,750,0,0,Node 02: Network 3
1642,2025-07-17,23,21,10,925369,0.451646,03,1250,0,0,Node 03: Network 3
1643,2025-07-17,23,21,12,017159,1.09179,01,250,0,0,Node 01: Network 3
1644,2025-07-17,23,21,12,470759,0.4536,02,750,0,0,Node 02: Network 3
1645,2025-07-17,23,21,12,927395,0.456636,03,1250,0,0,Node 03: Network 3
1646,2025-07-17,23,21,14,018660,1.091265,01,250,0,0,Node 01: Network 3
1647,2025-07-17,23,21,14,471085,0.452425,02,750,0,0,Node 02: Network 3
1648,2025-07-17,23,21,14,929002,0.457917,03,1250,0,0,Node 03: Network 3
1649,2025-07-17,23,21,16,019048,1.090046,01,250,0,0,Node 01: Network 3
1650,2025-07-17,23,21,16,473428,0.45438,02,750,0,0,Node 02: Network 3
1651,2025-07-17,23,21,16,931521,0.458093,03,1250,0,0,Node 03: Network 3
1652,2025-07-17,23,21,18,019439,1.087918,01,250,0,0,Node 01: Network 3
1653,2025-07-17,23,21,18,474892,0.455453,02,750,0,0,Node 02: Network 3
1654,2025-07-17,23,21,19,065336,0.590444,03,1250,0,0,Node 03: Network 3
1655,2025-07-17,23,21,20,019527,0.954191,01,250,0,0,Node 01: Network 3
1656,2025-07-17,23,21,20,478072,0.458545,02,750,0,0,Node 02: Network 3
1657,2025-07-17,23,21,21,066562,0.58849,03,1250,0,0,Node 03: Network 3
1658,2025-07-17,23,21,22,019754,0.953192,01,250,0,0,Node 01: Network 3
1659,2025-07-17,23,21,22,479327,0.459573,02,750,0,0,Node 02: Network 3
1660,2025-07-17,23,21,23,069155,0.589828,03,1250,0,0,Node 03: Network 3
1661,2025-07-17,23,21,24,025008,0.955853,01,250,0,0,Node 01: Network 3
1662,2025-07-17,23,21,24,481174,0.456166,02,750,0,0,Node 02: Network 3
1663,2025-07-17,23,21,25,071096,0.589922,03,1250,0,0,Node 03: Network 3
1664,2025-07-17,23,21,26,024511,0.953415,01,250,0,0,Node 01: Network 3
1665,2025-07-17,23,21,26,484263,0.459752,02,750,0,0,Node 02: Network 3
1666,2025-07-17,23,21,27,073211,0.588948,03,1250,0,0,Node 03: Network 3
1667,2025-07-17,23,21,28,025885,0.952674,01,250,0,0,Node 01: Network 3
1668,2025-07-17,23,21,28,486421,0.460536,02,750,0,0,Node 02: Network 3
1669,2025-07-17,23,21,29,073860,0.587439,03,1250,0,0,Node 03: Network 3
1670,2025-07-17,23,21,30,027224,0.953364,01,251,0,0,Node 01: Network 3
1671,2025-07-17,23,21,30,487467,0.460243,02,750,0,0,Node 02: Network 3
1672,2025-07-17,23,21,31,076060,0.588593,03,1250,0,0,Node 03: Network 3
1673,2025-07-17,23,21,32,027413,0.951353,01,250,0,0,Node 01: Network 3
1674,2025-07-17,23,21,32,489184,0.461771,02,750,0,0,Node 02: Network 3
1675,2025-07-17,23,21,33,077290,0.588106,03,1250,0,0,Node 03: Network 3
1676,2025-07-17,23,21,34,027780,0.95049,01,250,0,0,Node 01: Network 3
1677,2025-07-17,23,21,34,491066,0.463286,02,750,0,0,Node 02: Network 3
1678,2025-07-17,23,21,35,079779,0.588713,03,1250,0,0,Node 03: Network 3
1679,2025-07-17,23,21,36,123166,1.043387,01,250,0,0,Node 01: Network 3
1680,2025-07-17,23,21,36,494116,0.37095,02,750,0,0,Node 02: Network 3
1681,2025-07-17,23,21,37,082360,0.588244,03,1250,0,0,Node 03: Network 3
1682,2025-07-17,23,21,38,123738,1.041378,01,250,0,0,Node 01: Network 3
1683,2025-07-17,23,21,38,392356,0.268618,BB,0,1,0,
1684,2025-07-17,23,21,38,470012,0.077656,BB,0,1,0,03:1235:0:1
1685,2025-07-17,23,21,38,503285,0.033273,03,712,0,1,
1686,2025-07-17,23,21,38,527471,0.024186,01,1674,0,1,1078:0:1
1687,2025-07-17,23,21,38,540084,0.012613,02,797,0,1,
1688,2025-07-17,23,21,38,552464,0.01238,01,670,0,1,
1689,2025-07-17,23,21,38,601630,0.049166,03,1250,0,0,Node 03: Network 3
1690,2025-07-17,23,21,38,763719,0.162089,01,250,0,0,Node 01: Network 3
1691,2025-07-17,23,21,38,874310,0.110591,02,750,0,0,Node 02: Network 3
1692,2025-07-17,23,21,38,906334,0.032024,01,250,0,0,Node 01: Network 3
1693,2025-07-17,23,21,39,011072,0.104738,02,750,0,0,Node 02: Network 3
1694,2025-07-17,23,21,39,043184,0.032112,01,281,0,0,Node 01: Network 3
1695,2025-07-17,23,21,39,076671,0.033487,01,250,0,0,Node 01: Network 3
1696,2025-07-17,23,21,39,142270,0.065599,01,250,0,0,Node 01: Network 3
1697,2025-07-17,23,21,39,175071,0.032801,02,750,0,0,Node 02: Network 3
1698,2025-07-17,23,21,39,209714,0.034643,03,1250,0,0,Node 03: Network 3
1699,2025-07-17,23,21,39,243560,0.033846,03,1250,0,0,Node 03: Network 3
1700,2025-07-17,23,21,39,367779,0.124219,01,250,0,0,Node 01: Network 3
1701,2025-07-17,23,21,39,412984,0.045205,02,777,0,0,Node 02: Network 3
1702,2025-07-17,23,21,39,446602,0.033618,02,750,0,0,Node 02: Network 3
1703,2025-07-17,23,21,39,674606,0.228004,BB,0,1,0,
1704,2025-07-17,23,21,41,677756,2.00315,BB,0,1,0,
1705,2025-07-17,23,21,41,737543,0.059787,01,1584,0,1,
1706,2025-07-17,23,21,41,764364,0.026821,03,1226,0,1,
1707,2025-07-17,23,21,41,804508,0.040144,02,1226,0,1,
1708,2025-07-17,23,21,41,994799,0.190291,01,250,0,0,Node 01: Network 3
1709,2025-07-17,23,21,42,494546,0.499747,02,750,0,0,Node 02: Network 3
1710,2025-07-17,23,21,42,998082,0.503536,03,1250,0,0,Node 03: Network 3
1711,2025-07-17,23,21,43,994905,0.996823,01,250,0,0,Node 01: Network 3
1712,2025-07-17,23,21,44,496224,0.501319,02,750,0,0,Node 02: Network 3
1713,2025-07-17,23,21,45,000502,0.504278,03,1250,0,0,Node 03: Network 3
1714,2025-07-17,23,21,45,995255,0.994753,01,250,0,0,Node 01: Network 3
1715,2025-07-17,23,21,46,498397,0.503142,02,750,0,0,Node 02: Network 3
1716,2025-07-17,23,21,47,001744,0.503347,03,1250,0,0,Node 03: Network 3
1717,2025-07-17,23,21,48,041336,1.039592,01,250,0,0,Node 01: Network 3
1718,2025-07-17,23,21,48,500558,0.459222,02,750,0,0,Node 02: Network 3
1719,2025-07-17,23,21,49,088113,0.587555,03,1250,0,0,Node 03: Network 3
1720,2025-07-17,23,21,50,043466,0.955353,01,250,0,0,Node 01: Network 3
1721,2025-07-17,23,21,50,503533,0.460067,02,750,0,0,Node 02: Network 3
1722,2025-07-17,23,21,51,091334,0.587801,03,1250,0,0,Node 03: Network 3
1723,2025-07-17,23,21,52,043957,0.952623,01,250,0,0,Node 01: Network 3
1724,2025-07-17,23,21,52,504712,0.460755,02,750,0,0,Node 02: Network 3
1725,2025-07-17,23,21,53,092810,0.588098,03,1250,0,0,Node 03: Network 3
1726,2025-07-17,23,21,54,044537,0.951727,01,250,0,0,Node 01: Network 3
1727,2025-07-17,23,21,54,507030,0.462493,02,750,0,0,Node 02: Network 3
1728,2025-07-17,23,21,55,095169,0.588139,03,1250,0,0,Node 03: Network 3
1729,2025-07-17,23,21,56,044948,0.949779,01,250,0,0,Node 01: Network 3
1730,2025-07-17,23,21,56,640658,0.59571,02,750,0,0,Node 02: Network 3
1731,2025-07-17,23,21,57,097344,0.456686,03,1250,0,0,Node 03: Network 3
1732,2025-07-17,23,21,58,045053,0.947709,01,250,0,0,Node 01: Network 3
1733,2025-07-17,23,21,58,641832,0.596779,02,750,0,0,Node 02: Network 3
1734,2025-07-17,23,21,59,099464,0.457632,03,1250,0,0,Node 03: Network 3
1735,2025-07-17,23,22,00,045431,0.945967,01,250,0,0,Node 01: Network 3
1736,2025-07-17,23,22,00,643661,0.59823,02,750,0,0,Node 02: Network 3
1737,2025-07-17,23,22,01,102394,0.458733,03,1250,0,0,Node 03: Network 3
1738,2025-07-17,23,22,02,046570,0.944176,01,250,0,0,Node 01: Network 3
1739,2025-07-17,23,22,02,646003,0.599433,02,750,0,0,Node 02: Network 3
1740,2025-07-17,23,22,03,104009,0.458006,03,1250,0,0,Node 03: Network 3
1741,2025-07-17,23,22,04,146576,1.042567,01,250,0,0,Node 01: Network 3
1742,2025-07-17,23,22,04,646669,0.500093,02,750,0,0,Node 02: Network 3
1743,2025-07-17,23,22,05,105764,0.459095,03,1250,0,0,Node 03: Network 3
1744,2025-07-17,23,22,06,147216,1.041452,01,250,0,0,Node 01: Network 3
1745,2025-07-17,23,22,06,650624,0.503408,02,751,0,0,Node 02: Network 3
1746,2025-07-17,23,22,07,108977,0.458353,03,1250,0,0,Node 03: Network 3
1747,2025-07-17,23,22,08,147796,1.038819,01,250,0,0,Node 01: Network 3
1748,2025-07-17,23,22,08,652434,0.504638,02,750,0,0,Node 02: Network 3
1749,2025-07-17,23,22,09,110549,0.458115,03,1250,0,0,Node 03: Network 3
1750,2025-07-17,23,22,10,147206,1.036657,01,250,0,0,Node 01: Network 3
1751,2025-07-17,23,22,10,652893,0.505687,02,750,0,0,Node 02: Network 3
1752,2025-07-17,23,22,11,113145,0.460252,03,1250,0,0,Node 03: Network 3
1753,2025-07-17,23,22,12,196828,1.083683,01,250,0,0,Node 01: Network 3
1754,2025-07-17,23,22,12,656311,0.459483,02,750,0,0,Node 02: Network 3
1755,2025-07-17,23,22,13,114803,0.458492,03,1250,0,0,Node 03: Network 3
1756,2025-07-17,23,22,14,198430,1.083627,01,250,0,0,Node 01: Network 3
1757,2025-07-17,23,22,14,659429,0.460999,02,750,0,0,Node 02: Network 3
1758,2025-07-17,23,22,15,117004,0.457575,03,1250,0,0,Node 03: Network 3
1759,2025-07-17,23,22,16,198235,1.081231,01,250,0,0,Node 01: Network 3
1760,2025-07-17,23,22,16,660531,0.462296,02,750,0,0,Node 02: Network 3
1761,2025-07-17,23,22,17,118387,0.457856,03,1250,0,0,Node 03: Network 3
1762,2025-07-17,23,22,18,200483,1.082096,01,250,0,0,Node 01: Network 3
1763,2025-07-17,23,22,18,662804,0.462321,02,750,0,0,Node 02: Network 3
1764,2025-07-17,23,22,19,120541,0.457737,03,1250,0,0,Node 03: Network 3
1765,2025-07-17,23,22,20,200115,1.079574,01,250,0,0,Node 01: Network 3
1766,2025-07-17,23,22,20,665091,0.464976,02,750,0,0,Node 02: Network 3
1767,2025-07-17,23,22,21,122592,0.457501,03,1250,0,0,Node 03: Network 3
1768,2025-07-17,23,22,22,201456,1.078864,01,250,0,0,Node 01: Network 3
1769,2025-07-17,23,22,22,665601,0.464145,02,750,0,0,Node 02: Network 3
1770,2025-07-17,23,22,23,125325,0.459724,03,1250,0,0,Node 03: Network 3
1771,2025-07-17,23,22,24,201671,1.076346,01,250,0,0,Node 01: Network 3
1772,2025-07-17,23,22,24,669406,0.467735,02,750,0,0,Node 02: Network 3
1773,2025-07-17,23,22,25,127427,0.458021,03,1250,0,0,Node 03: Network 3
1774,2025-07-17,23,22,26,202120,1.074693,01,250,0,0,Node 01: Network 3
1775,2025-07-17,23,22,26,671345,0.469225,02,750,0,0,Node 02: Network 3
1776,2025-07-17,23,22,27,249782,0.578437,03,1250,0,0,Node 03: Network 3
1777,2025-07-17,23,22,28,202532,0.95275,01,250,0,0,Node 01: Network 3
1778,2025-07-17,23,22,28,793668,0.591136,02,750,0,0,Node 02: Network 3
1779,2025-07-17,23,22,29,251338,0.45767,03,1250,0,0,Node 03: Network 3
1780,2025-07-17,23,22,29,782317,0.530979,BB,0,1,0,
1781,2025-07-17,23,22,31,787196,2.004879,BB,0,1,0,
1782,2025-07-17,23,22,31,844555,0.057359,01,1772,0,1,
1783,2025-07-17,23,22,31,878598,0.034043,03,1858,0,1,
1784,2025-07-17,23,22,31,895309,0.016711,02,1813,0,1,
1785,2025-07-17,23,22,32,103484,0.208175,01,250,0,0,Node 01: Network 3
1786,2025-07-17,23,22,33,105904,1.00242,03,1250,0,0,Node 03: Network 3
1787,2025-07-17,23,22,34,148169,1.042265,01,250,0,0,Node 01: Network 3
1788,2025-07-17,23,22,34,650945,0.502776,02,750,0,0,Node 02: Network 3
1789,2025-07-17,23,22,35,195073,0.544128,03,1250,0,0,Node 03: Network 3
1790,2025-07-17,23,22,36,148778,0.953705,01,250,0,0,Node 01: Network 3
1791,2025-07-17,23,22,36,653406,0.504628,02,750,0,0,Node 02: Network 3
1792,2025-07-17,23,22,37,197906,0.5445,03,1250,0,0,Node 03: Network 3
1793,2025-07-17,23,22,38,148765,0.950859,01,250,0,0,Node 01: Network 3
1794,2025-07-17,23,22,38,654225,0.50546,02,750,0,0,Node 02: Network 3
1795,2025-07-17,23,22,39,199430,0.545205,03,1250,0,0,Node 03: Network 3
1796,2025-07-17,23,22,40,149788,0.950358,01,250,0,0,Node 01: Network 3
1797,2025-07-17,23,22,40,656120,0.506332,02,750,0,0,Node 02: Network 3
1798,2025-07-17,23,22,41,201629,0.545509,03,1250,0,0,Node 03: Network 3
1799,2025-07-17,23,22,42,150692,0.949063,01,250,0,0,Node 01: Network 3
1800,2025-07-17,23,22,42,696029,0.545337,02,750,0,0,Node 02: Network 3
1801,2025-07-17,23,22,43,203328,0.507299,03,1250,0,0,Node 03: Network 3
1802,2025-07-17,23,22,44,151999,0.948671,01,250,0,0,Node 01: Network 3
1803,2025-07-17,23,22,44,747551,0.595552,02,750,0,0,Node 02: Network 3
1804,2025-07-17,23,22,45,206705,0.459154,03,1250,0,0,Node 03: Network 3
1805,2025-07-17,23,22,46,152198,0.945493,01,250,0,0,Node 01: Network 3
1806,2025-07-17,23,22,46,750092,0.597894,02,750,0,0,Node 02: Network 3
1807,2025-07-17,23,22,47,208498,0.458406,03,1250,0,0,Node 03: Network 3
1808,2025-07-17,23,22,48,294044,1.085546,01,250,0,0,Node 01: Network 3
1809,2025-07-17,23,22,48,752076,0.458032,02,750,0,0,Node 02: Network 3
1810,2025-07-17,23,22,49,341660,0.589584,03,1250,0,0,Node 03: Network 3
1811,2025-07-17,23,22,49,826532,0.484872,BB,0,1,0,
1812,2025-07-17,23,22,51,832008,2.005476,BB,0,1,0,
1813,2025-07-17,23,22,51,888826,0.056818,01,1857,0,1,
1814,2025-07-17,23,22,51,927376,0.03855,03,1812,0,1,
1815,2025-07-17,23,22,51,964551,0.037175,02,1900,0,1,
1816,2025-07-17,23,22,52,147181,0.18263,01,250,0,0,Node 01: Network 3
1817,2025-07-17,23,22,52,647378,0.500197,02,751,0,0,Node 02: Network 3
1818,2025-07-17,23,22,53,150727,0.503349,03,1250,0,0,Node 03: Network 3
1819,2025-07-17,23,22,54,147570,0.996843,01,250,0,0,Node 01: Network 3
1820,2025-07-17,23,22,54,650271,0.502701,02,750,0,0,Node 02: Network 3
1821,2025-07-17,23,22,55,153485,0.503214,03,1250,0,0,Node 03: Network 3
1822,2025-07-17,23,22,56,149171,0.995686,01,250,0,0,Node 01: Network 3
1823,2025-07-17,23,22,56,652122,0.502951,02,750,0,0,Node 02: Network 3
1824,2025-07-17,23,22,57,154862,0.50274,03,1250,0,0,Node 03: Network 3
1825,2025-07-17,23,22,58,149160,0.994298,01,250,0,0,Node 01: Network 3
1826,2025-07-17,23,22,58,652734,0.503574,02,750,0,0,Node 02: Network 3
1827,2025-07-17,23,22,59,157352,0.504618,03,1250,0,0,Node 03: Network 3
1828,2025-07-17,23,23,00,149815,0.992463,01,250,0,0,Node 01: Network 3
1829,2025-07-17,23,23,00,655600,0.505785,02,750,0,0,Node 02: Network 3
1830,2025-07-17,23,23,01,159200,0.5036,03,1250,0,0,Node 03: Network 3
1831,2025-07-17,23,23,02,151115,0.991915,01,250,0,0,Node 01: Network 3
1832,2025-07-17,23,23,02,703847,0.552732,02,750,0,0,Node 02: Network 3
1833,2025-07-17,23,23,03,196120,0.492273,03,1250,0,0,Node 03: Network 3
1834,2025-07-17,23,23,04,151836,0.955716,01,250,0,0,Node 01: Network 3
1835,2025-07-17,23,23,04,705840,0.554004,02,750,0,0,Node 02: Network 3
1836,2025-07-17,23,23,05,199004,0.493164,03,1250,0,0,Node 03: Network 3
1837,2025-07-17,23,23,06,151960,0.952956,01,250,0,0,Node 01: Network 3
1838,2025-07-17,23,23,06,707878,0.555918,02,750,0,0,Node 02: Network 3
1839,2025-07-17,23,23,07,201948,0.49407,03,1250,0,0,Node 03: Network 3
1840,2025-07-17,23,23,08,151779,0.949831,01,250,0,0,Node 01: Network 3
1841,2025-07-17,23,23,08,708669,0.55689,02,750,0,0,Node 02: Network 3
1842,2025-07-17,23,23,09,203956,0.495287,03,1250,0,0,Node 03: Network 3
1843,2025-07-17,23,23,10,154001,0.950045,01,250,0,0,Node 01: Network 3
1844,2025-07-17,23,23,10,711236,0.557235,02,750,0,0,Node 02: Network 3
1845,2025-07-17,23,23,11,206545,0.495309,03,1250,0,0,Node 03: Network 3
1846,2025-07-17,23,23,12,154207,0.947662,01,250,0,0,Node 01: Network 3
1847,2025-07-17,23,23,12,714371,0.560164,02,750,0,0,Node 02: Network 3
1848,2025-07-17,23,23,13,207864,0.493493,03,1250,0,0,Node 03: Network 3
1849,2025-07-17,23,23,14,155593,0.947729,01,250,0,0,Node 01: Network 3
1850,2025-07-17,23,23,14,715422,0.559829,02,750,0,0,Node 02: Network 3
1851,2025-07-17,23,23,15,209680,0.494258,03,1250,0,0,Node 03: Network 3
1852,2025-07-17,23,23,16,156172,0.946492,01,250,0,0,Node 01: Network 3
1853,2025-07-17,23,23,16,717778,0.561606,02,750,0,0,Node 02: Network 3
1854,2025-07-17,23,23,17,211894,0.494116,03,1250,0,0,Node 03: Network 3
1855,2025-07-17,23,23,18,255444,1.04355,01,250,0,0,Node 01: Network 3
1856,2025-07-17,23,23,18,719472,0.464028,02,750,0,0,Node 02: Network 3
1857,2025-07-17,23,23,19,213867,0.494395,03,1250,0,0,Node 03: Network 3
1858,2025-07-17,23,23,20,264349,1.050482,01,250,0,0,Node 01: Network 3
1859,2025-07-17,23,23,20,720602,0.456253,02,750,0,0,Node 02: Network 3
1860,2025-07-17,23,23,21,216719,0.496117,03,1250,0,0,Node 03: Network 3
1861,2025-07-17,23,23,22,263781,1.047062,01,250,0,0,Node 01: Network 3
1862,2025-07-17,23,23,22,723325,0.459544,02,750,0,0,Node 02: Network 3
1863,2025-07-17,23,23,23,218565,0.49524,03,1250,0,0,Node 03: Network 3
1864,2025-07-17,23,23,24,267954,1.049389,01,250,0,0,Node 01: Network 3
1865,2025-07-17,23,23,24,812082,0.544128,02,750,0,0,Node 02: Network 3
1866,2025-07-17,23,23,25,315771,0.503689,03,1250,0,0,Node 03: Network 3
1867,2025-07-17,23,23,26,268267,0.952496,01,250,0,0,Node 01: Network 3
1868,2025-07-17,23,23,26,815585,0.547318,02,751,0,0,Node 02: Network 3
1869,2025-07-17,23,23,27,317820,0.502235,03,1250,0,0,Node 03: Network 3
1870,2025-07-17,23,23,28,358682,1.040862,01,250,0,0,Node 01: Network 3
1871,2025-07-17,23,23,28,817103,0.458421,02,750,0,0,Node 02: Network 3
1872,2025-07-17,23,23,29,406610,0.589507,03,1250,0,0,Node 03: Network 3
1873,2025-07-17,23,23,30,359338,0.952728,01,250,0,0,Node 01: Network 3
1874,2025-07-17,23,23,30,818368,0.45903,02,750,0,0,Node 02: Network 3
1875,2025-07-17,23,23,31,409271,0.590903,03,1250,0,0,Node 03: Network 3
1876,2025-07-17,23,23,32,360205,0.950934,01,250,0,0,Node 01: Network 3
1877,2025-07-17,23,23,32,820586,0.460381,02,750,0,0,Node 02: Network 3
1878,2025-07-17,23,23,33,406847,0.586261,03,1250,0,0,Node 03: Network 3
1879,2025-07-17,23,23,34,360455,0.953608,01,250,0,0,Node 01: Network 3
1880,2025-07-17,23,23,34,823051,0.462596,02,750,0,0,Node 02: Network 3
1881,2025-07-17,23,23,35,406217,0.583166,03,1250,0,0,Node 03: Network 3
1882,2025-07-17,23,23,36,361675,0.955458,01,250,0,0,Node 01: Network 3
1883,2025-07-17,23,23,36,824618,0.462943,02,750,0,0,Node 02: Network 3
1884,2025-07-17,23,23,37,408636,0.584018,03,1250,0,0,Node 03: Network 3
1885,2025-07-17,23,23,38,361964,0.953328,01,250,0,0,Node 01: Network 3
1886,2025-07-17,23,23,38,826110,0.464146,02,750,0,0,Node 02: Network 3
1887,2025-07-17,23,23,39,411159,0.585049,03,1251,0,0,Node 03: Network 3
1888,2025-07-17,23,23,40,363469,0.95231,01,250,0,0,Node 01: Network 3
1889,2025-07-17,23,23,40,953084,0.589615,02,750,0,0,Node 02: Network 3
1890,2025-07-17,23,23,41,414417,0.461333,03,1250,0,0,Node 03: Network 3
1891,2025-07-17,23,23,41,940718,0.526301,BB,0,1,0,
1892,2025-07-17,23,23,43,945097,2.004379,BB,0,1,0,
1893,2025-07-17,23,23,44,000826,0.055729,02,1811,0,1,
1894,2025-07-17,23,23,44,019195,0.018369,03,1853,0,1,
1895,2025-07-17,23,23,44,058938,0.039743,01,1904,0,1,
1896,2025-07-17,23,23,44,261072,0.202134,01,251,0,0,Node 01: Network 3
1897,2025-07-17,23,23,44,761169,0.500097,02,750,0,0,Node 02: Network 3
1898,2025-07-17,23,23,45,264089,0.50292,03,1251,0,0,Node 03: Network 3
1899,2025-07-17,23,23,46,083238,0.819149,BB,0,1,0,
1900,2025-07-17,23,23,46,142448,0.05921,BB,0,1,0,01:1584:0:1
1901,2025-07-17,23,23,46,196985,0.054537,03,1226,0,1,1226:0:1
1902,2025-07-17,23,23,46,209140,0.012155,02,202,0,1,
1903,2025-07-17,23,23,46,221293,0.012153,03,203,0,1,
1904,2025-07-17,23,23,46,256591,0.035298,03,1250,0,0,Node 03: Network 3
1905,2025-07-17,23,23,46,268201,0.01161,01,204,0,1,
1906,2025-07-17,23,23,46,426772,0.158571,01,250,0,0,Node 01: Network 3
1907,2025-07-17,23,23,46,530544,0.103772,01,281,0,0,Node 01: Network 3
1908,2025-07-17,23,23,46,610751,0.080207,02,777,0,0,Node 02: Network 3
1909,2025-07-17,23,23,46,692286,0.081535,01,250,0,0,Node 01: Network 3
1910,2025-07-17,23,23,46,770769,0.078483,02,750,0,0,Node 02: Network 3
1911,2025-07-17,23,23,46,830388,0.059619,03,1250,0,0,Node 03: Network 3
1912,2025-07-17,23,23,46,897683,0.067295,01,250,0,0,Node 01: Network 3
1913,2025-07-17,23,23,46,930847,0.033164,02,750,0,0,Node 02: Network 3
1914,2025-07-17,23,23,46,990935,0.060088,03,1250,0,0,Node 03: Network 3
1915,2025-07-17,23,23,47,025296,0.034361,01,250,0,0,Node 01: Network 3
1916,2025-07-17,23,23,47,057018,0.031722,02,780,0,0,Node 02: Network 3
1917,2025-07-17,23,23,47,302011,0.244993,01,250,0,0,Node 01: Network 3
1918,2025-07-17,23,23,47,447079,0.145068,03,1250,0,0,Node 03: Network 3
1919,2025-07-17,23,23,47,953750,0.506671,BB,0,1,0,
1920,2025-07-17,23,23,51,962863,4.009113,BB,0,1,0,
1921,2025-07-17,23,23,52,017418,0.054555,03,1835,0,1,
1922,2025-07-17,23,23,52,033599,0.016181,02,1836,0,1,
1923,2025-07-17,23,23,52,046105,0.012506,01,982,0,1,
1924,2025-07-17,23,23,52,280638,0.234533,01,250,0,0,Node 01: Network 3
1925,2025-07-17,23,23,52,783385,0.502747,02,750,0,0,Node 02: Network 3
1926,2025-07-17,23,23,53,326720,0.543335,03,1250,0,0,Node 03: Network 3
1927,2025-07-17,23,23,54,279870,0.95315,01,250,0,0,Node 01: Network 3
1928,2025-07-17,23,23,54,872173,0.592303,02,750,0,0,Node 02: Network 3
1929,2025-07-17,23,23,55,329666,0.457493,03,1250,0,0,Node 03: Network 3
1930,2025-07-17,23,23,56,280830,0.951164,01,250,0,0,Node 01: Network 3
1931,2025-07-17,23,23,56,873818,0.592988,02,750,0,0,Node 02: Network 3
1932,2025-07-17,23,23,57,331612,0.457794,03,1250,0,0,Node 03: Network 3
1933,2025-07-17,23,23,58,281165,0.949553,01,250,0,0,Node 01: Network 3
1934,2025-07-17,23,23,58,875609,0.594444,02,750,0,0,Node 02: Network 3
1935,2025-07-17,23,23,59,332975,0.457366,03,1250,0,0,Node 03: Network 3
1936,2025-07-17,23,24,00,281934,0.948959,01,250,0,0,Node 01: Network 3
1937,2025-07-17,23,24,00,876812,0.594878,02,750,0,0,Node 02: Network 3
1938,2025-07-17,23,24,01,335618,0.458806,03,1250,0,0,Node 03: Network 3
1939,2025-07-17,23,24,02,282330,0.946712,01,250,0,0,Node 01: Network 3
1940,2025-07-17,23,24,02,880764,0.598434,02,750,0,0,Node 02: Network 3
1941,2025-07-17,23,24,03,337440,0.456676,03,1250,0,0,Node 03: Network 3
1942,2025-07-17,23,24,04,881978,1.544538,02,750,0,0,Node 02: Network 3
1943,2025-07-17,23,24,05,338327,0.456349,03,1250,0,0,Node 03: Network 3
1944,2025-07-17,23,24,06,426017,1.08769,01,250,0,0,Node 01: Network 3
1945,2025-07-17,23,24,06,883513,0.457496,02,750,0,0,Node 02: Network 3
1946,2025-07-17,23,24,07,341792,0.458279,03,1250,0,0,Node 03: Network 3
1947,2025-07-17,23,24,08,426967,1.085175,01,250,0,0,Node 01: Network 3
1948,2025-07-17,23,24,08,884886,0.457919,02,750,0,0,Node 02: Network 3
1949,2025-07-17,23,24,09,344785,0.459899,03,1250,0,0,Node 03: Network 3
1950,2025-07-17,23,24,10,427136,1.082351,01,250,0,0,Node 01: Network 3
1951,2025-07-17,23,24,10,888050,0.460914,02,750,0,0,Node 02: Network 3
1952,2025-07-17,23,24,11,346812,0.458762,03,1250,0,0,Node 03: Network 3
1953,2025-07-17,23,24,12,431841,1.085029,01,250,0,0,Node 01: Network 3
1954,2025-07-17,23,24,12,890111,0.45827,02,750,0,0,Node 02: Network 3
1955,2025-07-17,23,24,13,348887,0.458776,03,1250,0,0,Node 03: Network 3
1956,2025-07-17,23,24,14,433484,1.084597,01,250,0,0,Node 01: Network 3
1957,2025-07-17,23,24,14,892119,0.458635,02,750,0,0,Node 02: Network 3
1958,2025-07-17,23,24,15,349915,0.457796,03,1250,0,0,Node 03: Network 3
1959,2025-07-17,23,24,16,435043,1.085128,01,250,0,0,Node 01: Network 3
1960,2025-07-17,23,24,16,892642,0.457599,02,750,0,0,Node 02: Network 3
1961,2025-07-17,23,24,17,352981,0.460339,03,1250,0,0,Node 03: Network 3
1962,2025-07-17,23,24,18,434856,1.081875,01,250,0,0,Node 01: Network 3
1963,2025-07-17,23,24,18,896918,0.462062,02,750,0,0,Node 02: Network 3
1964,2025-07-17,23,24,19,353771,0.456853,03,1250,0,0,Node 03: Network 3
1965,2025-07-17,23,24,20,435144,1.081373,01,250,0,0,Node 01: Network 3
1966,2025-07-17,23,24,20,898789,0.463645,02,750,0,0,Node 02: Network 3
1967,2025-07-17,23,24,21,356275,0.457486,03,1250,0,0,Node 03: Network 3
1968,2025-07-17,23,24,22,436323,1.080048,01,250,0,0,Node 01: Network 3
1969,2025-07-17,23,24,22,901050,0.464727,02,750,0,0,Node 02: Network 3
1970,2025-07-17,23,24,23,482746,0.581696,03,1250,0,0,Node 03: Network 3
1971,2025-07-17,23,24,24,525303,1.042557,01,250,0,0,Node 01: Network 3
1972,2025-07-17,23,24,24,902915,0.377612,02,750,0,0,Node 02: Network 3
1973,2025-07-17,23,24,25,485552,0.582637,03,1250,0,0,Node 03: Network 3
1974,2025-07-17,23,24,26,446242,0.96069,01,250,0,0,Node 01: Network 3
1975,2025-07-17,23,24,27,028632,0.58239,02,750,0,0,Node 02: Network 3
1976,2025-07-17,23,24,27,487442,0.45881,03,1250,0,0,Node 03: Network 3
1977,2025-07-17,23,24,28,447379,0.959937,01,250,0,0,Node 01: Network 3
1978,2025-07-17,23,24,29,031807,0.584428,02,750,0,0,Node 02: Network 3
1979,2025-07-17,23,24,29,488978,0.457171,03,1250,0,0,Node 03: Network 3
1980,2025-07-17,23,24,30,447822,0.958844,01,250,0,0,Node 01: Network 3
1981,2025-07-17,23,24,31,033541,0.585719,02,750,0,0,Node 02: Network 3
1982,2025-07-17,23,24,31,490925,0.457384,03,1250,0,0,Node 03: Network 3
1983,2025-07-17,23,24,32,448461,0.957536,01,250,0,0,Node 01: Network 3
1984,2025-07-17,23,24,33,035631,0.58717,02,750,0,0,Node 02: Network 3
1985,2025-07-17,23,24,33,493831,0.4582,03,1250,0,0,Node 03: Network 3
1986,2025-07-17,23,24,34,449686,0.955855,01,250,0,0,Node 01: Network 3
1987,2025-07-17,23,24,35,037111,0.587425,02,750,0,0,Node 02: Network 3
1988,2025-07-17,23,24,35,495252,0.458141,03,1250,0,0,Node 03: Network 3
1989,2025-07-17,23,24,36,450015,0.954763,01,250,0,0,Node 01: Network 3
1990,2025-07-17,23,24,37,039153,0.589138,02,750,0,0,Node 02: Network 3
1991,2025-07-17,23,24,37,498492,0.459339,03,1250,0,0,Node 03: Network 3
1992,2025-07-17,23,24,38,584088,1.085596,01,250,0,0,Node 01: Network 3
1993,2025-07-17,23,24,39,041421,0.457333,02,750,0,0,Node 02: Network 3
1994,2025-07-17,23,24,39,500423,0.459002,03,1250,0,0,Node 03: Network 3
1995,2025-07-17,23,24,40,067189,0.566766,BB,0,1,0,
1996,2025-07-17,23,24,40,132446,0.065257,03,25,0,1,
1997,2025-07-17,23,24,41,387066,1.25462,03,1250,0,0,Node 03: Network 3
1998,2025-07-17,23,24,43,388139,2.001073,03,1250,0,0,Node 03: Network 3
1999,2025-07-17,23,24,44,431365,1.043226,01,250,0,0,Node 01: Network 3
2000,2025-07-17,23,24,44,931911,0.500546,02,750,0,0,Node 02: Network 3
2001,2025-07-17,23,24,45,390460,0.458549,03,1250,0,0,Node 03: Network 3
2002,2025-07-17,23,24,46,476531,1.086071,01,250,0,0,Node 01: Network 3
2003,2025-07-17,23,24,46,934384,0.457853,02,750,0,0,Node 02: Network 3
2004,2025-07-17,23,24,47,392754,0.45837,03,1250,0,0,Node 03: Network 3
2005,2025-07-17,23,24,48,478339,1.085585,01,250,0,0,Node 01: Network 3
2006,2025-07-17,23,24,48,937126,0.458787,02,750,0,0,Node 02: Network 3
2007,2025-07-17,23,24,49,394792,0.457666,03,1250,0,0,Node 03: Network 3
2008,2025-07-17,23,24,50,478203,1.083411,01,250,0,0,Node 01: Network 3
2009,2025-07-17,23,24,50,940019,0.461816,02,750,0,0,Node 02: Network 3
2010,2025-07-17,23,24,51,396587,0.456568,03,1250,0,0,Node 03: Network 3
2011,2025-07-17,23,24,52,483944,1.087357,01,250,0,0,Node 01: Network 3
2012,2025-07-17,23,24,52,941148,0.457204,02,750,0,0,Node 02: Network 3
2013,2025-07-17,23,24,53,530191,0.589043,03,1250,0,0,Node 03: Network 3
2014,2025-07-17,23,24,54,484258,0.954067,01,250,0,0,Node 01: Network 3
2015,2025-07-17,23,24,54,943384,0.459126,02,750,0,0,Node 02: Network 3
2016,2025-07-17,23,24,55,531813,0.588429,03,1250,0,0,Node 03: Network 3
2017,2025-07-17,23,24,56,484479,0.952666,01,250,0,0,Node 01: Network 3
2018,2025-07-17,23,24,56,945835,0.461356,02,750,0,0,Node 02: Network 3
2019,2025-07-17,23,24,57,533378,0.587543,03,1250,0,0,Node 03: Network 3
2020,2025-07-17,23,24,58,486215,0.952837,01,250,0,0,Node 01: Network 3
2021,2025-07-17,23,24,58,946326,0.460111,02,750,0,0,Node 02: Network 3
2022,2025-07-17,23,24,59,532900,0.586574,03,1250,0,0,Node 03: Network 3
2023,2025-07-17,23,25,00,487552,0.954652,01,250,0,0,Node 01: Network 3
2024,2025-07-17,23,25,00,948660,0.461108,02,750,0,0,Node 02: Network 3
2025,2025-07-17,23,25,01,534854,0.586194,03,1250,0,0,Node 03: Network 3
2026,2025-07-17,23,25,02,487602,0.952748,01,250,0,0,Node 01: Network 3
2027,2025-07-17,23,25,02,950745,0.463143,02,750,0,0,Node 02: Network 3
2028,2025-07-17,23,25,03,537008,0.586263,03,1250,0,0,Node 03: Network 3
2029,2025-07-17,23,25,04,487980,0.950972,01,250,0,0,Node 01: Network 3
2030,2025-07-17,23,25,04,954404,0.466424,02,750,0,0,Node 02: Network 3
2031,2025-07-17,23,25,05,500473,0.546069,03,1250,0,0,Node 03: Network 3
2032,2025-07-17,23,25,06,488305,0.987832,01,250,0,0,Node 01: Network 3
2033,2025-07-17,23,25,06,955115,0.46681,02,750,0,0,Node 02: Network 3
2034,2025-07-17,23,25,07,501910,0.546795,03,1250,0,0,Node 03: Network 3
2035,2025-07-17,23,25,08,499396,0.997486,01,250,0,0,Node 01: Network 3
2036,2025-07-17,23,25,08,957688,0.458292,02,750,0,0,Node 02: Network 3
2037,2025-07-17,23,25,09,503870,0.546182,03,1250,0,0,Node 03: Network 3
2038,2025-07-17,23,25,10,499502,0.995632,01,250,0,0,Node 01: Network 3
2039,2025-07-17,23,25,10,959562,0.46006,02,750,0,0,Node 02: Network 3
2040,2025-07-17,23,25,11,546479,0.586917,03,1250,0,0,Node 03: Network 3
2041,2025-07-17,23,25,12,500830,0.954351,01,250,0,0,Node 01: Network 3
2042,2025-07-17,23,25,13,091174,0.590344,02,750,0,0,Node 02: Network 3
2043,2025-07-17,23,25,13,549615,0.458441,03,1250,0,0,Node 03: Network 3
2044,2025-07-17,23,25,14,501051,0.951436,01,250,0,0,Node 01: Network 3
2045,2025-07-17,23,25,15,092945,0.591894,02,750,0,0,Node 02: Network 3
2046,2025-07-17,23,25,15,551734,0.458789,03,1250,0,0,Node 03: Network 3
2047,2025-07-17,23,25,16,502098,0.950364,01,250,0,0,Node 01: Network 3
2048,2025-07-17,23,25,17,095237,0.593139,02,750,0,0,Node 02: Network 3
2049,2025-07-17,23,25,17,550128,0.454891,03,1250,0,0,Node 03: Network 3
2050,2025-07-17,23,25,18,639629,1.089501,01,250,0,0,Node 01: Network 3
2051,2025-07-17,23,25,19,097115,0.457486,02,751,0,0,Node 02: Network 3
2052,2025-07-17,23,25,19,552051,0.454936,03,1250,0,0,Node 03: Network 3
2053,2025-07-17,23,25,20,639741,1.08769,01,250,0,0,Node 01: Network 3
2054,2025-07-17,23,25,21,096756,0.457015,02,750,0,0,Node 02: Network 3
2055,2025-07-17,23,25,21,553593,0.456837,03,1250,0,0,Node 03: Network 3
2056,2025-07-17,23,25,22,641370,1.087777,01,250,0,0,Node 01: Network 3
2057,2025-07-17,23,25,23,098729,0.457359,02,750,0,0,Node 02: Network 3
2058,2025-07-17,23,25,23,556026,0.457297,03,1250,0,0,Node 03: Network 3
2059,2025-07-17,23,25,24,644039,1.088013,01,250,0,0,Node 01: Network 3
2060,2025-07-17,23,25,25,099748,0.455709,02,750,0,0,Node 02: Network 3
2061,2025-07-17,23,25,25,557802,0.458054,03,1250,0,0,Node 03: Network 3
2062,2025-07-17,23,25,26,644274,1.086472,01,250,0,0,Node 01: Network 3
2063,2025-07-17,23,25,27,102379,0.458105,02,750,0,0,Node 02: Network 3
2064,2025-07-17,23,25,27,560070,0.457691,03,1250,0,0,Node 03: Network 3
2065,2025-07-17,23,25,28,645138,1.085068,01,250,0,0,Node 01: Network 3
2066,2025-07-17,23,25,29,103433,0.458295,02,750,0,0,Node 02: Network 3
2067,2025-07-17,23,25,29,562892,0.459459,03,1250,0,0,Node 03: Network 3
2068,2025-07-17,23,25,30,645708,1.082816,01,250,0,0,Node 01: Network 3
2069,2025-07-17,23,25,31,105210,0.459502,02,750,0,0,Node 02: Network 3
2070,2025-07-17,23,25,31,565221,0.460011,03,1250,0,0,Node 03: Network 3
2071,2025-07-17,23,25,32,646103,1.080882,01,250,0,0,Node 01: Network 3
2072,2025-07-17,23,25,33,108419,0.462316,02,750,0,0,Node 02: Network 3
2073,2025-07-17,23,25,33,567394,0.458975,03,1250,0,0,Node 03: Network 3
2074,2025-07-17,23,25,34,646374,1.07898,01,250,0,0,Node 01: Network 3
2075,2025-07-17,23,25,35,111708,0.465334,02,750,0,0,Node 02: Network 3
2076,2025-07-17,23,25,35,694320,0.582612,03,1250,0,0,Node 03: Network 3
2077,2025-07-17,23,25,36,189354,0.495034,BB,0,1,0,
2078,2025-07-17,23,25,36,257611,0.068257,03,87,0,1,
2079,2025-07-17,23,25,37,509713,1.252102,03,1250,0,0,Node 03: Network 3
2080,2025-07-17,23,25,38,552933,1.04322,01,250,0,0,Node 01: Network 3
2081,2025-07-17,23,25,39,053731,0.500798,02,750,0,0,Node 02: Network 3
2082,2025-07-17,23,25,39,511186,0.457455,03,1250,0,0,Node 03: Network 3
2083,2025-07-17,23,25,40,555278,1.044092,01,250,0,0,Node 01: Network 3
2084,2025-07-17,23,25,41,054320,0.499042,02,750,0,0,Node 02: Network 3
2085,2025-07-17,23,25,41,512859,0.458539,03,1250,0,0,Node 03: Network 3
2086,2025-07-17,23,25,42,555572,1.042713,01,250,0,0,Node 01: Network 3
2087,2025-07-17,23,25,43,057771,0.502199,02,751,0,0,Node 02: Network 3
2088,2025-07-17,23,25,43,514752,0.456981,03,1250,0,0,Node 03: Network 3
2089,2025-07-17,23,25,44,556277,1.041525,01,250,0,0,Node 01: Network 3
2090,2025-07-17,23,25,45,059616,0.503339,02,750,0,0,Node 02: Network 3
2091,2025-07-17,23,25,45,516291,0.456675,03,1250,0,0,Node 03: Network 3
2092,2025-07-17,23,25,46,556507,1.040216,01,250,0,0,Node 01: Network 3
2093,2025-07-17,23,25,47,061649,0.505142,02,750,0,0,Node 02: Network 3
2094,2025-07-17,23,25,47,518953,0.457304,03,1250,0,0,Node 03: Network 3
2095,2025-07-17,23,25,48,556471,1.037518,01,250,0,0,Node 01: Network 3
2096,2025-07-17,23,25,49,100885,0.544414,02,750,0,0,Node 02: Network 3
2097,2025-07-17,23,25,49,520182,0.419297,03,1250,0,0,Node 03: Network 3
2098,2025-07-17,23,25,50,557737,1.037555,01,250,0,0,Node 01: Network 3
2099,2025-07-17,23,25,51,102892,0.545155,02,750,0,0,Node 02: Network 3
2100,2025-07-17,23,25,51,523183,0.420291,03,1250,0,0,Node 03: Network 3
2101,2025-07-17,23,25,52,558944,1.035761,01,250,0,0,Node 01: Network 3
2102,2025-07-17,23,25,53,105217,0.546273,02,750,0,0,Node 02: Network 3
2103,2025-07-17,23,25,53,526498,0.421281,03,1250,0,0,Node 03: Network 3
2104,2025-07-17,23,25,54,560636,1.034138,01,250,0,0,Node 01: Network 3
2105,2025-07-17,23,25,55,104497,0.543861,02,750,0,0,Node 02: Network 3
2106,2025-07-17,23,25,55,417485,0.312988,BB,0,1,0,
2107,2025-07-17,23,25,55,490211,0.072726,BB,0,1,0,03:1835:0:1
2108,2025-07-17,23,25,55,550761,0.06055,03,1264,0,1,
2109,2025-07-17,23,25,55,591586,0.040825,02,1836,0,1,982:0:1
2110,2025-07-17,23,25,55,605260,0.013674,01,1253,0,1,
2111,2025-07-17,23,25,55,653427,0.048167,02,1207,0,1,
2112,2025-07-17,23,25,55,736873,0.083446,02,750,0,0,Node 02: Network 3
2113,2025-07-17,23,25,55,828653,0.09178,02,780,0,0,Node 02: Network 3
2114,2025-07-17,23,25,55,921878,0.093225,03,1250,0,0,Node 03: Network 3
2115,2025-07-17,23,25,55,970321,0.048443,01,268,0,0,Node 01: Network 3
2116,2025-07-17,23,25,56,044149,0.073828,03,1281,0,0,Node 03: Network 3
2117,2025-07-17,23,25,56,077729,0.03358,02,780,0,0,Node 02: Network 3
2118,2025-07-17,23,25,56,193746,0.116017,01,250,0,0,Node 01: Network 3
2119,2025-07-17,23,25,56,261376,0.06763,03,1250,0,0,Node 03: Network 3
2120,2025-07-17,23,25,56,271141,0.009765,BB,0,1,0,
2121,2025-07-17,23,25,56,381618,0.110477,01,250,0,0,Node 01: Network 3
2122,2025-07-17,23,25,56,468514,0.086896,02,750,0,0,Node 02: Network 3
2123,2025-07-17,23,25,56,500061,0.031547,01,281,0,0,Node 01: Network 3
2124,2025-07-17,23,25,56,542428,0.042367,03,1250,0,0,Node 03: Network 3
2125,2025-07-17,23,25,56,607021,0.064593,01,250,0,0,Node 01: Network 3
2126,2025-07-17,23,25,56,753453,0.146432,02,750,0,0,Node 02: Network 3
2127,2025-07-17,23,25,56,788250,0.034797,03,1250,0,0,Node 03: Network 3
2128,2025-07-17,23,25,56,923502,0.135252,02,750,0,0,Node 02: Network 3
2129,2025-07-17,23,25,57,418406,0.494904,03,1250,0,0,Node 03: Network 3
2130,2025-07-17,23,25,58,425058,1.006652,01,250,0,0,Node 01: Network 3
2131,2025-07-17,23,25,58,963448,0.53839,02,750,0,0,Node 02: Network 3
2132,2025-07-17,23,25,59,421310,0.457862,03,1250,0,0,Node 03: Network 3
2133,2025-07-17,23,26,00,425077,1.003767,01,250,0,0,Node 01: Network 3
2134,2025-07-17,23,26,00,965170,0.540093,02,750,0,0,Node 02: Network 3
2135,2025-07-17,23,26,01,422577,0.457407,03,1250,0,0,Node 03: Network 3
2136,2025-07-17,23,26,02,425329,1.002752,01,250,0,0,Node 01: Network 3
2137,2025-07-17,23,26,02,967308,0.541979,02,750,0,0,Node 02: Network 3
2138,2025-07-17,23,26,03,472751,0.505443,03,1250,0,0,Node 03: Network 3
2139,2025-07-17,23,26,04,426589,0.953838,01,250,0,0,Node 01: Network 3
2140,2025-07-17,23,26,04,967566,0.540977,02,750,0,0,Node 02: Network 3
2141,2025-07-17,23,26,05,475715,0.508149,03,1250,0,0,Node 03: Network 3
2142,2025-07-17,23,26,06,428852,0.953137,01,250,0,0,Node 01: Network 3
2143,2025-07-17,23,26,06,971131,0.542279,02,750,0,0,Node 02: Network 3
2144,2025-07-17,23,26,07,477553,0.506422,03,1250,0,0,Node 03: Network 3
2145,2025-07-17,23,26,08,428924,0.951371,01,250,0,0,Node 01: Network 3
2146,2025-07-17,23,26,08,973968,0.545044,02,750,0,0,Node 02: Network 3
2147,2025-07-17,23,26,09,479506,0.505538,03,1250,0,0,Node 03: Network 3
2148,2025-07-17,23,26,10,429891,0.950385,01,250,0,0,Node 01: Network 3
2149,2025-07-17,23,26,11,022837,0.592946,02,750,0,0,Node 02: Network 3
2150,2025-07-17,23,26,11,481154,0.458317,03,1250,0,0,Node 03: Network 3
2151,2025-07-17,23,26,12,429751,0.948597,01,250,0,0,Node 01: Network 3
2152,2025-07-17,23,26,13,025201,0.59545,02,750,0,0,Node 02: Network 3
2153,2025-07-17,23,26,13,482871,0.45767,03,1250,0,0,Node 03: Network 3
2154,2025-07-17,23,26,14,429336,0.946465,01,250,0,0,Node 01: Network 3
2155,2025-07-17,23,26,15,027112,0.597776,02,750,0,0,Node 02: Network 3
2156,2025-07-17,23,26,15,485388,0.458276,03,1250,0,0,Node 03: Network 3
2157,2025-07-17,23,26,16,431075,0.945687,01,250,0,0,Node 01: Network 3
2158,2025-07-17,23,26,17,029350,0.598275,02,750,0,0,Node 02: Network 3
2159,2025-07-17,23,26,17,489073,0.459723,03,1250,0,0,Node 03: Network 3
2160,2025-07-17,23,26,18,431937,0.942864,01,250,0,0,Node 01: Network 3
2161,2025-07-17,23,26,19,030451,0.598514,02,750,0,0,Node 02: Network 3
2162,2025-07-17,23,26,19,491113,0.460662,03,1250,0,0,Node 03: Network 3
2163,2025-07-17,23,26,20,431970,0.940857,01,250,0,0,Node 01: Network 3
2164,2025-07-17,23,26,21,032854,0.600884,02,750,0,0,Node 02: Network 3
2165,2025-07-17,23,26,21,478283,0.445429,03,1250,0,0,Node 03: Network 3
2166,2025-07-17,23,26,22,433700,0.955417,01,250,0,0,Node 01: Network 3
2167,2025-07-17,23,26,23,034758,0.601058,02,750,0,0,Node 02: Network 3
2168,2025-07-17,23,26,23,480596,0.445838,03,1250,0,0,Node 03: Network 3
2169,2025-07-17,23,26,24,433712,0.953116,01,250,0,0,Node 01: Network 3
2170,2025-07-17,23,26,25,037608,0.603896,02,750,0,0,Node 02: Network 3
2171,2025-07-17,23,26,25,482859,0.445251,03,1250,0,0,Node 03: Network 3
2172,2025-07-17,23,26,26,434791,0.951932,01,250,0,0,Node 01: Network 3
2173,2025-07-17,23,26,27,039436,0.604645,02,750,0,0,Node 02: Network 3
2174,2025-07-17,23,26,27,485748,0.446312,03,1251,0,0,Node 03: Network 3
2175,2025-07-17,23,26,28,583888,1.09814,01,251,0,0,Node 01: Network 3
2176,2025-07-17,23,26,29,041395,0.457507,02,750,0,0,Node 02: Network 3
2177,2025-07-17,23,26,29,487502,0.446107,03,1250,0,0,Node 03: Network 3
2178,2025-07-17,23,26,30,584533,1.097031,01,250,0,0,Node 01: Network 3
2179,2025-07-17,23,26,31,043570,0.459037,02,750,0,0,Node 02: Network 3
2180,2025-07-17,23,26,31,631689,0.588119,03,1250,0,0,Node 03: Network 3
2181,2025-07-17,23,26,32,587447,0.955758,01,250,0,0,Node 01: Network 3
2182,2025-07-17,23,26,33,043915,0.456468,02,750,0,0,Node 02: Network 3
2183,2025-07-17,23,26,33,634630,0.590715,03,1250,0,0,Node 03: Network 3
2184,2025-07-17,23,26,34,588767,0.954137,01,250,0,0,Node 01: Network 3
2185,2025-07-17,23,26,35,046406,0.457639,02,750,0,0,Node 02: Network 3
2186,2025-07-17,23,26,35,635574,0.589168,03,1250,0,0,Node 03: Network 3
2187,2025-07-17,23,26,36,588845,0.953271,01,250,0,0,Node 01: Network 3
2188,2025-07-17,23,26,37,047999,0.459154,02,750,0,0,Node 02: Network 3
2189,2025-07-17,23,26,37,637701,0.589702,03,1250,0,0,Node 03: Network 3
2190,2025-07-17,23,26,38,589630,0.951929,01,250,0,0,Node 01: Network 3
2191,2025-07-17,23,26,39,050992,0.461362,02,750,0,0,Node 02: Network 3
2192,2025-07-17,23,26,39,639729,0.588737,03,1250,0,0,Node 03: Network 3
2193,2025-07-17,23,26,40,590296,0.950567,01,250,0,0,Node 01: Network 3
2194,2025-07-17,23,26,41,053381,0.463085,02,750,0,0,Node 02: Network 3
2195,2025-07-17,23,26,41,641382,0.588001,03,1250,0,0,Node 03: Network 3
2196,2025-07-17,23,26,42,591747,0.950365,01,250,0,0,Node 01: Network 3
2197,2025-07-17,23,26,43,055550,0.463803,02,750,0,0,Node 02: Network 3
2198,2025-07-17,23,26,43,636946,0.581396,03,1250,0,0,Node 03: Network 3
2199,2025-07-17,23,26,44,592297,0.955351,01,250,0,0,Node 01: Network 3
2200,2025-07-17,23,26,45,056535,0.464238,02,750,0,0,Node 02: Network 3
2201,2025-07-17,23,26,45,602856,0.546321,03,1250,0,0,Node 03: Network 3
2202,2025-07-17,23,26,46,593204,0.990348,01,250,0,0,Node 01: Network 3
2203,2025-07-17,23,26,47,059589,0.466385,02,750,0,0,Node 02: Network 3
2204,2025-07-17,23,26,47,604817,0.545228,03,1250,0,0,Node 03: Network 3
2205,2025-07-17,23,26,48,602438,0.997621,01,250,0,0,Node 01: Network 3
2206,2025-07-17,23,26,49,060624,0.458186,02,750,0,0,Node 02: Network 3
2207,2025-07-17,23,26,49,607683,0.547059,03,1250,0,0,Node 03: Network 3
2208,2025-07-17,23,26,50,604483,0.9968,01,250,0,0,Node 01: Network 3
2209,2025-07-17,23,26,51,063398,0.458915,02,750,0,0,Node 02: Network 3
2210,2025-07-17,23,26,51,609933,0.546535,03,1250,0,0,Node 03: Network 3
2211,2025-07-17,23,26,52,605129,0.995196,01,250,0,0,Node 01: Network 3
2212,2025-07-17,23,26,53,064343,0.459214,02,750,0,0,Node 02: Network 3
2213,2025-07-17,23,26,53,652160,0.587817,03,1250,0,0,Node 03: Network 3
2214,2025-07-17,23,26,54,608169,0.956009,01,250,0,0,Node 01: Network 3
2215,2025-07-17,23,26,55,195382,0.587213,02,750,0,0,Node 02: Network 3
2216,2025-07-17,23,26,55,654456,0.459074,03,1250,0,0,Node 03: Network 3
2217,2025-07-17,23,26,56,739676,1.08522,01,250,0,0,Node 01: Network 3
2218,2025-07-17,23,26,57,198656,0.45898,02,750,0,0,Node 02: Network 3
2219,2025-07-17,23,26,57,656335,0.457679,03,1250,0,0,Node 03: Network 3
2220,2025-07-17,23,26,58,739196,1.082861,01,250,0,0,Node 01: Network 3
2221,2025-07-17,23,26,59,200319,0.461123,02,750,0,0,Node 02: Network 3
2222,2025-07-17,23,26,59,786496,0.586177,03,1250,0,0,Node 03: Network 3
2223,2025-07-17,23,27,00,740225,0.953729,01,250,0,0,Node 01: Network 3
2224,2025-07-17,23,27,01,202790,0.462565,02,750,0,0,Node 02: Network 3
2225,2025-07-17,23,27,01,788223,0.585433,03,1250,0,0,Node 03: Network 3
2226,2025-07-17,23,27,02,740269,0.952046,01,250,0,0,Node 01: Network 3
2227,2025-07-17,23,27,03,203389,0.46312,02,750,0,0,Node 02: Network 3
2228,2025-07-17,23,27,03,790047,0.586658,03,1250,0,0,Node 03: Network 3
2229,2025-07-17,23,27,04,741731,0.951684,01,250,0,0,Node 01: Network 3
2230,2025-07-17,23,27,05,206185,0.464454,02,750,0,0,Node 02: Network 3
2231,2025-07-17,23,27,05,788362,0.582177,03,1250,0,0,Node 03: Network 3
2232,2025-07-17,23,27,06,742290,0.953928,01,250,0,0,Node 01: Network 3
2233,2025-07-17,23,27,07,333044,0.590754,02,750,0,0,Node 02: Network 3
2234,2025-07-17,23,27,07,789201,0.456157,03,1250,0,0,Node 03: Network 3
2235,2025-07-17,23,27,08,743814,0.954613,01,250,0,0,Node 01: Network 3
2236,2025-07-17,23,27,09,335152,0.591338,02,750,0,0,Node 02: Network 3
2237,2025-07-17,23,27,09,791175,0.456023,03,1250,0,0,Node 03: Network 3
2238,2025-07-17,23,27,10,744501,0.953326,01,250,0,0,Node 01: Network 3
2239,2025-07-17,23,27,11,335166,0.590665,02,750,0,0,Node 02: Network 3
2240,2025-07-17,23,27,11,793848,0.458682,03,1250,0,0,Node 03: Network 3
2241,2025-07-17,23,27,12,745022,0.951174,01,250,0,0,Node 01: Network 3
2242,2025-07-17,23,27,13,337408,0.592386,02,750,0,0,Node 02: Network 3
2243,2025-07-17,23,27,13,790238,0.45283,03,1250,0,0,Node 03: Network 3
2244,2025-07-17,23,27,14,745003,0.954765,01,250,0,0,Node 01: Network 3
2245,2025-07-17,23,27,15,339482,0.594479,02,750,0,0,Node 02: Network 3
2246,2025-07-17,23,27,15,792739,0.453257,03,1250,0,0,Node 03: Network 3
2247,2025-07-17,23,27,16,745779,0.95304,01,250,0,0,Node 01: Network 3
2248,2025-07-17,23,27,17,340905,0.595126,02,750,0,0,Node 02: Network 3
2249,2025-07-17,23,27,17,796179,0.455274,03,1250,0,0,Node 03: Network 3
2250,2025-07-17,23,27,18,746638,0.950459,01,250,0,0,Node 01: Network 3
2251,2025-07-17,23,27,19,340166,0.593528,02,750,0,0,Node 02: Network 3
2252,2025-07-17,23,27,19,798285,0.458119,03,1250,0,0,Node 03: Network 3
2253,2025-07-17,23,27,20,747083,0.948798,01,250,0,0,Node 01: Network 3
2254,2025-07-17,23,27,21,341582,0.594499,02,750,0,0,Node 02: Network 3
2255,2025-07-17,23,27,21,799749,0.458167,03,1250,0,0,Node 03: Network 3
2256,2025-07-17,23,27,22,747964,0.948215,01,250,0,0,Node 01: Network 3
2257,2025-07-17,23,27,23,343910,0.595946,02,750,0,0,Node 02: Network 3
2258,2025-07-17,23,27,23,802076,0.458166,03,1250,0,0,Node 03: Network 3
2259,2025-07-17,23,27,24,748819,0.946743,01,250,0,0,Node 01: Network 3
2260,2025-07-17,23,27,25,346815,0.597996,02,751,0,0,Node 02: Network 3
2261,2025-07-17,23,27,25,804455,0.45764,03,1250,0,0,Node 03: Network 3
2262,2025-07-17,23,27,26,750080,0.945625,01,250,0,0,Node 01: Network 3
2263,2025-07-17,23,27,27,348412,0.598332,02,750,0,0,Node 02: Network 3
2264,2025-07-17,23,27,27,806175,0.457763,03,1250,0,0,Node 03: Network 3
2265,2025-07-17,23,27,28,750022,0.943847,01,250,0,0,Node 01: Network 3
2266,2025-07-17,23,27,29,349873,0.599851,02,750,0,0,Node 02: Network 3
2267,2025-07-17,23,27,29,808986,0.459113,03,1250,0,0,Node 03: Network 3
2268,2025-07-17,23,27,30,895295,1.086309,01,250,0,0,Node 01: Network 3
2269,2025-07-17,23,27,31,351654,0.456359,02,750,0,0,Node 02: Network 3
2270,2025-07-17,23,27,31,809947,0.458293,03,1250,0,0,Node 03: Network 3
2271,2025-07-17,23,27,32,895715,1.085768,01,250,0,0,Node 01: Network 3
2272,2025-07-17,23,27,33,354347,0.458632,02,750,0,0,Node 02: Network 3
2273,2025-07-17,23,27,33,812787,0.45844,03,1250,0,0,Node 03: Network 3
2274,2025-07-17,23,27,34,895987,1.0832,01,250,0,0,Node 01: Network 3
2275,2025-07-17,23,27,35,355668,0.459681,02,750,0,0,Node 02: Network 3
2276,2025-07-17,23,27,35,815248,0.45958,03,1250,0,0,Node 03: Network 3
2277,2025-07-17,23,27,36,900177,1.084929,01,250,0,0,Node 01: Network 3
2278,2025-07-17,23,27,37,358068,0.457891,02,750,0,0,Node 02: Network 3
2279,2025-07-17,23,27,37,816716,0.458648,03,1250,0,0,Node 03: Network 3
2280,2025-07-17,23,27,38,900696,1.08398,01,250,0,0,Node 01: Network 3
2281,2025-07-17,23,27,39,359482,0.458786,02,750,0,0,Node 02: Network 3
2282,2025-07-17,23,27,39,819615,0.460133,03,1250,0,0,Node 03: Network 3
2283,2025-07-17,23,27,40,903066,1.083451,01,250,0,0,Node 01: Network 3
2284,2025-07-17,23,27,41,363137,0.460071,02,751,0,0,Node 02: Network 3
2285,2025-07-17,23,27,41,906848,0.543711,03,1250,0,0,Node 03: Network 3
2286,2025-07-17,23,27,42,903515,0.996667,01,250,0,0,Node 01: Network 3
2287,2025-07-17,23,27,43,364706,0.461191,02,750,0,0,Node 02: Network 3
2288,2025-07-17,23,27,43,950371,0.585665,03,1250,0,0,Node 03: Network 3
2289,2025-07-17,23,27,44,909193,0.958822,01,250,0,0,Node 01: Network 3
2290,2025-07-17,23,27,45,366048,0.456855,02,750,0,0,Node 02: Network 3
2291,2025-07-17,23,27,45,952380,0.586332,03,1250,0,0,Node 03: Network 3
2292,2025-07-17,23,27,46,911497,0.959117,01,250,0,0,Node 01: Network 3
2293,2025-07-17,23,27,47,367551,0.456054,02,750,0,0,Node 02: Network 3
2294,2025-07-17,23,27,47,956383,0.588832,03,1251,0,0,Node 03: Network 3
2295,2025-07-17,23,27,48,911837,0.955454,01,250,0,0,Node 01: Network 3
2296,2025-07-17,23,27,49,368920,0.457083,02,750,0,0,Node 02: Network 3
2297,2025-07-17,23,27,49,959343,0.590423,03,1250,0,0,Node 03: Network 3
2298,2025-07-17,23,27,50,912866,0.953523,01,250,0,0,Node 01: Network 3
2299,2025-07-17,23,27,51,371502,0.458636,02,750,0,0,Node 02: Network 3
2300,2025-07-17,23,27,51,961543,0.590041,03,1250,0,0,Node 03: Network 3
2301,2025-07-17,23,27,52,914119,0.952576,01,250,0,0,Node 01: Network 3
2302,2025-07-17,23,27,53,456968,0.542849,02,750,0,0,Node 02: Network 3
2303,2025-07-17,23,27,53,963146,0.506178,03,1250,0,0,Node 03: Network 3
2304,2025-07-17,23,27,55,001407,1.038261,01,250,0,0,Node 01: Network 3
2305,2025-07-17,23,27,55,460403,0.458996,02,750,0,0,Node 02: Network 3
2306,2025-07-17,23,27,55,965618,0.505215,03,1250,0,0,Node 03: Network 3
2307,2025-07-17,23,27,56,494727,0.529109,BB,0,1,0,
2308,2025-07-17,23,27,58,499716,2.004989,BB,0,1,0,
2309,2025-07-17,23,27,58,555911,0.056195,01,1820,0,1,
2310,2025-07-17,23,27,58,589546,0.033635,03,1856,0,1,
2311,2025-07-17,23,27,58,609729,0.020183,02,1859,0,1,
2312,2025-07-17,23,27,59,316317,0.706588,02,750,0,0,Node 02: Network 3
2313,2025-07-17,23,27,59,819511,0.503194,03,1250,0,0,Node 03: Network 3
2314,2025-07-17,23,28,00,862029,1.042518,01,250,0,0,Node 01: Network 3
2315,2025-07-17,23,28,01,317989,0.45596,02,750,0,0,Node 02: Network 3
2316,2025-07-17,23,28,01,545084,0.227095,0twork 3,,,,
2317,2025-07-17,23,28,01,577196,0.032112,,03,1,0,0:Node 03: Network 3
2318,2025-07-17,23,28,01,598212,0.021016,BB,0,1,0,
2319,2025-07-17,23,28,01,692275,0.094063,01,250,0,0,Node 01: Network 3
2320,2025-07-17,23,28,01,748322,0.056047,02,750,0,0,Node 02: Network 3
2321,2025-07-17,23,28,01,789955,0.041633,01,281,0,0,Node 01: Network 3
2322,2025-07-17,23,28,01,823315,0.03336,01,281,0,0,Node 01: Network 3
2323,2025-07-17,23,28,01,908182,0.084867,02,750,0,0,Node 02: Network 3
2324,2025-07-17,23,28,01,994106,0.085924,03,1250,0,0,Node 03: Network 3
2325,2025-07-17,23,28,02,049698,0.055592,01,250,0,0,Node 01: Network 3
2326,2025-07-17,23,28,02,104498,0.0548,02,750,0,0,Node 02: Network 3
2327,2025-07-17,23,28,02,182497,0.077999,03,1250,0,0,Node 03: Network 3
2328,2025-07-17,23,28,02,224674,0.042177,01,250,0,0,Node 01: Network 3
2329,2025-07-17,23,28,02,274015,0.049341,02,750,0,0,Node 02: Network 3
2330,2025-07-17,23,28,02,306752,0.032737,02,770,0,0,Node 02: Network 3
2331,2025-07-17,23,28,02,434165,0.127413,03,1250,0,0,Node 03: Network 3
2332,2025-07-17,23,28,02,508383,0.074218,BB,0,1,0,
2333,2025-07-17,23,28,04,513024,2.004641,BB,0,1,0,
2334,2025-07-17,23,28,04,563226,0.050202,03,1098,0,1,
2335,2025-07-17,23,28,04,584716,0.02149,02,1097,0,1,
2336,2025-07-17,23,28,04,636444,0.051728,01,1100,0,1,
2337,2025-07-17,23,28,04,829289,0.192845,01,250,0,0,Node 01: Network 3
2338,2025-07-17,23,28,05,328223,0.498934,02,750,0,0,Node 02: Network 3
2339,2025-07-17,23,28,05,832781,0.504558,03,1250,0,0,Node 03: Network 3
2340,2025-07-17,23,28,06,873305,1.040524,01,250,0,0,Node 01: Network 3
2341,2025-07-17,23,28,07,330973,0.457668,02,750,0,0,Node 02: Network 3
2342,2025-07-17,23,28,07,834352,0.503379,03,1250,0,0,Node 03: Network 3
2343,2025-07-17,23,28,08,873761,1.039409,01,250,0,0,Node 01: Network 3
2344,2025-07-17,23,28,09,333154,0.459393,02,750,0,0,Node 02: Network 3
2345,2025-07-17,23,28,09,835699,0.502545,03,1250,0,0,Node 03: Network 3
2346,2025-07-17,23,28,10,879274,1.043575,01,250,0,0,Node 01: Network 3
2347,2025-07-17,23,28,11,335879,0.456605,02,750,0,0,Node 02: Network 3
2348,2025-07-17,23,28,11,838375,0.502496,03,1250,0,0,Node 03: Network 3
2349,2025-07-17,23,28,12,879947,1.041572,01,250,0,0,Node 01: Network 3
2350,2025-07-17,23,28,13,337159,0.457212,02,750,0,0,Node 02: Network 3
2351,2025-07-17,23,28,13,840537,0.503378,03,1250,0,0,Node 03: Network 3
2352,2025-07-17,23,28,14,880102,1.039565,01,250,0,0,Node 01: Network 3
2353,2025-07-17,23,28,15,338625,0.458523,02,750,0,0,Node 02: Network 3
2354,2025-07-17,23,28,15,842933,0.504308,03,1250,0,0,Node 03: Network 3
2355,2025-07-17,23,28,16,880234,1.037301,01,250,0,0,Node 01: Network 3
2356,2025-07-17,23,28,17,341336,0.461102,02,750,0,0,Node 02: Network 3
2357,2025-07-17,23,28,17,928298,0.586962,03,1250,0,0,Node 03: Network 3
2358,2025-07-17,23,28,18,886648,0.95835,01,250,0,0,Node 01: Network 3
2359,2025-07-17,23,28,19,342720,0.456072,02,750,0,0,Node 02: Network 3
2360,2025-07-17,23,28,19,930748,0.588028,03,1250,0,0,Node 03: Network 3
2361,2025-07-17,23,28,20,886433,0.955685,01,250,0,0,Node 01: Network 3
2362,2025-07-17,23,28,21,344475,0.458042,02,750,0,0,Node 02: Network 3
2363,2025-07-17,23,28,21,932917,0.588442,03,1250,0,0,Node 03: Network 3
2364,2025-07-17,23,28,22,887041,0.954124,01,250,0,0,Node 01: Network 3
2365,2025-07-17,23,28,23,346072,0.459031,02,750,0,0,Node 02: Network 3
2366,2025-07-17,23,28,23,933309,0.587237,03,1250,0,0,Node 03: Network 3
2367,2025-07-17,23,28,24,888154,0.954845,01,250,0,0,Node 01: Network 3
2368,2025-07-17,23,28,25,349475,0.461321,02,750,0,0,Node 02: Network 3
2369,2025-07-17,23,28,25,935528,0.586053,03,1250,0,0,Node 03: Network 3
2370,2025-07-17,23,28,26,893480,0.957952,01,250,0,0,Node 01: Network 3
2371,2025-07-17,23,28,27,350665,0.457185,02,750,0,0,Node 02: Network 3
2372,2025-07-17,23,28,27,936904,0.586239,03,1250,0,0,Node 03: Network 3
2373,2025-07-17,23,28,28,895219,0.958315,01,250,0,0,Node 01: Network 3
2374,2025-07-17,23,28,29,351892,0.456673,02,750,0,0,Node 02: Network 3
2375,2025-07-17,23,28,29,941073,0.589181,03,1250,0,0,Node 03: Network 3
2376,2025-07-17,23,28,30,895284,0.954211,01,250,0,0,Node 01: Network 3
2377,2025-07-17,23,28,31,355092,0.459808,02,750,0,0,Node 02: Network 3
2378,2025-07-17,23,28,31,943145,0.588053,03,1250,0,0,Node 03: Network 3
2379,2025-07-17,23,28,32,895049,0.951904,01,250,0,0,Node 01: Network 3
2380,2025-07-17,23,28,33,356187,0.461138,02,750,0,0,Node 02: Network 3
2381,2025-07-17,23,28,33,944993,0.588806,03,1250,0,0,Node 03: Network 3
2382,2025-07-17,23,28,34,895531,0.950538,01,250,0,0,Node 01: Network 3
2383,2025-07-17,23,28,35,359017,0.463486,02,750,0,0,Node 02: Network 3
2384,2025-07-17,23,28,35,945840,0.586823,03,1250,0,0,Node 03: Network 3
2385,2025-07-17,23,28,36,896944,0.951104,01,250,0,0,Node 01: Network 3
2386,2025-07-17,23,28,37,359999,0.463055,02,750,0,0,Node 02: Network 3
2387,2025-07-17,23,28,37,948621,0.588622,03,1250,0,0,Node 03: Network 3
2388,2025-07-17,23,28,38,897348,0.948727,01,250,0,0,Node 01: Network 3
2389,2025-07-17,23,28,39,362326,0.464978,02,750,0,0,Node 02: Network 3
2390,2025-07-17,23,28,39,944102,0.581776,03,1250,0,0,Node 03: Network 3
2391,2025-07-17,23,28,40,897531,0.953429,01,250,0,0,Node 01: Network 3
2392,2025-07-17,23,28,41,365166,0.467635,02,750,0,0,Node 02: Network 3
2393,2025-07-17,23,28,41,945033,0.579867,03,1250,0,0,Node 03: Network 3
2394,2025-07-17,23,28,42,899753,0.95472,01,250,0,0,Node 01: Network 3
2395,2025-07-17,23,28,43,367788,0.468035,02,750,0,0,Node 02: Network 3
2396,2025-07-17,23,28,43,948661,0.580873,03,1250,0,0,Node 03: Network 3
2397,2025-07-17,23,28,44,899896,0.951235,01,250,0,0,Node 01: Network 3
2398,2025-07-17,23,28,45,492876,0.59298,02,750,0,0,Node 02: Network 3
2399,2025-07-17,23,28,46,040739,0.547863,03,1250,0,0,Node 03: Network 3
2400,2025-07-17,23,28,46,901077,0.860338,01,250,0,0,Node 01: Network 3
2401,2025-07-17,23,28,47,585038,0.683961,02,750,0,0,Node 02: Network 3
2402,2025-07-17,23,28,48,042997,0.457959,03,1250,0,0,Node 03: Network 3
2403,2025-07-17,23,28,48,901591,0.858594,01,250,0,0,Node 01: Network 3
2404,2025-07-17,23,28,49,586685,0.685094,02,750,0,0,Node 02: Network 3
2405,2025-07-17,23,28,50,044729,0.458044,03,1250,0,0,Node 03: Network 3
2406,2025-07-17,23,28,50,901839,0.85711,01,250,0,0,Node 01: Network 3
2407,2025-07-17,23,28,51,589194,0.687355,02,750,0,0,Node 02: Network 3
2408,2025-07-17,23,28,52,134939,0.545745,03,1250,0,0,Node 03: Network 3
2409,2025-07-17,23,28,52,617816,0.482877,BB,0,1,0,
2410,2025-07-17,23,28,54,620908,2.003092,BB,0,1,0,
2411,2025-07-17,23,28,54,655301,0.034393,01,41,0,1,
2412,2025-07-17,23,28,54,706761,0.05146,03,1808,0,1,
2413,2025-07-17,23,28,54,720231,0.01347,02,1852,0,1,
2414,2025-07-17,23,28,54,937017,0.216786,01,250,0,0,Node 01: Network 3
2415,2025-07-17,23,28,55,436706,0.499689,02,750,0,0,Node 02: Network 3
2416,2025-07-17,23,28,55,940892,0.504186,03,1250,0,0,Node 03: Network 3
2417,2025-07-17,23,28,56,979866,1.038974,01,250,0,0,Node 01: Network 3
2418,2025-07-17,23,28,57,438786,0.45892,02,750,0,0,Node 02: Network 3
2419,2025-07-17,23,28,58,026726,0.58794,03,1250,0,0,Node 03: Network 3
2420,2025-07-17,23,28,58,980950,0.954224,01,250,0,0,Node 01: Network 3
2421,2025-07-17,23,28,59,439951,0.459001,02,750,0,0,Node 02: Network 3
2422,2025-07-17,23,29,00,029359,0.589408,03,1250,0,0,Node 03: Network 3
2423,2025-07-17,23,29,00,981485,0.952126,01,250,0,0,Node 01: Network 3
2424,2025-07-17,23,29,01,443085,0.4616,02,750,0,0,Node 02: Network 3
2425,2025-07-17,23,29,02,028920,0.585835,03,1250,0,0,Node 03: Network 3
2426,2025-07-17,23,29,02,982459,0.953539,01,250,0,0,Node 01: Network 3
2427,2025-07-17,23,29,03,573472,0.591013,02,750,0,0,Node 02: Network 3
2428,2025-07-17,23,29,04,028351,0.454879,03,1250,0,0,Node 03: Network 3
2429,2025-07-17,23,29,04,982722,0.954371,01,250,0,0,Node 01: Network 3
2430,2025-07-17,23,29,05,575091,0.592369,02,750,0,0,Node 02: Network 3
2431,2025-07-17,23,29,06,031557,0.456466,03,1250,0,0,Node 03: Network 3
2432,2025-07-17,23,29,06,983712,0.952155,01,250,0,0,Node 01: Network 3
2433,2025-07-17,23,29,07,577610,0.593898,02,750,0,0,Node 02: Network 3
2434,2025-07-17,23,29,08,124413,0.546803,03,1250,0,0,Node 03: Network 3
2435,2025-07-17,23,29,08,983596,0.859183,01,250,0,0,Node 01: Network 3
2436,2025-07-17,23,29,09,578475,0.594879,02,750,0,0,Node 02: Network 3
2437,2025-07-17,23,29,10,126872,0.548397,03,1250,0,0,Node 03: Network 3
2438,2025-07-17,23,29,10,985895,0.859023,01,250,0,0,Node 01: Network 3
2439,2025-07-17,23,29,11,580236,0.594341,02,750,0,0,Node 02: Network 3
2440,2025-07-17,23,29,12,033671,0.453435,03,1250,0,0,Node 03: Network 3
2441,2025-07-17,23,29,13,124353,1.090682,01,250,0,0,Node 01: Network 3
2442,2025-07-17,23,29,13,582743,0.45839,02,750,0,0,Node 02: Network 3
2443,2025-07-17,23,29,14,035752,0.453009,03,1250,0,0,Node 03: Network 3
2444,2025-07-17,23,29,15,127622,1.09187,01,251,0,0,Node 01: Network 3
2445,2025-07-17,23,29,15,578276,0.450654,02,750,0,0,Node 02: Network 3
2446,2025-07-17,23,29,16,174526,0.59625,03,1250,0,0,Node 03: Network 3
2447,2025-07-17,23,29,16,669759,0.495233,BB,0,1,0,
2448,2025-07-17,23,29,16,737483,0.067724,03,331,0,1,
2449,2025-07-17,23,29,17,988881,1.251398,03,1250,0,0,Node 03: Network 3
2450,2025-07-17,23,29,19,032844,1.043963,01,250,0,0,Node 01: Network 3
2451,2025-07-17,23,29,19,533416,0.500572,02,750,0,0,Node 02: Network 3
2452,2025-07-17,23,29,20,081173,0.547757,03,1250,0,0,Node 03: Network 3
2453,2025-07-17,23,29,21,033084,0.951911,01,250,0,0,Node 01: Network 3
2454,2025-07-17,23,29,21,626726,0.593642,02,750,0,0,Node 02: Network 3
2455,2025-07-17,23,29,22,082761,0.456035,03,1250,0,0,Node 03: Network 3
2456,2025-07-17,23,29,23,033208,0.950447,01,250,0,0,Node 01: Network 3
2457,2025-07-17,23,29,23,628139,0.594931,02,750,0,0,Node 02: Network 3
2458,2025-07-17,23,29,24,085470,0.457331,03,1250,0,0,Node 03: Network 3
2459,2025-07-17,23,29,25,128359,1.042889,01,250,0,0,Node 01: Network 3
2460,2025-07-17,23,29,25,671855,0.543496,02,750,0,0,Node 02: Network 3
2461,2025-07-17,23,29,26,086808,0.414953,03,1250,0,0,Node 03: Network 3
2462,2025-07-17,23,29,27,128948,1.04214,01,250,0,0,Node 01: Network 3
2463,2025-07-17,23,29,27,674271,0.545323,02,750,0,0,Node 02: Network 3
2464,2025-07-17,23,29,28,089948,0.415677,03,1250,0,0,Node 03: Network 3
2465,2025-07-17,23,29,29,128481,1.038533,01,250,0,0,Node 01: Network 3
2466,2025-07-17,23,29,29,675396,0.546915,02,750,0,0,Node 02: Network 3
2467,2025-07-17,23,29,30,091089,0.415693,03,1250,0,0,Node 03: Network 3
2468,2025-07-17,23,29,31,129853,1.038764,01,250,0,0,Node 01: Network 3
2469,2025-07-17,23,29,31,678666,0.548813,02,750,0,0,Node 02: Network 3
2470,2025-07-17,23,29,32,093772,0.415106,03,1250,0,0,Node 03: Network 3
2471,2025-07-17,23,29,33,130278,1.036506,01,250,0,0,Node 01: Network 3
2472,2025-07-17,23,29,33,676253,0.545975,02,750,0,0,Node 02: Network 3
2473,2025-07-17,23,29,34,095612,0.419359,03,1250,0,0,Node 03: Network 3
2474,2025-07-17,23,29,35,131740,1.036128,01,250,0,0,Node 01: Network 3
2475,2025-07-17,23,29,35,677815,0.546075,02,750,0,0,Node 02: Network 3
2476,2025-07-17,23,29,36,177990,0.500175,03,1250,0,0,Node 03: Network 3
2477,2025-07-17,23,29,37,132136,0.954146,01,250,0,0,Node 01: Network 3
2478,2025-07-17,23,29,37,680359,0.548223,02,750,0,0,Node 02: Network 3
2479,2025-07-17,23,29,38,179573,0.499214,03,1250,0,0,Node 03: Network 3
2480,2025-07-17,23,29,39,133235,0.953662,01,250,0,0,Node 01: Network 3
2481,2025-07-17,23,29,39,681532,0.548297,02,750,0,0,Node 02: Network 3
2482,2025-07-17,23,29,40,181190,0.499658,03,1250,0,0,Node 03: Network 3
2483,2025-07-17,23,29,41,133582,0.952392,01,250,0,0,Node 01: Network 3
2484,2025-07-17,23,29,41,683138,0.549556,02,750,0,0,Node 02: Network 3
2485,2025-07-17,23,29,42,183459,0.500321,03,1250,0,0,Node 03: Network 3
2486,2025-07-17,23,29,43,134033,0.950574,01,250,0,0,Node 01: Network 3
2487,2025-07-17,23,29,43,685701,0.551668,02,750,0,0,Node 02: Network 3
2488,2025-07-17,23,29,44,185479,0.499778,03,1250,0,0,Node 03: Network 3
2489,2025-07-17,23,29,45,135127,0.949648,01,250,0,0,Node 01: Network 3
2490,2025-07-17,23,29,45,728984,0.593857,02,750,0,0,Node 02: Network 3
2491,2025-07-17,23,29,46,187905,0.458921,03,1250,0,0,Node 03: Network 3
2492,2025-07-17,23,29,47,136243,0.948338,01,250,0,0,Node 01: Network 3
2493,2025-07-17,23,29,47,732023,0.59578,02,750,0,0,Node 02: Network 3
2494,2025-07-17,23,29,48,190490,0.458467,03,1251,0,0,Node 03: Network 3
2495,2025-07-17,23,29,49,136523,0.946033,01,250,0,0,Node 01: Network 3
2496,2025-07-17,23,29,49,733124,0.596601,02,750,0,0,Node 02: Network 3
2497,2025-07-17,23,29,50,192337,0.459213,03,1250,0,0,Node 03: Network 3
2498,2025-07-17,23,29,51,136838,0.944501,01,250,0,0,Node 01: Network 3
2499,2025-07-17,23,29,51,735038,0.5982,02,750,0,0,Node 02: Network 3
2500,2025-07-17,23,29,52,194605,0.459567,03,1250,0,0,Node 03: Network 3
2501,2025-07-17,23,29,53,137594,0.942989,01,250,0,0,Node 01: Network 3
2502,2025-07-17,23,29,53,737240,0.599646,02,750,0,0,Node 02: Network 3
2503,2025-07-17,23,29,54,197045,0.459805,03,1250,0,0,Node 03: Network 3
2504,2025-07-17,23,29,55,138178,0.941133,01,250,0,0,Node 01: Network 3
2505,2025-07-17,23,29,55,739102,0.600924,02,750,0,0,Node 02: Network 3
2506,2025-07-17,23,29,56,199101,0.459999,03,1250,0,0,Node 03: Network 3
2507,2025-07-17,23,29,57,138896,0.939795,01,250,0,0,Node 01: Network 3
2508,2025-07-17,23,29,57,740650,0.601754,02,750,0,0,Node 02: Network 3
2509,2025-07-17,23,29,58,200590,0.45994,03,1250,0,0,Node 03: Network 3
2510,2025-07-17,23,29,59,139895,0.939305,01,250,0,0,Node 01: Network 3
2511,2025-07-17,23,29,59,742427,0.602532,02,750,0,0,Node 02: Network 3
2512,2025-07-17,23,30,00,202095,0.459668,03,1250,0,0,Node 03: Network 3
2513,2025-07-17,23,30,01,139786,0.937691,01,250,0,0,Node 01: Network 3
2514,2025-07-17,23,30,01,745625,0.605839,02,750,0,0,Node 02: Network 3
2515,2025-07-17,23,30,02,204800,0.459175,03,1250,0,0,Node 03: Network 3
2516,2025-07-17,23,30,03,141341,0.936541,01,250,0,0,Node 01: Network 3
2517,2025-07-17,23,30,03,747068,0.605727,02,750,0,0,Node 02: Network 3
2518,2025-07-17,23,30,04,189313,0.442245,03,1250,0,0,Node 03: Network 3
2519,2025-07-17,23,30,05,141848,0.952535,01,250,0,0,Node 01: Network 3
2520,2025-07-17,23,30,05,749712,0.607864,02,750,0,0,Node 02: Network 3
2521,2025-07-17,23,30,06,187847,0.438135,03,1250,0,0,Node 03: Network 3
2522,2025-07-17,23,30,07,142768,0.954921,01,250,0,0,Node 01: Network 3
2523,2025-07-17,23,30,07,751639,0.608871,02,750,0,0,Node 02: Network 3
2524,2025-07-17,23,30,08,190325,0.438686,03,1250,0,0,Node 03: Network 3
2525,2025-07-17,23,30,09,143378,0.953053,01,250,0,0,Node 01: Network 3
2526,2025-07-17,23,30,09,420679,0.277301,BB,0,1,0,
2527,2025-07-17,23,30,09,490601,0.069922,BB,0,1,0,03:1098:0:1
2528,2025-07-17,23,30,09,521893,0.031292,02,1097,0,1,01:1100:0:1
2529,2025-07-17,23,30,09,567710,0.045817,01,670,0,1,
2530,2025-07-17,23,30,09,580732,0.013022,02,561,0,1,
2531,2025-07-17,23,30,09,641191,0.060459,01,250,0,0,Node 01: Network 3
2532,2025-07-17,23,30,09,653563,0.012372,03,601,0,1,
2533,2025-07-17,23,30,09,782947,0.129384,02,750,0,0,Node 02: Network 3
2534,2025-07-17,23,30,09,838795,0.055848,02,770,0,0,Node 02: Network 3
2535,2025-07-17,23,30,09,871727,0.032932,01,250,0,0,Node 01: Network 3
2536,2025-07-17,23,30,09,904833,0.033106,01,250,0,0,Node 01: Network 3
2537,2025-07-17,23,30,09,941795,0.036962,02,750,0,0,Node 02: Network 3
2538,2025-07-17,23,30,10,018978,0.077183,03,1250,0,0,Node 03: Network 3
2539,2025-07-17,23,30,10,078642,0.059664,01,250,0,0,Node 01: Network 3
2540,2025-07-17,23,30,10,146085,0.067443,02,750,0,0,Node 02: Network 3
2541,2025-07-17,23,30,10,216510,0.070425,03,1250,0,0,Node 03: Network 3
2542,2025-07-17,23,30,10,288653,0.072143,02,750,0,0,Node 02: Network 3
2543,2025-07-17,23,30,10,323791,0.035138,001,250,0,0,Node 01: Network 3
2544,2025-07-17,23,30,10,356951,0.03316,02,750,0,0,Node 02: Network 3
2545,2025-07-17,23,30,10,411595,0.054644,2,753,0,0,Node 02: Network 3
2546,2025-07-17,23,30,10,774191,0.362596,03,1250,0,0,Node 03: Network 3
2547,2025-07-17,23,30,10,818234,0.044043,BB,0,1,0,
2548,2025-07-17,23,30,14,795743,3.977509,BB,0,1,0,
2549,2025-07-17,23,30,14,847816,0.052073,02,1398,0,1,
2550,2025-07-17,23,30,14,862020,0.014204,01,1325,0,1,
2551,2025-07-17,23,30,14,876534,0.014514,03,1342,0,1,
2552,2025-07-17,23,30,15,111601,0.235067,01,250,0,0,Node 01: Network 3
2553,2025-07-17,23,30,15,612339,0.500738,02,750,0,0,Node 02: Network 3
2554,2025-07-17,23,30,16,114922,0.502583,03,1250,0,0,Node 03: Network 3
2555,2025-07-17,23,30,17,112177,0.997255,01,250,0,0,Node 01: Network 3
2556,2025-07-17,23,30,17,614974,0.502797,02,750,0,0,Node 02: Network 3
2557,2025-07-17,23,30,18,116903,0.501929,03,1250,0,0,Node 03: Network 3
2558,2025-07-17,23,30,19,160295,1.043392,01,250,0,0,Node 01: Network 3
2559,2025-07-17,23,30,19,616177,0.455882,02,750,0,0,Node 02: Network 3
2560,2025-07-17,23,30,20,119533,0.503356,03,1250,0,0,Node 03: Network 3
2561,2025-07-17,23,30,21,160380,1.040847,01,250,0,0,Node 01: Network 3
2562,2025-07-17,23,30,21,618822,0.458442,02,750,0,0,Node 02: Network 3
2563,2025-07-17,23,30,22,122341,0.503519,03,1250,0,0,Node 03: Network 3
2564,2025-07-17,23,30,23,161871,1.03953,01,251,0,0,Node 01: Network 3
2565,2025-07-17,23,30,23,620248,0.458377,02,750,0,0,Node 02: Network 3
2566,2025-07-17,23,30,24,123484,0.503236,03,1250,0,0,Node 03: Network 3
2567,2025-07-17,23,30,25,162456,1.038972,01,250,0,0,Node 01: Network 3
2568,2025-07-17,23,30,25,622044,0.459588,02,750,0,0,Node 02: Network 3
2569,2025-07-17,23,30,26,207888,0.585844,03,1250,0,0,Node 03: Network 3
2570,2025-07-17,23,30,27,167650,0.959762,01,250,0,0,Node 01: Network 3
2571,2025-07-17,23,30,27,625092,0.457442,02,750,0,0,Node 02: Network 3
2572,2025-07-17,23,30,28,212041,0.586949,03,1250,0,0,Node 03: Network 3
2573,2025-07-17,23,30,29,167162,0.955121,01,250,0,0,Node 01: Network 3
2574,2025-07-17,23,30,29,755876,0.588714,02,750,0,0,Node 02: Network 3
2575,2025-07-17,23,30,30,214366,0.45849,03,1250,0,0,Node 03: Network 3
2576,2025-07-17,23,30,31,167722,0.953356,01,250,0,0,Node 01: Network 3
2577,2025-07-17,23,30,31,757989,0.590267,02,750,0,0,Node 02: Network 3
2578,2025-07-17,23,30,32,215925,0.457936,03,1250,0,0,Node 03: Network 3
2579,2025-07-17,23,30,33,169037,0.953112,01,250,0,0,Node 01: Network 3
2580,2025-07-17,23,30,33,760152,0.591115,02,750,0,0,Node 02: Network 3
2581,2025-07-17,23,30,34,215169,0.455017,03,1250,0,0,Node 03: Network 3
2582,2025-07-17,23,30,35,169294,0.954125,01,250,0,0,Node 01: Network 3
2583,2025-07-17,23,30,35,759397,0.590103,02,750,0,0,Node 02: Network 3
2584,2025-07-17,23,30,36,217917,0.45852,03,1250,0,0,Node 03: Network 3
2585,2025-07-17,23,30,37,303536,1.085619,01,250,0,0,Node 01: Network 3
2586,2025-07-17,23,30,37,762396,0.45886,02,750,0,0,Node 02: Network 3
2587,2025-07-17,23,30,38,219977,0.457581,03,1250,0,0,Node 03: Network 3
2588,2025-07-17,23,30,39,262731,1.042754,01,250,0,0,Node 01: Network 3
2589,2025-07-17,23,30,39,763571,0.50084,02,750,0,0,Node 02: Network 3
2590,2025-07-17,23,30,40,222594,0.459023,03,1250,0,0,Node 03: Network 3
2591,2025-07-17,23,30,41,263655,1.041061,01,250,0,0,Node 01: Network 3
2592,2025-07-17,23,30,41,808771,0.545116,02,751,0,0,Node 02: Network 3
2593,2025-07-17,23,30,42,223421,0.41465,03,1250,0,0,Node 03: Network 3
2594,2025-07-17,23,30,43,265155,1.041734,01,251,0,0,Node 01: Network 3
2595,2025-07-17,23,30,43,766661,0.501506,02,750,0,0,Node 02: Network 3
2596,2025-07-17,23,30,44,226549,0.459888,03,1250,0,0,Node 03: Network 3
2597,2025-07-17,23,30,45,311192,1.084643,01,250,0,0,Node 01: Network 3
2598,2025-07-17,23,30,45,769626,0.458434,02,750,0,0,Node 02: Network 3
2599,2025-07-17,23,30,46,229365,0.459739,03,1250,0,0,Node 03: Network 3
2600,2025-07-17,23,30,47,314359,1.084994,01,250,0,0,Node 01: Network 3
2601,2025-07-17,23,30,47,770982,0.456623,02,750,0,0,Node 02: Network 3
2602,2025-07-17,23,30,48,231096,0.460114,03,1250,0,0,Node 03: Network 3
2603,2025-07-17,23,30,49,314876,1.08378,01,250,0,0,Node 01: Network 3
2604,2025-07-17,23,30,49,773548,0.458672,02,750,0,0,Node 02: Network 3
2605,2025-07-17,23,30,50,232894,0.459346,03,1250,0,0,Node 03: Network 3
2606,2025-07-17,23,30,51,315783,1.082889,01,250,0,0,Node 01: Network 3
2607,2025-07-17,23,30,51,774754,0.458971,02,750,0,0,Node 02: Network 3
2608,2025-07-17,23,30,52,234367,0.459613,03,1250,0,0,Node 03: Network 3
2609,2025-07-17,23,30,53,318765,1.084398,01,250,0,0,Node 01: Network 3
2610,2025-07-17,23,30,53,778806,0.460041,02,750,0,0,Node 02: Network 3
2611,2025-07-17,23,30,54,364576,0.58577,03,1250,0,0,Node 03: Network 3
2612,2025-07-17,23,30,55,320008,0.955432,01,250,0,0,Node 01: Network 3
2613,2025-07-17,23,30,55,780746,0.460738,02,750,0,0,Node 02: Network 3
2614,2025-07-17,23,30,56,367293,0.586547,03,1250,0,0,Node 03: Network 3
2615,2025-07-17,23,30,57,320834,0.953541,01,250,0,0,Node 01: Network 3
2616,2025-07-17,23,30,57,782138,0.461304,02,750,0,0,Node 02: Network 3
2617,2025-07-17,23,30,58,369190,0.587052,03,1250,0,0,Node 03: Network 3
2618,2025-07-17,23,30,59,321255,0.952065,01,250,0,0,Node 01: Network 3
2619,2025-07-17,23,30,59,785822,0.464567,02,750,0,0,Node 02: Network 3
2620,2025-07-17,23,31,00,371486,0.585664,03,1250,0,0,Node 03: Network 3
2621,2025-07-17,23,31,01,322211,0.950725,01,250,0,0,Node 01: Network 3
2622,2025-07-17,23,31,01,787483,0.465272,02,750,0,0,Node 02: Network 3
2623,2025-07-17,23,31,02,374325,0.586842,03,1250,0,0,Node 03: Network 3
2624,2025-07-17,23,31,03,322609,0.948284,01,250,0,0,Node 01: Network 3
2625,2025-07-17,23,31,03,789972,0.467363,02,750,0,0,Node 02: Network 3
2626,2025-07-17,23,31,04,375890,0.585918,03,1250,0,0,Node 03: Network 3
2627,2025-07-17,23,31,05,323229,0.947339,01,250,0,0,Node 01: Network 3
2628,2025-07-17,23,31,05,920365,0.597136,02,750,0,0,Node 02: Network 3
2629,2025-07-17,23,31,06,378686,0.458321,03,1250,0,0,Node 03: Network 3
2630,2025-07-17,23,31,06,910033,0.531347,BB,0,1,0,
2631,2025-07-17,23,31,08,914990,2.004957,BB,0,1,0,
2632,2025-07-17,23,31,08,950901,0.035911,03,1859,0,1,
2633,2025-07-17,23,31,08,982827,0.031926,02,1815,0,1,
2634,2025-07-17,23,31,09,069923,0.087096,01,1913,0,1,
2635,2025-07-17,23,31,09,230206,0.160283,01,250,0,0,Node 01: Network 3
2636,2025-07-17,23,31,09,732622,0.502416,02,750,0,0,Node 02: Network 3
2637,2025-07-17,23,31,10,235602,0.50298,03,1250,0,0,Node 03: Network 3
2638,2025-07-17,23,31,11,231060,0.995458,01,250,0,0,Node 01: Network 3
2639,2025-07-17,23,31,11,733424,0.502364,02,750,0,0,Node 02: Network 3
2640,2025-07-17,23,31,12,236494,0.50307,03,1250,0,0,Node 03: Network 3
2641,2025-07-17,23,31,13,231537,0.995043,01,250,0,0,Node 01: Network 3
2642,2025-07-17,23,31,13,736761,0.505224,02,750,0,0,Node 02: Network 3
2643,2025-07-17,23,31,14,239673,0.502912,03,1250,0,0,Node 03: Network 3
2644,2025-07-17,23,31,15,279232,1.039559,01,250,0,0,Node 01: Network 3
2645,2025-07-17,23,31,15,737950,0.458718,02,750,0,0,Node 02: Network 3
2646,2025-07-17,23,31,16,240881,0.502931,03,1250,0,0,Node 03: Network 3
2647,2025-07-17,23,31,17,300988,1.060107,01,250,0,0,Node 01: Network 3
2648,2025-07-17,23,31,17,738827,0.437839,02,750,0,0,Node 02: Network 3
2649,2025-07-17,23,31,18,316251,0.577424,03,1250,0,0,Node 03: Network 3
2650,2025-07-17,23,31,19,283990,0.967739,01,250,0,0,Node 01: Network 3
2651,2025-07-17,23,31,19,742166,0.458176,02,750,0,0,Node 02: Network 3
2652,2025-07-17,23,31,20,318846,0.57668,03,1250,0,0,Node 03: Network 3
2653,2025-07-17,23,31,21,284578,0.965732,01,250,0,0,Node 01: Network 3
2654,2025-07-17,23,31,21,743763,0.459185,02,750,0,0,Node 02: Network 3
2655,2025-07-17,23,31,22,331555,0.587792,03,1250,0,0,Node 03: Network 3
2656,2025-07-17,23,31,23,285325,0.95377,01,250,0,0,Node 01: Network 3
2657,2025-07-17,23,31,23,746956,0.461631,02,750,0,0,Node 02: Network 3
2658,2025-07-17,23,31,24,333492,0.586536,03,1250,0,0,Node 03: Network 3
2659,2025-07-17,23,31,25,291552,0.95806,01,250,0,0,Node 01: Network 3
2660,2025-07-17,23,31,25,748716,0.457164,02,750,0,0,Node 02: Network 3
2661,2025-07-17,23,31,26,335718,0.587002,03,1250,0,0,Node 03: Network 3
2662,2025-07-17,23,31,27,291878,0.95616,01,250,0,0,Node 01: Network 3
2663,2025-07-17,23,31,27,750144,0.458266,02,750,0,0,Node 02: Network 3
2664,2025-07-17,23,31,28,339055,0.588911,03,1250,0,0,Node 03: Network 3
2665,2025-07-17,23,31,29,293171,0.954116,01,250,0,0,Node 01: Network 3
2666,2025-07-17,23,31,29,752385,0.459214,02,750,0,0,Node 02: Network 3
2667,2025-07-17,23,31,30,341248,0.588863,03,1250,0,0,Node 03: Network 3
2668,2025-07-17,23,31,31,293260,0.952012,01,250,0,0,Node 01: Network 3
2669,2025-07-17,23,31,31,753715,0.460455,02,750,0,0,Node 02: Network 3
2670,2025-07-17,23,31,32,343417,0.589702,03,1250,0,0,Node 03: Network 3
2671,2025-07-17,23,31,33,297944,0.954527,01,250,0,0,Node 01: Network 3
2672,2025-07-17,23,31,33,756420,0.458476,02,750,0,0,Node 02: Network 3
2673,2025-07-17,23,31,34,345930,0.58951,03,1250,0,0,Node 03: Network 3
2674,2025-07-17,23,31,35,298583,0.952653,01,250,0,0,Node 01: Network 3
2675,2025-07-17,23,31,35,758024,0.459441,02,750,0,0,Node 02: Network 3
2676,2025-07-17,23,31,36,347442,0.589418,03,1250,0,0,Node 03: Network 3
2677,2025-07-17,23,31,37,299853,0.952411,01,251,0,0,Node 01: Network 3
2678,2025-07-17,23,31,37,759053,0.4592,02,750,0,0,Node 02: Network 3
2679,2025-07-17,23,31,38,304748,0.545695,03,1250,0,0,Node 03: Network 3
2680,2025-07-17,23,31,39,303184,0.998436,01,250,0,0,Node 01: Network 3
2681,2025-07-17,23,31,39,848969,0.545785,02,750,0,0,Node 02: Network 3
2682,2025-07-17,23,31,40,308584,0.459615,03,1250,0,0,Node 03: Network 3
2683,2025-07-17,23,31,41,394879,1.086295,01,250,0,0,Node 01: Network 3
2684,2025-07-17,23,31,41,851125,0.456246,02,750,0,0,Node 02: Network 3
2685,2025-07-17,23,31,42,310301,0.459176,03,1250,0,0,Node 03: Network 3
2686,2025-07-17,23,31,43,394707,1.084406,01,250,0,0,Node 01: Network 3
2687,2025-07-17,23,31,43,853205,0.458498,02,750,0,0,Node 02: Network 3
2688,2025-07-17,23,31,44,312089,0.458884,03,1250,0,0,Node 03: Network 3
2689,2025-07-17,23,31,45,394826,1.082737,01,250,0,0,Node 01: Network 3
2690,2025-07-17,23,31,45,854850,0.460024,02,750,0,0,Node 02: Network 3
2691,2025-07-17,23,31,46,313996,0.459146,03,1250,0,0,Node 03: Network 3
2692,2025-07-17,23,31,47,396264,1.082268,01,250,0,0,Node 01: Network 3
2693,2025-07-17,23,31,47,857147,0.460883,02,750,0,0,Node 02: Network 3
2694,2025-07-17,23,31,48,316317,0.45917,03,1250,0,0,Node 03: Network 3
2695,2025-07-17,23,31,49,401089,1.084772,01,250,0,0,Node 01: Network 3
2696,2025-07-17,23,31,49,859224,0.458135,02,750,0,0,Node 02: Network 3
2697,2025-07-17,23,31,50,317732,0.458508,03,1250,0,0,Node 03: Network 3
2698,2025-07-17,23,31,51,362638,1.044906,01,250,0,0,Node 01: Network 3
2699,2025-07-17,23,31,51,861119,0.498481,02,750,0,0,Node 02: Network 3
2700,2025-07-17,23,31,52,320782,0.459663,03,1250,0,0,Node 03: Network 3
2701,2025-07-17,23,31,53,363335,1.042553,01,250,0,0,Node 01: Network 3
2702,2025-07-17,23,31,53,861977,0.498642,02,750,0,0,Node 02: Network 3
2703,2025-07-17,23,31,54,323301,0.461324,03,1250,0,0,Node 03: Network 3
2704,2025-07-17,23,31,55,407199,1.083898,01,250,0,0,Node 01: Network 3
2705,2025-07-17,23,31,55,866018,0.458819,02,750,0,0,Node 02: Network 3
2706,2025-07-17,23,31,56,454841,0.588823,03,1250,0,0,Node 03: Network 3
2707,2025-07-17,23,31,57,407125,0.952284,01,250,0,0,Node 01: Network 3
2708,2025-07-17,23,31,57,868025,0.4609,02,750,0,0,Node 02: Network 3
2709,2025-07-17,23,31,58,455848,0.587823,03,1250,0,0,Node 03: Network 3
2710,2025-07-17,23,31,59,408546,0.952698,01,250,0,0,Node 01: Network 3
2711,2025-07-17,23,31,59,869327,0.460781,02,750,0,0,Node 02: Network 3
2712,2025-07-17,23,32,00,458336,0.589009,03,1250,0,0,Node 03: Network 3
2713,2025-07-17,23,32,01,500846,1.04251,01,250,0,0,Node 01: Network 3
2714,2025-07-17,23,32,01,871831,0.370985,02,750,0,0,Node 02: Network 3
2715,2025-07-17,23,32,02,460530,0.588699,03,1250,0,0,Node 03: Network 3
2716,2025-07-17,23,32,03,502603,1.042073,01,250,0,0,Node 01: Network 3
2717,2025-07-17,23,32,03,873092,0.370489,02,750,0,0,Node 02: Network 3
2718,2025-07-17,23,32,04,463124,0.590032,03,1250,0,0,Node 03: Network 3
2719,2025-07-17,23,32,05,503768,1.040644,01,250,0,0,Node 01: Network 3
2720,2025-07-17,23,32,05,874970,0.371202,02,750,0,0,Node 02: Network 3
2721,2025-07-17,23,32,06,465807,0.590837,03,1250,0,0,Node 03: Network 3
2722,2025-07-17,23,32,07,504123,1.038316,01,250,0,0,Node 01: Network 3
2723,2025-07-17,23,32,07,876914,0.372791,02,750,0,0,Node 02: Network 3
2724,2025-07-17,23,32,08,466936,0.590022,03,1250,0,0,Node 03: Network 3
2725,2025-07-17,23,32,09,504129,1.037193,01,250,0,0,Node 01: Network 3
2726,2025-07-17,23,32,10,010402,0.506273,02,750,0,0,Node 02: Network 3
2727,2025-07-17,23,32,10,468861,0.458459,03,1250,0,0,Node 03: Network 3
2728,2025-07-17,23,32,11,505693,1.036832,01,250,0,0,Node 01: Network 3
2729,2025-07-17,23,32,12,011705,0.506012,02,750,0,0,Node 02: Network 3
2730,2025-07-17,23,32,12,472210,0.460505,03,1250,0,0,Node 03: Network 3
2731,2025-07-17,23,32,13,506000,1.03379,01,250,0,0,Node 01: Network 3
2732,2025-07-17,23,32,14,014962,0.508962,02,750,0,0,Node 02: Network 3
2733,2025-07-17,23,32,14,474550,0.459588,03,1250,0,0,Node 03: Network 3
2734,2025-07-17,23,32,15,506893,1.032343,01,250,0,0,Node 01: Network 3
2735,2025-07-17,23,32,16,015680,0.508787,02,750,0,0,Node 02: Network 3
2736,2025-07-17,23,32,16,474337,0.458657,03,1250,0,0,Node 03: Network 3
2737,2025-07-17,23,32,17,506796,1.032459,01,250,0,0,Node 01: Network 3
2738,2025-07-17,23,32,18,019270,0.512474,02,750,0,0,Node 02: Network 3
2739,2025-07-17,23,32,18,477871,0.458601,03,1250,0,0,Node 03: Network 3
2740,2025-07-17,23,32,19,248957,0.771086,BB,0,1,0,
2741,2025-07-17,23,32,19,314475,0.065518,BB,0,1,0,02:1398:0:1
2742,2025-07-17,23,32,19,355727,0.041252,03,160,0,1,
2743,2025-07-17,23,32,19,379235,0.023508,01,125,0,1,
2744,2025-07-17,23,32,19,416601,0.037366,0,,0,1,753:0:0:Node 02: Network 3
2745,2025-07-17,23,32,19,429128,0.012527,02,114,0,1,
2746,2025-07-17,23,32,19,539403,0.110275,01,1325,0,1,1342:0:1
2747,2025-07-17,23,32,19,659302,0.119899,03,1250,0,0,Node 03: Network 3
2748,2025-07-17,23,32,19,725493,0.066191,01,250,0,0,Node 01: Network 3
2749,2025-07-17,23,32,19,774493,0.049,01,250,0,0,Node 01: Network 3
2750,2025-07-17,23,32,19,860508,0.086015,02,750,0,0,Node 02: Network 3
2751,2025-07-17,23,32,19,906637,0.046129,03,1250,0,0,Node 03: Network 3
2752,2025-07-17,23,32,19,949675,0.043038,01,250,0,0,Node 01: Network 3
2753,2025-07-17,23,32,19,983178,0.033503,02,750,0,0,Node 02: Network 3
2754,2025-07-17,23,32,20,096493,0.113315,03,1250,0,0,Node 03: Network 3
2755,2025-07-17,23,32,20,205355,0.108862,02,750,0,0,Node 02: Network 3
2756,2025-07-17,23,32,20,277352,0.071997,01,250,0,0,Node 01: Network 3
2757,2025-07-17,23,32,20,311220,0.033868,02,750,0,0,Node 02: Network 3
2758,2025-07-17,23,32,20,388439,0.077219,03,1250,0,0,Node 03: Network 3
2759,2025-07-17,23,32,20,437405,0.048966,01,250,0,0,Node 01: Network 3
2760,2025-07-17,23,32,20,621109,0.183704,03,1250,0,0,Node 03: Network 3
2761,2025-07-17,23,32,21,072022,0.450913,BB,0,1,0,
2762,2025-07-17,23,32,23,076575,2.004553,BB,0,1,0,
2763,2025-07-17,23,32,23,132420,0.055845,01,1786,0,1,
2764,2025-07-17,23,32,23,146740,0.01432,03,1778,0,1,
2765,2025-07-17,23,32,23,160341,0.013601,02,1783,0,1,
2766,2025-07-17,23,32,23,393469,0.233128,01,250,0,0,Node 01: Network 3
2767,2025-07-17,23,32,23,937062,0.543593,02,750,0,0,Node 02: Network 3
2768,2025-07-17,23,32,24,394592,0.45753,03,1250,0,0,Node 03: Network 3
2769,2025-07-17,23,32,25,481139,1.086547,01,250,0,0,Node 01: Network 3
2770,2025-07-17,23,32,25,939445,0.458306,02,750,0,0,Node 02: Network 3
2771,2025-07-17,23,32,26,398499,0.459054,03,1250,0,0,Node 03: Network 3
2772,2025-07-17,23,32,27,481407,1.082908,01,250,0,0,Node 01: Network 3
2773,2025-07-17,23,32,27,941693,0.460286,02,751,0,0,Node 02: Network 3
2774,2025-07-17,23,32,28,400252,0.458559,03,1250,0,0,Node 03: Network 3
2775,2025-07-17,23,32,29,481526,1.081274,01,250,0,0,Node 01: Network 3
2776,2025-07-17,23,32,29,944524,0.462998,02,750,0,0,Node 02: Network 3
2777,2025-07-17,23,32,30,402545,0.458021,03,1250,0,0,Node 03: Network 3
2778,2025-07-17,23,32,31,482134,1.079589,01,250,0,0,Node 01: Network 3
2779,2025-07-17,23,32,31,945353,0.463219,02,750,0,0,Node 02: Network 3
2780,2025-07-17,23,32,32,403477,0.458124,03,1250,0,0,Node 03: Network 3
2781,2025-07-17,23,32,33,483601,1.080124,01,250,0,0,Node 01: Network 3
2782,2025-07-17,23,32,33,946722,0.463121,02,750,0,0,Node 02: Network 3
2783,2025-07-17,23,32,34,406344,0.459622,03,1250,0,0,Node 03: Network 3
2784,2025-07-17,23,32,35,483585,1.077241,01,250,0,0,Node 01: Network 3
2785,2025-07-17,23,32,35,948596,0.465011,02,750,0,0,Node 02: Network 3
2786,2025-07-17,23,32,36,530928,0.582332,03,1250,0,0,Node 03: Network 3
2787,2025-07-17,23,32,37,485091,0.954163,01,250,0,0,Node 01: Network 3
2788,2025-07-17,23,32,37,951512,0.466421,02,750,0,0,Node 02: Network 3
2789,2025-07-17,23,32,38,532564,0.581052,03,1250,0,0,Node 03: Network 3
2790,2025-07-17,23,32,39,485952,0.953388,01,250,0,0,Node 01: Network 3
2791,2025-07-17,23,32,39,952511,0.466559,02,750,0,0,Node 02: Network 3
2792,2025-07-17,23,32,40,533607,0.581096,03,1250,0,0,Node 03: Network 3
2793,2025-07-17,23,32,41,486324,0.952717,01,250,0,0,Node 01: Network 3
2794,2025-07-17,23,32,41,955452,0.469128,02,750,0,0,Node 02: Network 3
2795,2025-07-17,23,32,42,536455,0.581003,03,1250,0,0,Node 03: Network 3
2796,2025-07-17,23,32,43,486821,0.950366,01,250,0,0,Node 01: Network 3
2797,2025-07-17,23,32,43,957963,0.471142,02,751,0,0,Node 02: Network 3
2798,2025-07-17,23,32,44,534775,0.576812,03,1250,0,0,Node 03: Network 3
2799,2025-07-17,23,32,45,487162,0.952387,01,250,0,0,Node 01: Network 3
2800,2025-07-17,23,32,45,959496,0.472334,02,750,0,0,Node 02: Network 3
2801,2025-07-17,23,32,46,535354,0.575858,03,1250,0,0,Node 03: Network 3
2802,2025-07-17,23,32,47,504020,0.968666,01,250,0,0,Node 01: Network 3
2803,2025-07-17,23,32,48,080322,0.576302,02,750,0,0,Node 02: Network 3
2804,2025-07-17,23,32,48,551497,0.471175,03,1250,0,0,Node 03: Network 3
2805,2025-07-17,23,32,49,504138,0.952641,01,250,0,0,Node 01: Network 3
2806,2025-07-17,23,32,50,082348,0.57821,02,750,0,0,Node 02: Network 3
2807,2025-07-17,23,32,50,553212,0.470864,03,1250,0,0,Node 03: Network 3
2808,2025-07-17,23,32,51,598480,1.045268,01,250,0,0,Node 01: Network 3
2809,2025-07-17,23,32,52,083782,0.485302,02,750,0,0,Node 02: Network 3
2810,2025-07-17,23,32,52,646504,0.562722,03,1250,0,0,Node 03: Network 3
2811,2025-07-17,23,32,53,141677,0.495173,BB,0,1,0,
2812,2025-07-17,23,32,53,187554,0.045877,03,570,0,1,
2813,2025-07-17,23,32,54,462066,1.274512,03,1251,0,0,Node 03: Network 3
2814,2025-07-17,23,32,56,003675,1.541609,02,750,0,0,Node 02: Network 3
2815,2025-07-17,23,32,56,552423,0.548748,03,1250,0,0,Node 03: Network 3
2816,2025-07-17,23,32,57,594591,1.042168,01,250,0,0,Node 01: Network 3
2817,2025-07-17,23,32,58,006245,0.411654,02,750,0,0,Node 02: Network 3
2818,2025-07-17,23,32,58,553492,0.547247,03,1250,0,0,Node 03: Network 3
2819,2025-07-17,23,32,59,549946,0.996454,01,250,0,0,Node 01: Network 3
2820,2025-07-17,23,33,00,009066,0.45912,02,750,0,0,Node 02: Network 3
2821,2025-07-17,23,33,00,555508,0.546442,03,1250,0,0,Node 03: Network 3
2822,2025-07-17,23,33,01,551409,0.995901,01,250,0,0,Node 01: Network 3
2823,2025-07-17,23,33,02,099296,0.547887,02,750,0,0,Node 02: Network 3
2824,2025-07-17,23,33,02,557948,0.458652,03,1250,0,0,Node 03: Network 3
2825,2025-07-17,23,33,03,644690,1.086742,01,250,0,0,Node 01: Network 3
2826,2025-07-17,23,33,04,101884,0.457194,02,750,0,0,Node 02: Network 3
2827,2025-07-17,23,33,04,559929,0.458045,03,1250,0,0,Node 03: Network 3
2828,2025-07-17,23,33,05,644422,1.084493,01,250,0,0,Node 01: Network 3
2829,2025-07-17,23,33,06,103244,0.458822,02,750,0,0,Node 02: Network 3
2830,2025-07-17,23,33,06,561927,0.458683,03,1250,0,0,Node 03: Network 3
2831,2025-07-17,23,33,07,645675,1.083748,01,250,0,0,Node 01: Network 3
2832,2025-07-17,23,33,08,105255,0.45958,02,750,0,0,Node 02: Network 3
2833,2025-07-17,23,33,08,691637,0.586382,03,1250,0,0,Node 03: Network 3
2834,2025-07-17,23,33,09,176710,0.485073,BB,0,1,0,
2835,2025-07-17,23,33,09,226423,0.049713,03,588,0,1,
2836,2025-07-17,23,33,10,496845,1.270422,03,1250,0,0,Node 03: Network 3
2837,2025-07-17,23,33,11,540788,1.043943,01,250,0,0,Node 01: Network 3
2838,2025-07-17,23,33,12,040954,0.500166,02,750,0,0,Node 02: Network 3
2839,2025-07-17,23,33,12,497869,0.456915,03,1250,0,0,Node 03: Network 3
2840,2025-07-17,23,33,13,541062,1.043193,01,250,0,0,Node 01: Network 3
2841,2025-07-17,23,33,14,042437,0.501375,02,750,0,0,Node 02: Network 3
2842,2025-07-17,23,33,14,498977,0.45654,03,1250,0,0,Node 03: Network 3
2843,2025-07-17,23,33,15,540517,1.04154,01,250,0,0,Node 01: Network 3
2844,2025-07-17,23,33,16,044923,0.504406,02,750,0,0,Node 02: Network 3
2845,2025-07-17,23,33,16,502162,0.457239,03,1250,0,0,Node 03: Network 3
2846,2025-07-17,23,33,17,541744,1.039582,01,250,0,0,Node 01: Network 3
2847,2025-07-17,23,33,18,045985,0.504241,02,750,0,0,Node 02: Network 3
2848,2025-07-17,23,33,18,505371,0.459386,03,1250,0,0,Node 03: Network 3
2849,2025-07-17,23,33,19,542511,1.03714,01,250,0,0,Node 01: Network 3
2850,2025-07-17,23,33,20,048115,0.505604,02,750,0,0,Node 02: Network 3
2851,2025-07-17,23,33,20,507713,0.459598,03,1250,0,0,Node 03: Network 3
2852,2025-07-17,23,33,21,591686,1.083973,01,250,0,0,Node 01: Network 3
2853,2025-07-17,23,33,22,050549,0.458863,02,750,0,0,Node 02: Network 3
2854,2025-07-17,23,33,22,639300,0.588751,03,1250,0,0,Node 03: Network 3
2855,2025-07-17,23,33,23,592534,0.953234,01,250,0,0,Node 01: Network 3
2856,2025-07-17,23,33,24,053054,0.46052,02,750,0,0,Node 02: Network 3
2857,2025-07-17,23,33,24,642224,0.58917,03,1250,0,0,Node 03: Network 3
2858,2025-07-17,23,33,25,592702,0.950478,01,250,0,0,Node 01: Network 3
2859,2025-07-17,23,33,26,054701,0.461999,02,750,0,0,Node 02: Network 3
2860,2025-07-17,23,33,26,643240,0.588539,03,1250,0,0,Node 03: Network 3
2861,2025-07-17,23,33,27,593475,0.950235,01,250,0,0,Node 01: Network 3
2862,2025-07-17,23,33,28,056221,0.462746,02,750,0,0,Node 02: Network 3
2863,2025-07-17,23,33,28,645347,0.589126,03,1250,0,0,Node 03: Network 3
2864,2025-07-17,23,33,29,595744,0.950397,01,251,0,0,Node 01: Network 3
2865,2025-07-17,23,33,30,057283,0.461539,02,750,0,0,Node 02: Network 3
2866,2025-07-17,23,33,30,647498,0.590215,03,1250,0,0,Node 03: Network 3
2867,2025-07-17,23,33,31,596795,0.949297,01,250,0,0,Node 01: Network 3
2868,2025-07-17,23,33,32,192561,0.595766,02,750,0,0,Node 02: Network 3
2869,2025-07-17,23,33,32,649691,0.45713,03,1250,0,0,Node 03: Network 3
2870,2025-07-17,23,33,33,596743,0.947052,01,250,0,0,Node 01: Network 3
2871,2025-07-17,23,33,34,193588,0.596845,02,750,0,0,Node 02: Network 3
2872,2025-07-17,23,33,34,653006,0.459418,03,1250,0,0,Node 03: Network 3
2873,2025-07-17,23,33,35,597029,0.944023,01,250,0,0,Node 01: Network 3
2874,2025-07-17,23,33,36,196642,0.599613,02,750,0,0,Node 02: Network 3
2875,2025-07-17,23,33,36,654879,0.458237,03,1250,0,0,Node 03: Network 3
2876,2025-07-17,23,33,37,597180,0.942301,01,250,0,0,Node 01: Network 3
2877,2025-07-17,23,33,38,199398,0.602218,02,750,0,0,Node 02: Network 3
2878,2025-07-17,23,33,38,656459,0.457061,03,1250,0,0,Node 03: Network 3
2879,2025-07-17,23,33,39,597575,0.941116,01,250,0,0,Node 01: Network 3
2880,2025-07-17,23,33,40,201771,0.604196,02,750,0,0,Node 02: Network 3
2881,2025-07-17,23,33,40,644432,0.442661,03,1250,0,0,Node 03: Network 3
2882,2025-07-17,23,33,41,746535,1.102103,01,250,0,0,Node 01: Network 3
2883,2025-07-17,23,33,42,204296,0.457761,02,750,0,0,Node 02: Network 3
2884,2025-07-17,23,33,42,749474,0.545178,03,1250,0,0,Node 03: Network 3
2885,2025-07-17,23,33,43,747365,0.997891,01,250,0,0,Node 01: Network 3
2886,2025-07-17,23,33,44,205706,0.458341,02,750,0,0,Node 02: Network 3
2887,2025-07-17,23,33,44,752408,0.546702,03,1250,0,0,Node 03: Network 3
2888,2025-07-17,23,33,45,750293,0.997885,01,250,0,0,Node 01: Network 3
2889,2025-07-17,23,33,46,207487,0.457194,02,750,0,0,Node 02: Network 3
2890,2025-07-17,23,33,46,754508,0.547021,03,1250,0,0,Node 03: Network 3
2891,2025-07-17,23,33,47,751366,0.996858,01,250,0,0,Node 01: Network 3
2892,2025-07-17,23,33,48,298332,0.546966,02,750,0,0,Node 02: Network 3
2893,2025-07-17,23,33,48,756415,0.458083,03,1250,0,0,Node 03: Network 3
2894,2025-07-17,23,33,49,264474,0.508059,BB,0,1,0,
2895,2025-07-17,23,33,49,344559,0.080085,03,633,0,1,
2896,2025-07-17,23,33,50,585180,1.240621,03,1250,0,0,Node 03: Network 3
2897,2025-07-17,23,33,51,627587,1.042407,01,250,0,0,Node 01: Network 3
2898,2025-07-17,23,33,52,171403,0.543816,02,750,0,0,Node 02: Network 3
2899,2025-07-17,23,33,52,586940,0.415537,03,1250,0,0,Node 03: Network 3
2900,2025-07-17,23,33,53,628203,1.041263,01,250,0,0,Node 01: Network 3
2901,2025-07-17,23,33,54,173615,0.545412,02,750,0,0,Node 02: Network 3
2902,2025-07-17,23,33,54,588897,0.415282,03,1250,0,0,Node 03: Network 3
2903,2025-07-17,23,33,55,630078,1.041181,01,250,0,0,Node 01: Network 3
2904,2025-07-17,23,33,56,176207,0.546129,02,750,0,0,Node 02: Network 3
2905,2025-07-17,23,33,56,590243,0.414036,03,1250,0,0,Node 03: Network 3
2906,2025-07-17,23,33,57,629941,1.039698,01,250,0,0,Node 01: Network 3
2907,2025-07-17,23,33,58,177393,0.547452,02,750,0,0,Node 02: Network 3
2908,2025-07-17,23,33,58,677379,0.499986,03,1250,0,0,Node 03: Network 3
2909,2025-07-17,23,33,59,630485,0.953106,01,250,0,0,Node 01: Network 3
2910,2025-07-17,23,34,00,179557,0.549072,02,750,0,0,Node 02: Network 3
2911,2025-07-17,23,34,00,679384,0.499827,03,1250,0,0,Node 03: Network 3
2912,2025-07-17,23,34,01,724970,1.045586,01,250,0,0,Node 01: Network 3
2913,2025-07-17,23,34,02,181760,0.45679,02,750,0,0,Node 02: Network 3
2914,2025-07-17,23,34,02,681473,0.499713,03,1250,0,0,Node 03: Network 3
2915,2025-07-17,23,34,03,725008,1.043535,01,250,0,0,Node 01: Network 3
2916,2025-07-17,23,34,04,225976,0.500968,02,750,0,0,Node 02: Network 3
2917,2025-07-17,23,34,04,771523,0.545547,03,1250,0,0,Node 03: Network 3
2918,2025-07-17,23,34,05,726156,0.954633,01,250,0,0,Node 01: Network 3
2919,2025-07-17,23,34,06,228001,0.501845,02,750,0,0,Node 02: Network 3
2920,2025-07-17,23,34,06,772332,0.544331,03,1250,0,0,Node 03: Network 3
2921,2025-07-17,23,34,07,726679,0.954347,01,250,0,0,Node 01: Network 3
2922,2025-07-17,23,34,08,230361,0.503682,02,750,0,0,Node 02: Network 3
2923,2025-07-17,23,34,08,776287,0.545926,03,1250,0,0,Node 03: Network 3
2924,2025-07-17,23,34,09,775364,0.999077,01,250,0,0,Node 01: Network 3
2925,2025-07-17,23,34,10,319735,0.544371,02,750,0,0,Node 02: Network 3
2926,2025-07-17,23,34,10,779234,0.459499,03,1250,0,0,Node 03: Network 3
2927,2025-07-17,23,34,11,311915,0.532681,BB,0,1,0,
2928,2025-07-17,23,34,11,362406,0.050491,03,657,0,1,
2929,2025-07-17,23,34,12,630766,1.26836,03,1250,0,0,Node 03: Network 3
2930,2025-07-17,23,34,13,673991,1.043225,01,250,0,0,Node 01: Network 3
2931,2025-07-17,23,34,14,217109,0.543118,02,750,0,0,Node 02: Network 3
2932,2025-07-17,23,34,14,720058,0.502949,03,1250,0,0,Node 03: Network 3
2933,2025-07-17,23,34,15,674022,0.953964,01,250,0,0,Node 01: Network 3
2934,2025-07-17,23,34,16,219108,0.545086,02,750,0,0,Node 02: Network 3
2935,2025-07-17,23,34,16,722433,0.503325,03,1250,0,0,Node 03: Network 3
2936,2025-07-17,23,34,17,674764,0.952331,01,250,0,0,Node 01: Network 3
2937,2025-07-17,23,34,18,267225,0.592461,02,750,0,0,Node 02: Network 3
2938,2025-07-17,23,34,18,725617,0.458392,03,1250,0,0,Node 03: Network 3
2939,2025-07-17,23,34,19,675747,0.95013,01,250,0,0,Node 01: Network 3
2940,2025-07-17,23,34,20,269638,0.593891,02,750,0,0,Node 02: Network 3
2941,2025-07-17,23,34,20,726826,0.457188,03,1250,0,0,Node 03: Network 3
2942,2025-07-17,23,34,21,814597,1.087771,01,250,0,0,Node 01: Network 3
2943,2025-07-17,23,34,22,272249,0.457652,02,750,0,0,Node 02: Network 3
2944,2025-07-17,23,34,22,729778,0.457529,03,1250,0,0,Node 03: Network 3
2945,2025-07-17,23,34,23,814708,1.08493,01,250,0,0,Node 01: Network 3
2946,2025-07-17,23,34,24,273670,0.458962,02,750,0,0,Node 02: Network 3
2947,2025-07-17,23,34,24,730931,0.457261,03,1250,0,0,Node 03: Network 3
2948,2025-07-17,23,34,25,815560,1.084629,01,250,0,0,Node 01: Network 3
2949,2025-07-17,23,34,26,275569,0.460009,02,750,0,0,Node 02: Network 3
2950,2025-07-17,23,34,26,733234,0.457665,03,1250,0,0,Node 03: Network 3
2951,2025-07-17,23,34,27,568757,0.835523,BB,0,1,0,
2952,2025-07-17,23,34,27,630019,0.061262,BB,0,1,0,01:1786:0:1
2953,2025-07-17,23,34,27,701701,0.071682,03,1778,0,1,02:1783:0:1
2954,2025-07-17,23,34,27,714213,0.012512,03,209,0,1,
2955,2025-07-17,23,34,27,727240,0.013027,01,133,0,1,
2956,2025-07-17,23,34,27,739258,0.012018,02,177,0,1,
2957,2025-07-17,23,34,27,824611,0.085353,02,750,0,0,Node 02: Network 3
2958,2025-07-17,23,34,27,984013,0.159402,01,250,0,0,Node 01: Network 3
2959,2025-07-17,23,34,28,062401,0.078388,03,1250,0,0,Node 03: Network 3
2960,2025-07-17,23,34,28,095898,0.033497,02,750,0,0,Node 02: Network 3
2961,2025-07-17,23,34,28,150686,0.054788,03,1250,0,0,Node 03: Network 3
2962,2025-07-17,23,34,28,196714,0.046028,01,250,0,0,Node 01: Network 3
2963,2025-07-17,23,34,28,282579,0.085865,02,750,0,0,Node 02: Network 3
2964,2025-07-17,23,34,28,325431,0.042852,03,1250,0,0,Node 03: Network 3
2965,2025-07-17,23,34,28,444698,0.119267,02,750,0,0,Node 02: Network 3
2966,2025-07-17,23,34,28,494421,0.049723,01,250,0,0,Node 01: Network 3
2967,2025-07-17,23,34,28,528060,0.033639,02,750,0,0,Node 02: Network 3
2968,2025-07-17,23,34,28,560488,0.032428,03,1280,0,0,Node 03: Network 3
2969,2025-07-17,23,34,28,614787,0.054299,03,1250,0,0,Node 03: Network 3
2970,2025-07-17,23,34,28,758714,0.143927,01,250,0,0,Node 01: Network 3
2971,2025-07-17,23,34,29,037796,0.279082,02,750,0,0,Node 02: Network 3
2972,2025-07-17,23,34,29,351904,0.314108,BB,0,1,0,
2973,2025-07-17,23,34,31,356123,2.004219,BB,0,1,0,
2974,2025-07-17,23,34,31,419820,0.063697,01,1746,0,1,
2975,2025-07-17,23,34,31,434327,0.014507,02,1140,0,1,
2976,2025-07-17,23,34,31,446351,0.012024,03,308,0,1,
2977,2025-07-17,23,34,31,670867,0.224516,01,250,0,0,Node 01: Network 3
2978,2025-07-17,23,34,32,172813,0.501946,02,750,0,0,Node 02: Network 3
2979,2025-07-17,23,34,32,675191,0.502378,03,1250,0,0,Node 03: Network 3
2980,2025-07-17,23,34,33,718332,1.043141,01,250,0,0,Node 01: Network 3
2981,2025-07-17,23,34,34,175904,0.457572,02,750,0,0,Node 02: Network 3
2982,2025-07-17,23,34,34,677639,0.501735,03,1250,0,0,Node 03: Network 3
2983,2025-07-17,23,34,35,719150,1.041511,01,250,0,0,Node 01: Network 3
2984,2025-07-17,23,34,36,222866,0.503716,02,750,0,0,Node 02: Network 3
2985,2025-07-17,23,34,36,679786,0.45692,03,1250,0,0,Node 03: Network 3
2986,2025-07-17,23,34,37,719729,1.039943,01,250,0,0,Node 01: Network 3
2987,2025-07-17,23,34,38,224665,0.504936,02,750,0,0,Node 02: Network 3
2988,2025-07-17,23,34,38,681955,0.45729,03,1250,0,0,Node 03: Network 3
2989,2025-07-17,23,34,39,768675,1.08672,01,250,0,0,Node 01: Network 3
2990,2025-07-17,23,34,40,226433,0.457758,02,750,0,0,Node 02: Network 3
2991,2025-07-17,23,34,40,815670,0.589237,03,1250,0,0,Node 03: Network 3
2992,2025-07-17,23,34,41,769414,0.953744,01,250,0,0,Node 01: Network 3
2993,2025-07-17,23,34,42,228152,0.458738,02,750,0,0,Node 02: Network 3
2994,2025-07-17,23,34,42,817671,0.589519,03,1250,0,0,Node 03: Network 3
2995,2025-07-17,23,34,43,773081,0.95541,01,250,0,0,Node 01: Network 3
2996,2025-07-17,23,34,44,229738,0.456657,02,750,0,0,Node 02: Network 3
2997,2025-07-17,23,34,44,818310,0.588572,03,1250,0,0,Node 03: Network 3
2998,2025-07-17,23,34,45,774418,0.956108,01,250,0,0,Node 01: Network 3
2999,2025-07-17,23,34,46,232642,0.458224,02,750,0,0,Node 02: Network 3
3000,2025-07-17,23,34,46,820808,0.588166,03,1250,0,0,Node 03: Network 3
3001,2025-07-17,23,34,47,775519,0.954711,01,250,0,0,Node 01: Network 3
3002,2025-07-17,23,34,48,365683,0.590164,02,750,0,0,Node 02: Network 3
3003,2025-07-17,23,34,48,823517,0.457834,03,1250,0,0,Node 03: Network 3
3004,2025-07-17,23,34,49,775474,0.951957,01,250,0,0,Node 01: Network 3
3005,2025-07-17,23,34,50,366844,0.59137,02,750,0,0,Node 02: Network 3
3006,2025-07-17,23,34,50,825307,0.458463,03,1250,0,0,Node 03: Network 3
3007,2025-07-17,23,34,51,776412,0.951105,01,250,0,0,Node 01: Network 3
3008,2025-07-17,23,34,52,368653,0.592241,02,750,0,0,Node 02: Network 3
3009,2025-07-17,23,34,52,822436,0.453783,03,1250,0,0,Node 03: Network 3
3010,2025-07-17,23,34,53,777643,0.955207,01,250,0,0,Node 01: Network 3
3011,2025-07-17,23,34,54,369971,0.592328,02,750,0,0,Node 02: Network 3
3012,2025-07-17,23,34,54,825403,0.455432,03,1250,0,0,Node 03: Network 3
3013,2025-07-17,23,34,55,778028,0.952625,01,250,0,0,Node 01: Network 3
3014,2025-07-17,23,34,56,369466,0.591438,02,750,0,0,Node 02: Network 3
3015,2025-07-17,23,34,56,828452,0.458986,03,1250,0,0,Node 03: Network 3
3016,2025-07-17,23,34,57,779348,0.950896,01,250,0,0,Node 01: Network 3
3017,2025-07-17,23,34,58,371804,0.592456,02,750,0,0,Node 02: Network 3
3018,2025-07-17,23,34,58,830814,0.45901,03,1250,0,0,Node 03: Network 3
3019,2025-07-17,23,34,59,915407,1.084593,01,250,0,0,Node 01: Network 3
3020,2025-07-17,23,35,00,372730,0.457323,02,750,0,0,Node 02: Network 3
3021,2025-07-17,23,35,00,832382,0.459652,03,1250,0,0,Node 03: Network 3
3022,2025-07-17,23,35,01,915885,1.083503,01,250,0,0,Node 01: Network 3
3023,2025-07-17,23,35,02,376215,0.46033,02,750,0,0,Node 02: Network 3
3024,2025-07-17,23,35,02,834946,0.458731,03,1250,0,0,Node 03: Network 3
3025,2025-07-17,23,35,03,917670,1.082724,01,250,0,0,Node 01: Network 3
3026,2025-07-17,23,35,04,377881,0.460211,02,750,0,0,Node 02: Network 3
3027,2025-07-17,23,35,04,836285,0.458404,03,1250,0,0,Node 03: Network 3
3028,2025-07-17,23,35,05,922300,1.086015,01,250,0,0,Node 01: Network 3
3029,2025-07-17,23,35,06,380391,0.458091,02,750,0,0,Node 02: Network 3
3030,2025-07-17,23,35,06,838529,0.458138,03,1250,0,0,Node 03: Network 3
3031,2025-07-17,23,35,07,922280,1.083751,01,250,0,0,Node 01: Network 3
3032,2025-07-17,23,35,08,381540,0.45926,02,750,0,0,Node 02: Network 3
3033,2025-07-17,23,35,08,840547,0.459007,03,1250,0,0,Node 03: Network 3
3034,2025-07-17,23,35,09,923435,1.082888,01,250,0,0,Node 01: Network 3
3035,2025-07-17,23,35,10,384147,0.460712,02,750,0,0,Node 02: Network 3
3036,2025-07-17,23,35,10,843016,0.458869,03,1250,0,0,Node 03: Network 3
3037,2025-07-17,23,35,11,929521,1.086505,01,250,0,0,Node 01: Network 3
3038,2025-07-17,23,35,12,386989,0.457468,02,750,0,0,Node 02: Network 3
3039,2025-07-17,23,35,12,845007,0.458018,03,1250,0,0,Node 03: Network 3
3040,2025-07-17,23,35,13,930032,1.085025,01,250,0,0,Node 01: Network 3
3041,2025-07-17,23,35,14,388408,0.458376,02,750,0,0,Node 02: Network 3
3042,2025-07-17,23,35,14,847507,0.459099,03,1250,0,0,Node 03: Network 3
3043,2025-07-17,23,35,15,930010,1.082503,01,250,0,0,Node 01: Network 3
3044,2025-07-17,23,35,16,390243,0.460233,02,750,0,0,Node 02: Network 3
3045,2025-07-17,23,35,16,849764,0.459521,03,1250,0,0,Node 03: Network 3
3046,2025-07-17,23,35,17,930157,1.080393,01,250,0,0,Node 01: Network 3
3047,2025-07-17,23,35,18,394963,0.464806,02,750,0,0,Node 02: Network 3
3048,2025-07-17,23,35,18,852110,0.457147,03,1250,0,0,Node 03: Network 3
3049,2025-07-17,23,35,19,931876,1.079766,01,250,0,0,Node 01: Network 3
3050,2025-07-17,23,35,20,396157,0.464281,02,750,0,0,Node 02: Network 3
3051,2025-07-17,23,35,20,853857,0.4577,03,1250,0,0,Node 03: Network 3
3052,2025-07-17,23,35,21,933255,1.079398,01,250,0,0,Node 01: Network 3
3053,2025-07-17,23,35,22,476685,0.54343,02,750,0,0,Node 02: Network 3
3054,2025-07-17,23,35,22,855855,0.37917,03,1250,0,0,Node 03: Network 3
3055,2025-07-17,23,35,23,469142,0.613287,BB,0,1,0,
3056,2025-07-17,23,35,25,475264,2.006122,BB,0,1,0,
3057,2025-07-17,23,35,25,541151,0.065887,02,1818,0,1,
3058,2025-07-17,23,35,25,554867,0.013716,01,1864,0,1,
3059,2025-07-17,23,35,25,610151,0.055284,03,1941,0,1,
3060,2025-07-17,23,35,25,790992,0.180841,01,250,0,0,Node 01: Network 3
3061,2025-07-17,23,35,26,292879,0.501887,02,750,0,0,Node 02: Network 3
3062,2025-07-17,23,35,26,794133,0.501254,03,1250,0,0,Node 03: Network 3
3063,2025-07-17,23,35,27,790996,0.996863,01,250,0,0,Node 01: Network 3
3064,2025-07-17,23,35,28,294032,0.503036,02,750,0,0,Node 02: Network 3
3065,2025-07-17,23,35,28,795998,0.501966,03,1250,0,0,Node 03: Network 3
3066,2025-07-17,23,35,29,791950,0.995952,01,250,0,0,Node 01: Network 3
3067,2025-07-17,23,35,30,341363,0.549413,02,750,0,0,Node 02: Network 3
3068,2025-07-17,23,35,30,798489,0.457126,03,1250,0,0,Node 03: Network 3
3069,2025-07-17,23,35,31,793455,0.994966,01,251,0,0,Node 01: Network 3
3070,2025-07-17,23,35,32,342096,0.548641,02,750,0,0,Node 02: Network 3
3071,2025-07-17,23,35,32,801013,0.458917,03,1250,0,0,Node 03: Network 3
3072,2025-07-17,23,35,33,794124,0.993111,01,250,0,0,Node 01: Network 3
3073,2025-07-17,23,35,34,345329,0.551205,02,750,0,0,Node 02: Network 3
3074,2025-07-17,23,35,34,803945,0.458616,03,1250,0,0,Node 03: Network 3
3075,2025-07-17,23,35,35,794911,0.990966,01,250,0,0,Node 01: Network 3
3076,2025-07-17,23,35,36,346767,0.551856,02,750,0,0,Node 02: Network 3
3077,2025-07-17,23,35,36,805012,0.458245,03,1250,0,0,Node 03: Network 3
3078,2025-07-17,23,35,37,795818,0.990806,01,250,0,0,Node 01: Network 3
3079,2025-07-17,23,35,38,347181,0.551363,02,750,0,0,Node 02: Network 3
3080,2025-07-17,23,35,38,807370,0.460189,03,1250,0,0,Node 03: Network 3
3081,2025-07-17,23,35,39,795978,0.988608,01,250,0,0,Node 01: Network 3
3082,2025-07-17,23,35,40,351729,0.555751,02,750,0,0,Node 02: Network 3
3083,2025-07-17,23,35,40,809908,0.458179,03,1250,0,0,Node 03: Network 3
3084,2025-07-17,23,35,41,796038,0.98613,01,250,0,0,Node 01: Network 3
3085,2025-07-17,23,35,42,354215,0.558177,02,750,0,0,Node 02: Network 3
3086,2025-07-17,23,35,42,811475,0.45726,03,1250,0,0,Node 03: Network 3
3087,2025-07-17,23,35,43,796964,0.985489,01,250,0,0,Node 01: Network 3
3088,2025-07-17,23,35,44,355951,0.558987,02,750,0,0,Node 02: Network 3
3089,2025-07-17,23,35,44,813404,0.457453,03,1250,0,0,Node 03: Network 3
3090,2025-07-17,23,35,45,797495,0.984091,01,250,0,0,Node 01: Network 3
3091,2025-07-17,23,35,46,357837,0.560342,02,750,0,0,Node 02: Network 3
3092,2025-07-17,23,35,46,816203,0.458366,03,1250,0,0,Node 03: Network 3
3093,2025-07-17,23,35,47,902574,1.086371,01,250,0,0,Node 01: Network 3
3094,2025-07-17,23,35,48,359803,0.457229,02,750,0,0,Node 02: Network 3
3095,2025-07-17,23,35,48,817673,0.45787,03,1250,0,0,Node 03: Network 3
3096,2025-07-17,23,35,49,903786,1.086113,01,250,0,0,Node 01: Network 3
3097,2025-07-17,23,35,50,361616,0.45783,02,750,0,0,Node 02: Network 3
3098,2025-07-17,23,35,50,820837,0.459221,03,1250,0,0,Node 03: Network 3
3099,2025-07-17,23,35,51,904511,1.083674,01,250,0,0,Node 01: Network 3
3100,2025-07-17,23,35,52,447398,0.542887,02,750,0,0,Node 02: Network 3
3101,2025-07-17,23,35,52,823617,0.376219,03,1250,0,0,Node 03: Network 3
3102,2025-07-17,23,35,53,903601,1.079984,01,250,0,0,Node 01: Network 3
3103,2025-07-17,23,35,54,450054,0.546453,02,750,0,0,Node 02: Network 3
3104,2025-07-17,23,35,54,824473,0.374419,03,1250,0,0,Node 03: Network 3
3105,2025-07-17,23,35,55,906008,1.081535,01,250,0,0,Node 01: Network 3
3106,2025-07-17,23,35,56,368301,0.462293,02,750,0,0,Node 02: Network 3
3107,2025-07-17,23,35,56,827196,0.458895,03,1250,0,0,Node 03: Network 3
3108,2025-07-17,23,35,57,906453,1.079257,01,250,0,0,Node 01: Network 3
3109,2025-07-17,23,35,58,370635,0.464182,02,751,0,0,Node 02: Network 3
3110,2025-07-17,23,35,58,829294,0.458659,03,1250,0,0,Node 03: Network 3
3111,2025-07-17,23,35,59,907469,1.078175,01,250,0,0,Node 01: Network 3
3112,2025-07-17,23,36,00,373432,0.465963,02,750,0,0,Node 02: Network 3
3113,2025-07-17,23,36,00,831079,0.457647,03,1250,0,0,Node 03: Network 3
3114,2025-07-17,23,36,01,908347,1.077268,01,250,0,0,Node 01: Network 3
3115,2025-07-17,23,36,02,375427,0.46708,02,750,0,0,Node 02: Network 3
3116,2025-07-17,23,36,03,907465,1.532038,01,250,0,0,Node 01: Network 3
3117,2025-07-17,23,36,04,451616,0.544151,02,750,0,0,Node 02: Network 3
3118,2025-07-17,23,36,04,954443,0.502827,03,1250,0,0,Node 03: Network 3
3119,2025-07-17,23,36,05,996367,1.041924,01,250,0,0,Node 01: Network 3
3120,2025-07-17,23,36,06,454121,0.457754,02,750,0,0,Node 02: Network 3
3121,2025-07-17,23,36,06,957106,0.502985,03,1250,0,0,Node 03: Network 3
3122,2025-07-17,23,36,07,997722,1.040616,01,250,0,0,Node 01: Network 3
3123,2025-07-17,23,36,08,455298,0.457576,02,750,0,0,Node 02: Network 3
3124,2025-07-17,23,36,08,959708,0.50441,03,1250,0,0,Node 03: Network 3
3125,2025-07-17,23,36,09,997513,1.037805,01,250,0,0,Node 01: Network 3
3126,2025-07-17,23,36,10,457559,0.460046,02,750,0,0,Node 02: Network 3
3127,2025-07-17,23,36,10,960286,0.502727,03,1250,0,0,Node 03: Network 3
3128,2025-07-17,23,36,11,999998,1.039712,01,251,0,0,Node 01: Network 3
3129,2025-07-17,23,36,12,459952,0.459954,02,750,0,0,Node 02: Network 3
3130,2025-07-17,23,36,12,963055,0.503103,03,1250,0,0,Node 03: Network 3
3131,2025-07-17,23,36,14,000627,1.037572,01,250,0,0,Node 01: Network 3
3132,2025-07-17,23,36,14,462256,0.461629,02,750,0,0,Node 02: Network 3
3133,2025-07-17,23,36,14,965794,0.503538,03,1250,0,0,Node 03: Network 3
3134,2025-07-17,23,36,16,001602,1.035808,01,250,0,0,Node 01: Network 3
3135,2025-07-17,23,36,16,464089,0.462487,02,750,0,0,Node 02: Network 3
3136,2025-07-17,23,36,16,966505,0.502416,03,1250,0,0,Node 03: Network 3
3137,2025-07-17,23,36,18,001305,1.0348,01,250,0,0,Node 01: Network 3
3138,2025-07-17,23,36,18,465439,0.464134,02,750,0,0,Node 02: Network 3
3139,2025-07-17,23,36,18,970606,0.505167,03,1251,0,0,Node 03: Network 3
3140,2025-07-17,23,36,20,010194,1.039588,01,250,0,0,Node 01: Network 3
3141,2025-07-17,23,36,20,468713,0.458519,02,750,0,0,Node 02: Network 3
3142,2025-07-17,23,36,20,972979,0.504266,03,1250,0,0,Node 03: Network 3
3143,2025-07-17,23,36,22,009791,1.036812,01,250,0,0,Node 01: Network 3
3144,2025-07-17,23,36,22,470377,0.460586,02,750,0,0,Node 02: Network 3
3145,2025-07-17,23,36,22,974094,0.503717,03,1250,0,0,Node 03: Network 3
3146,2025-07-17,23,36,24,014286,1.040192,01,250,0,0,Node 01: Network 3
3147,2025-07-17,23,36,24,471753,0.457467,02,750,0,0,Node 02: Network 3
3148,2025-07-17,23,36,24,976935,0.505182,03,1250,0,0,Node 03: Network 3
3149,2025-07-17,23,36,26,014079,1.037144,01,250,0,0,Node 01: Network 3
3150,2025-07-17,23,36,26,520566,0.506487,02,750,0,0,Node 02: Network 3
3151,2025-07-17,23,36,26,977290,0.456724,03,1250,0,0,Node 03: Network 3
3152,2025-07-17,23,36,28,523921,1.546631,02,751,0,0,Node 02: Network 3
3153,2025-07-17,23,36,28,980695,0.456774,03,1250,0,0,Node 03: Network 3
3154,2025-07-17,23,36,30,067076,1.086381,01,250,0,0,Node 01: Network 3
3155,2025-07-17,23,36,30,525840,0.458764,02,750,0,0,Node 02: Network 3
3156,2025-07-17,23,36,30,982742,0.456902,03,1250,0,0,Node 03: Network 3
3157,2025-07-17,23,36,32,068268,1.085526,01,250,0,0,Node 01: Network 3
3158,2025-07-17,23,36,32,527482,0.459214,02,750,0,0,Node 02: Network 3
3159,2025-07-17,23,36,32,984032,0.45655,03,1250,0,0,Node 03: Network 3
3160,2025-07-17,23,36,34,068333,1.084301,01,250,0,0,Node 01: Network 3
3161,2025-07-17,23,36,34,529104,0.460771,02,750,0,0,Node 02: Network 3
3162,2025-07-17,23,36,34,766431,0.237327,BB,0,1,0,
3163,2025-07-17,23,36,34,830062,0.063631,BB,0,1,0,01:1746:0:1
3164,2025-07-17,23,36,34,865959,0.035897,02,1140,0,1,308:0:1
3165,2025-07-17,23,36,34,885218,0.019259,02,1125,0,1,
3166,2025-07-17,23,36,34,930402,0.045184,02,751,0,0,Node 02: Network 3
3167,2025-07-17,23,36,34,944058,0.013656,03,1169,0,1,
3168,2025-07-17,23,36,34,973032,0.028974,01,1082,0,1,
3169,2025-07-17,23,36,35,023795,0.050763,03,1250,0,0,Node 03: Network 3
3170,2025-07-17,23,36,35,148030,0.124235,02,750,0,0,Node 02: Network 3
3171,2025-07-17,23,36,35,189499,0.041469,01,250,0,0,Node 01: Network 3
3172,2025-07-17,23,36,35,225709,0.03621,03,1280,0,0,Node 03: Network 3
3173,2025-07-17,23,36,35,277862,0.052153,02,750,0,0,Node 02: Network 3
3174,2025-07-17,23,36,35,375800,0.097938,01,250,0,0,Node 01: Network 3
3175,2025-07-17,23,36,35,453130,0.07733,02,750,0,0,Node 02: Network 3
3176,2025-07-17,23,36,35,488161,0.035031,03,1250,0,0,Node 03: Network 3
3177,2025-07-17,23,36,35,539041,0.05088,01,250,0,0,Node 01: Network 3
3178,2025-07-17,23,36,35,625361,0.08632,03,1250,0,0,Node 03: Network 3
3179,2025-07-17,23,36,35,658494,0.033133,02,750,0,0,Node 02: Network 3
3180,2025-07-17,23,36,35,700634,0.04214,03,1250,0,0,Node 03: Network 3
3181,2025-07-17,23,36,35,758755,0.058121,02,750,0,0,Node 02: Network 3
3182,2025-07-17,23,36,35,804932,0.046177,BB,0,1,0,
3183,2025-07-17,23,36,37,632233,1.827301,BB,0,1,0,
3184,2025-07-17,23,36,37,675477,0.043244,01,821,0,1,
3185,2025-07-17,23,36,37,694739,0.019262,02,819,0,1,
3186,2025-07-17,23,36,37,708265,0.013526,03,1479,0,1,
3187,2025-07-17,23,36,37,949446,0.241181,01,250,0,0,Node 01: Network 3
3188,2025-07-17,23,36,38,448611,0.499165,02,750,0,0,Node 02: Network 3
3189,2025-07-17,23,36,38,951215,0.502604,03,1250,0,0,Node 03: Network 3
3190,2025-07-17,23,36,39,948519,0.997304,01,250,0,0,Node 01: Network 3
3191,2025-07-17,23,36,40,495987,0.547468,02,750,0,0,Node 02: Network 3
3192,2025-07-17,23,36,40,953950,0.457963,03,1250,0,0,Node 03: Network 3
3193,2025-07-17,23,36,41,950104,0.996154,01,250,0,0,Node 01: Network 3
3194,2025-07-17,23,36,42,498064,0.54796,02,750,0,0,Node 02: Network 3
3195,2025-07-17,23,36,42,997534,0.49947,03,1250,0,0,Node 03: Network 3
3196,2025-07-17,23,36,43,950713,0.953179,01,250,0,0,Node 01: Network 3
3197,2025-07-17,23,36,44,499421,0.548708,02,750,0,0,Node 02: Network 3
3198,2025-07-17,23,36,44,999409,0.499988,03,1250,0,0,Node 03: Network 3
3199,2025-07-17,23,36,46,044592,1.045183,01,250,0,0,Node 01: Network 3
3200,2025-07-17,23,36,46,503174,0.458582,02,750,0,0,Node 02: Network 3
3201,2025-07-17,23,36,47,001714,0.49854,03,1250,0,0,Node 03: Network 3
3202,2025-07-17,23,36,48,044648,1.042934,01,250,0,0,Node 01: Network 3
3203,2025-07-17,23,36,48,504800,0.460152,02,750,0,0,Node 02: Network 3
3204,2025-07-17,23,36,49,051881,0.547081,03,1250,0,0,Node 03: Network 3
3205,2025-07-17,23,36,50,045842,0.993961,01,250,0,0,Node 01: Network 3
3206,2025-07-17,23,36,50,505606,0.459764,02,750,0,0,Node 02: Network 3
3207,2025-07-17,23,36,51,053109,0.547503,03,1250,0,0,Node 03: Network 3
3208,2025-07-17,23,36,52,045501,0.992392,01,250,0,0,Node 01: Network 3
3209,2025-07-17,23,36,52,506736,0.461235,02,750,0,0,Node 02: Network 3
3210,2025-07-17,23,36,53,055597,0.548861,03,1250,0,0,Node 03: Network 3
3211,2025-07-17,23,36,54,046782,0.991185,01,250,0,0,Node 01: Network 3
3212,2025-07-17,23,36,54,510505,0.463723,02,750,0,0,Node 02: Network 3
3213,2025-07-17,23,36,55,058622,0.548117,03,1250,0,0,Node 03: Network 3
3214,2025-07-17,23,36,56,046728,0.988106,01,250,0,0,Node 01: Network 3
3215,2025-07-17,23,36,56,512014,0.465286,02,750,0,0,Node 02: Network 3
3216,2025-07-17,23,36,57,060537,0.548523,03,1250,0,0,Node 03: Network 3
3217,2025-07-17,23,36,58,055527,0.99499,01,250,0,0,Node 01: Network 3
3218,2025-07-17,23,36,58,513600,0.458073,02,750,0,0,Node 02: Network 3
3219,2025-07-17,23,36,59,063019,0.549419,03,1250,0,0,Node 03: Network 3
3220,2025-07-17,23,37,00,057674,0.994655,01,250,0,0,Node 01: Network 3
3221,2025-07-17,23,37,00,515081,0.457407,02,750,0,0,Node 02: Network 3
3222,2025-07-17,23,37,01,064191,0.54911,03,1250,0,0,Node 03: Network 3
3223,2025-07-17,23,37,02,058469,0.994278,01,250,0,0,Node 01: Network 3
3224,2025-07-17,23,37,02,518434,0.459965,02,750,0,0,Node 02: Network 3
3225,2025-07-17,23,37,03,066776,0.548342,03,1250,0,0,Node 03: Network 3
3226,2025-07-17,23,37,04,059280,0.992504,01,250,0,0,Node 01: Network 3
3227,2025-07-17,23,37,04,610490,0.55121,02,750,0,0,Node 02: Network 3
3228,2025-07-17,23,37,05,068347,0.457857,03,1250,0,0,Node 03: Network 3
3229,2025-07-17,23,37,06,058302,0.989955,01,250,0,0,Node 01: Network 3
3230,2025-07-17,23,37,06,611754,0.553452,02,750,0,0,Node 02: Network 3
3231,2025-07-17,23,37,07,070377,0.458623,03,1250,0,0,Node 03: Network 3
3232,2025-07-17,23,37,08,059861,0.989484,01,250,0,0,Node 01: Network 3
3233,2025-07-17,23,37,08,614671,0.55481,02,750,0,0,Node 02: Network 3
3234,2025-07-17,23,37,09,071567,0.456896,03,1250,0,0,Node 03: Network 3
3235,2025-07-17,23,37,10,060404,0.988837,01,250,0,0,Node 01: Network 3
3236,2025-07-17,23,37,10,616648,0.556244,02,750,0,0,Node 02: Network 3
3237,2025-07-17,23,37,11,075885,0.459237,03,1250,0,0,Node 03: Network 3
3238,2025-07-17,23,37,12,061133,0.985248,01,250,0,0,Node 01: Network 3
3239,2025-07-17,23,37,12,618318,0.557185,02,750,0,0,Node 02: Network 3
3240,2025-07-17,23,37,13,107117,0.488799,03,1250,0,0,Node 03: Network 3
3241,2025-07-17,23,37,14,062161,0.955044,01,250,0,0,Node 01: Network 3
3242,2025-07-17,23,37,14,619944,0.557783,02,750,0,0,Node 02: Network 3
3243,2025-07-17,23,37,16,062770,1.442826,01,250,0,0,Node 01: Network 3
3244,2025-07-17,23,37,16,622145,0.559375,02,750,0,0,Node 02: Network 3
3245,2025-07-17,23,37,17,108612,0.486467,03,1250,0,0,Node 03: Network 3
3246,2025-07-17,23,37,18,063723,0.955111,01,250,0,0,Node 01: Network 3
3247,2025-07-17,23,37,18,606411,0.542688,02,750,0,0,Node 02: Network 3
3248,2025-07-17,23,37,19,111818,0.505407,03,1250,0,0,Node 03: Network 3
3249,2025-07-17,23,37,20,064796,0.952978,01,250,0,0,Node 01: Network 3
3250,2025-07-17,23,37,20,608739,0.543943,02,750,0,0,Node 02: Network 3
3251,2025-07-17,23,37,21,114267,0.505528,03,1250,0,0,Node 03: Network 3
3252,2025-07-17,23,37,22,064965,0.950698,01,250,0,0,Node 01: Network 3
3253,2025-07-17,23,37,22,610497,0.545532,02,750,0,0,Node 02: Network 3
3254,2025-07-17,23,37,23,116438,0.505941,03,1250,0,0,Node 03: Network 3
3255,2025-07-17,23,37,24,065175,0.948737,01,250,0,0,Node 01: Network 3
3256,2025-07-17,23,37,24,613623,0.548448,02,750,0,0,Node 02: Network 3
3257,2025-07-17,23,37,25,119265,0.505642,03,1250,0,0,Node 03: Network 3
3258,2025-07-17,23,37,26,065509,0.946244,01,250,0,0,Node 01: Network 3
3259,2025-07-17,23,37,26,615041,0.549532,02,750,0,0,Node 02: Network 3
3260,2025-07-17,23,37,27,112457,0.497416,03,1250,0,0,Node 03: Network 3
3261,2025-07-17,23,37,28,066845,0.954388,01,250,0,0,Node 01: Network 3
3262,2025-07-17,23,37,28,617068,0.550223,02,750,0,0,Node 02: Network 3
3263,2025-07-17,23,37,29,114994,0.497926,03,1250,0,0,Node 03: Network 3
3264,2025-07-17,23,37,30,066990,0.951996,01,250,0,0,Node 01: Network 3
3265,2025-07-17,23,37,30,619702,0.552712,02,750,0,0,Node 02: Network 3
3266,2025-07-17,23,37,31,166297,0.546595,03,1250,0,0,Node 03: Network 3
3267,2025-07-17,23,37,32,069418,0.903121,01,250,0,0,Node 01: Network 3
3268,2025-07-17,23,37,32,621709,0.552291,02,750,0,0,Node 02: Network 3
3269,2025-07-17,23,37,33,167270,0.545561,03,1250,0,0,Node 03: Network 3
3270,2025-07-17,23,37,34,069160,0.90189,01,250,0,0,Node 01: Network 3
3271,2025-07-17,23,37,34,712007,0.642847,02,750,0,0,Node 02: Network 3
3272,2025-07-17,23,37,35,169392,0.457385,03,1250,0,0,Node 03: Network 3
3273,2025-07-17,23,37,36,069878,0.900486,01,250,0,0,Node 01: Network 3
3274,2025-07-17,23,37,36,713259,0.643381,02,750,0,0,Node 02: Network 3
3275,2025-07-17,23,37,37,172737,0.459478,03,1250,0,0,Node 03: Network 3
3276,2025-07-17,23,37,38,070911,0.898174,01,250,0,0,Node 01: Network 3
3277,2025-07-17,23,37,38,714912,0.644001,02,750,0,0,Node 02: Network 3
3278,2025-07-17,23,37,39,175564,0.460652,03,1250,0,0,Node 03: Network 3
3279,2025-07-17,23,37,40,214044,1.03848,01,250,0,0,Node 01: Network 3
3280,2025-07-17,23,37,40,717184,0.50314,02,750,0,0,Node 02: Network 3
3281,2025-07-17,23,37,41,176031,0.458847,03,1250,0,0,Node 03: Network 3
3282,2025-07-17,23,37,42,219237,1.043206,01,250,0,0,Node 01: Network 3
3283,2025-07-17,23,37,42,719456,0.500219,02,750,0,0,Node 02: Network 3
3284,2025-07-17,23,37,43,179411,0.459955,03,1250,0,0,Node 03: Network 3
3285,2025-07-17,23,37,44,264126,1.084715,01,250,0,0,Node 01: Network 3
3286,2025-07-17,23,37,44,720857,0.456731,02,750,0,0,Node 02: Network 3
3287,2025-07-17,23,37,45,180737,0.45988,03,1250,0,0,Node 03: Network 3
3288,2025-07-17,23,37,46,264197,1.08346,01,250,0,0,Node 01: Network 3
3289,2025-07-17,23,37,46,723217,0.45902,02,750,0,0,Node 02: Network 3
3290,2025-07-17,23,37,47,182402,0.459185,03,1250,0,0,Node 03: Network 3
3291,2025-07-17,23,37,48,265307,1.082905,01,250,0,0,Node 01: Network 3
3292,2025-07-17,23,37,48,724947,0.45964,02,750,0,0,Node 02: Network 3
3293,2025-07-17,23,37,49,311883,0.586936,03,1250,0,0,Node 03: Network 3
3294,2025-07-17,23,37,49,789704,0.477821,BB,0,1,0,
3295,2025-07-17,23,37,51,793901,2.004197,BB,0,1,0,
3296,2025-07-17,23,37,51,864808,0.070907,03,1803,0,1,
3297,2025-07-17,23,37,51,883007,0.018199,01,1846,0,1,
3298,2025-07-17,23,37,51,897334,0.014327,02,1759,0,1,
3299,2025-07-17,23,37,52,109736,0.212402,01,250,0,0,Node 01: Network 3
3300,2025-07-17,23,37,52,609877,0.500141,02,750,0,0,Node 02: Network 3
3301,2025-07-17,23,37,53,112631,0.502754,03,1250,0,0,Node 03: Network 3
3302,2025-07-17,23,37,54,110510,0.997879,01,250,0,0,Node 01: Network 3
3303,2025-07-17,23,37,54,613318,0.502808,02,750,0,0,Node 02: Network 3
3304,2025-07-17,23,37,55,115831,0.502513,03,1250,0,0,Node 03: Network 3
3305,2025-07-17,23,37,56,110434,0.994603,01,250,0,0,Node 01: Network 3
3306,2025-07-17,23,37,56,614782,0.504348,02,750,0,0,Node 02: Network 3
3307,2025-07-17,23,37,57,118181,0.503399,03,1250,0,0,Node 03: Network 3
3308,2025-07-17,23,37,58,110882,0.992701,01,250,0,0,Node 01: Network 3
3309,2025-07-17,23,37,58,615753,0.504871,02,750,0,0,Node 02: Network 3
3310,2025-07-17,23,37,59,118945,0.503192,03,1250,0,0,Node 03: Network 3
3311,2025-07-17,23,38,00,113182,0.994237,01,251,0,0,Node 01: Network 3
3312,2025-07-17,23,38,00,617333,0.504151,02,750,0,0,Node 02: Network 3
3313,2025-07-17,23,38,01,121356,0.504023,03,1250,0,0,Node 03: Network 3
3314,2025-07-17,23,38,02,161330,1.039974,01,250,0,0,Node 01: Network 3
3315,2025-07-17,23,38,02,620474,0.459144,02,750,0,0,Node 02: Network 3
3316,2025-07-17,23,38,03,123779,0.503305,03,1250,0,0,Node 03: Network 3
3317,2025-07-17,23,38,04,163718,1.039939,01,250,0,0,Node 01: Network 3
3318,2025-07-17,23,38,04,621856,0.458138,02,750,0,0,Node 02: Network 3
3319,2025-07-17,23,38,05,125548,0.503692,03,1250,0,0,Node 03: Network 3
3320,2025-07-17,23,38,06,163683,1.038135,01,250,0,0,Node 01: Network 3
3321,2025-07-17,23,38,06,624222,0.460539,02,750,0,0,Node 02: Network 3
3322,2025-07-17,23,38,07,127540,0.503318,03,1250,0,0,Node 03: Network 3
3323,2025-07-17,23,38,08,164230,1.03669,01,250,0,0,Node 01: Network 3
3324,2025-07-17,23,38,08,672045,0.507815,02,750,0,0,Node 02: Network 3
3325,2025-07-17,23,38,09,129386,0.457341,03,1250,0,0,Node 03: Network 3
3326,2025-07-17,23,38,10,164629,1.035243,01,250,0,0,Node 01: Network 3
3327,2025-07-17,23,38,10,673909,0.50928,02,750,0,0,Node 02: Network 3
3328,2025-07-17,23,38,11,132919,0.45901,03,1250,0,0,Node 03: Network 3
3329,2025-07-17,23,38,12,165145,1.032226,01,250,0,0,Node 01: Network 3
3330,2025-07-17,23,38,12,675051,0.509906,02,750,0,0,Node 02: Network 3
3331,2025-07-17,23,38,13,212831,0.53778,03,1250,0,0,Node 03: Network 3
3332,2025-07-17,23,38,14,166414,0.953583,01,250,0,0,Node 01: Network 3
3333,2025-07-17,23,38,14,677104,0.51069,02,750,0,0,Node 02: Network 3
3334,2025-07-17,23,38,15,214521,0.537417,03,1250,0,0,Node 03: Network 3
3335,2025-07-17,23,38,16,167324,0.952803,01,250,0,0,Node 01: Network 3
3336,2025-07-17,23,38,16,679647,0.512323,02,750,0,0,Node 02: Network 3
3337,2025-07-17,23,38,17,216590,0.536943,03,1250,0,0,Node 03: Network 3
3338,2025-07-17,23,38,18,167244,0.950654,01,250,0,0,Node 01: Network 3
3339,2025-07-17,23,38,18,680478,0.513234,02,750,0,0,Node 02: Network 3
3340,2025-07-17,23,38,19,219244,0.538766,03,1250,0,0,Node 03: Network 3
3341,2025-07-17,23,38,20,168392,0.949148,01,250,0,0,Node 01: Network 3
3342,2025-07-17,23,38,20,683118,0.514726,02,750,0,0,Node 02: Network 3
3343,2025-07-17,23,38,21,267570,0.584452,03,1250,0,0,Node 03: Network 3
3344,2025-07-17,23,38,22,169275,0.901705,01,250,0,0,Node 01: Network 3
3345,2025-07-17,23,38,22,686235,0.51696,02,751,0,0,Node 02: Network 3
3346,2025-07-17,23,38,23,216049,0.529814,03,1250,0,0,Node 03: Network 3
3347,2025-07-17,23,38,24,169977,0.953928,01,250,0,0,Node 01: Network 3
3348,2025-07-17,23,38,24,687607,0.51763,02,750,0,0,Node 02: Network 3
3349,2025-07-17,23,38,25,218225,0.530618,03,1250,0,0,Node 03: Network 3
3350,2025-07-17,23,38,26,170896,0.952671,01,250,0,0,Node 01: Network 3
3351,2025-07-17,23,38,26,689606,0.51871,02,750,0,0,Node 02: Network 3
3352,2025-07-17,23,38,27,218637,0.529031,03,1250,0,0,Node 03: Network 3
3353,2025-07-17,23,38,28,170741,0.952104,01,250,0,0,Node 01: Network 3
3354,2025-07-17,23,38,28,692202,0.521461,02,750,0,0,Node 02: Network 3
3355,2025-07-17,23,38,29,221168,0.528966,03,1250,0,0,Node 03: Network 3
3356,2025-07-17,23,38,30,171777,0.950609,01,250,0,0,Node 01: Network 3
3357,2025-07-17,23,38,30,693843,0.522066,02,750,0,0,Node 02: Network 3
3358,2025-07-17,23,38,31,223482,0.529639,03,1250,0,0,Node 03: Network 3
3359,2025-07-17,23,38,32,171849,0.948367,01,250,0,0,Node 01: Network 3
3360,2025-07-17,23,38,32,766393,0.594544,02,750,0,0,Node 02: Network 3
3361,2025-07-17,23,38,33,224619,0.458226,03,1250,0,0,Node 03: Network 3
3362,2025-07-17,23,38,34,173023,0.948404,01,250,0,0,Node 01: Network 3
3363,2025-07-17,23,38,34,768881,0.595858,02,750,0,0,Node 02: Network 3
3364,2025-07-17,23,38,35,227087,0.458206,03,1250,0,0,Node 03: Network 3
3365,2025-07-17,23,38,36,174658,0.947571,01,250,0,0,Node 01: Network 3
3366,2025-07-17,23,38,36,770557,0.595899,02,750,0,0,Node 02: Network 3
3367,2025-07-17,23,38,37,230597,0.46004,03,1250,0,0,Node 03: Network 3
3368,2025-07-17,23,38,38,174561,0.943964,01,250,0,0,Node 01: Network 3
3369,2025-07-17,23,38,38,772213,0.597652,02,750,0,0,Node 02: Network 3
3370,2025-07-17,23,38,39,231961,0.459748,03,1250,0,0,Node 03: Network 3
3371,2025-07-17,23,38,40,317219,1.085258,01,250,0,0,Node 01: Network 3
3372,2025-07-17,23,38,40,776110,0.458891,02,750,0,0,Node 02: Network 3
3373,2025-07-17,23,38,41,234359,0.458249,03,1250,0,0,Node 03: Network 3
3374,2025-07-17,23,38,42,038237,0.803878,BB,0,1,0,
3375,2025-07-17,23,38,42,096174,0.057937,BB,0,1,0,01:821:0:1
3376,2025-07-17,23,38,42,151420,0.055246,02,819,0,1,1479:0:1
3377,2025-07-17,23,38,42,181000,0.02958,02,142,0,1,
3378,2025-07-17,23,38,42,215316,0.034316,01,250,0,0,Node 01: Network 3
3379,2025-07-17,23,38,42,267548,0.052232,03,186,0,1,
3380,2025-07-17,23,38,42,383848,0.1163,02,750,0,0,Node 02: Network 3
3381,2025-07-17,23,38,42,441463,0.057615,03,1250,0,0,Node 03: Network 3
3382,2025-07-17,23,38,42,517475,0.076012,02,750,0,0,Node 02: Network 3
3383,2025-07-17,23,38,42,551035,0.03356,01,250,0,0,Node 01: Network 3
3384,2025-07-17,23,38,42,584082,0.033047,01,250,0,0,Node 01: Network 3
3385,2025-07-17,23,38,42,645240,0.061158,02,750,0,0,Node 02: Network 3
3386,2025-07-17,23,38,42,737159,0.091919,03,1250,0,0,Node 03: Network 3
3387,2025-07-17,23,38,42,817962,0.080803,01,250,0,0,Node 01: Network 3
3388,2025-07-17,23,38,42,873956,0.055994,02,750,0,0,Node 02: Network 3
3389,2025-07-17,23,38,42,962542,0.088586,02,750,0,0,Node 02: Network 3
3390,2025-07-17,23,38,43,021195,0.058653,03,1250,0,0,Node 03: Network 3
3391,2025-07-17,23,38,43,053829,0.032634,01,250,0,0,Node 01: Network 3
3392,2025-07-17,23,38,43,262893,0.209064,03,1250,0,0,Node 03: Network 3
3393,2025-07-17,23,38,43,908247,0.645354,BB,0,1,0,
3394,2025-07-17,23,38,43,963786,0.055539,03,958,0,1,
3395,2025-07-17,23,38,45,911990,1.948204,BB,0,1,0,
3396,2025-07-17,23,38,45,971078,0.059088,02,1832,0,1,
3397,2025-07-17,23,38,45,989109,0.018031,01,1835,0,1,
3398,2025-07-17,23,38,46,001132,0.012023,03,960,0,1,
3399,2025-07-17,23,38,46,227061,0.225929,01,250,0,0,Node 01: Network 3
3400,2025-07-17,23,38,46,728966,0.501905,02,750,0,0,Node 02: Network 3
3401,2025-07-17,23,38,47,231525,0.502559,03,1250,0,0,Node 03: Network 3
3402,2025-07-17,23,38,48,228631,0.997106,01,250,0,0,Node 01: Network 3
3403,2025-07-17,23,38,48,776135,0.547504,02,750,0,0,Node 02: Network 3
3404,2025-07-17,23,38,49,234063,0.457928,03,1251,0,0,Node 03: Network 3
3405,2025-07-17,23,38,50,229021,0.994958,01,250,0,0,Node 01: Network 3
3406,2025-07-17,23,38,50,777245,0.548224,02,750,0,0,Node 02: Network 3
3407,2025-07-17,23,38,51,236004,0.458759,03,1250,0,0,Node 03: Network 3
3408,2025-07-17,23,38,52,229000,0.992996,01,250,0,0,Node 01: Network 3
3409,2025-07-17,23,38,52,779837,0.550837,02,750,0,0,Node 02: Network 3
3410,2025-07-17,23,38,53,238296,0.458459,03,1250,0,0,Node 03: Network 3
3411,2025-07-17,23,38,54,323927,1.085631,01,250,0,0,Node 01: Network 3
3412,2025-07-17,23,38,54,782240,0.458313,02,750,0,0,Node 02: Network 3
3413,2025-07-17,23,38,55,240968,0.458728,03,1250,0,0,Node 03: Network 3
3414,2025-07-17,23,38,56,323531,1.082563,01,251,0,0,Node 01: Network 3
3415,2025-07-17,23,38,56,783760,0.460229,02,750,0,0,Node 02: Network 3
3416,2025-07-17,23,38,57,241768,0.458008,03,1250,0,0,Node 03: Network 3
3417,2025-07-17,23,38,58,324909,1.083141,01,250,0,0,Node 01: Network 3
3418,2025-07-17,23,38,58,786050,0.461141,02,750,0,0,Node 02: Network 3
3419,2025-07-17,23,38,59,370841,0.584791,03,1250,0,0,Node 03: Network 3
3420,2025-07-17,23,39,00,325884,0.955043,01,250,0,0,Node 01: Network 3
3421,2025-07-17,23,39,00,868901,0.543017,02,750,0,0,Node 02: Network 3
3422,2025-07-17,23,39,01,373314,0.504413,03,1250,0,0,Node 03: Network 3
3423,2025-07-17,23,39,02,413706,1.040392,01,250,0,0,Node 01: Network 3
3424,2025-07-17,23,39,02,873032,0.459326,02,750,0,0,Node 02: Network 3
3425,2025-07-17,23,39,03,459868,0.586836,03,1250,0,0,Node 03: Network 3
3426,2025-07-17,23,39,03,952110,0.492242,BB,0,1,0,
3427,2025-07-17,23,39,05,955440,2.00333,BB,0,1,0,
3428,2025-07-17,23,39,05,995007,0.039567,01,1864,0,1,
3429,2025-07-17,23,39,06,040939,0.045932,02,1903,0,1,
3430,2025-07-17,23,39,06,054568,0.013629,03,1817,0,1,
3431,2025-07-17,23,39,06,270396,0.215828,01,250,0,0,Node 01: Network 3
3432,2025-07-17,23,39,06,771762,0.501366,02,750,0,0,Node 02: Network 3
3433,2025-07-17,23,39,07,275179,0.503417,03,1250,0,0,Node 03: Network 3
3434,2025-07-17,23,39,08,273350,0.998171,01,250,0,0,Node 01: Network 3
3435,2025-07-17,23,39,08,772520,0.49917,02,750,0,0,Node 02: Network 3
3436,2025-07-17,23,39,09,276688,0.504168,03,1250,0,0,Node 03: Network 3
3437,2025-07-17,23,39,10,272636,0.995948,01,250,0,0,Node 01: Network 3
3438,2025-07-17,23,39,10,776742,0.504106,02,750,0,0,Node 02: Network 3
3439,2025-07-17,23,39,11,278832,0.50209,03,1250,0,0,Node 03: Network 3
3440,2025-07-17,23,39,12,273570,0.994738,01,250,0,0,Node 01: Network 3
3441,2025-07-17,23,39,12,778278,0.504708,02,750,0,0,Node 02: Network 3
3442,2025-07-17,23,39,13,321743,0.543465,03,1250,0,0,Node 03: Network 3
3443,2025-07-17,23,39,14,322806,1.001063,01,250,0,0,Node 01: Network 3
3444,2025-07-17,23,39,14,779566,0.45676,02,750,0,0,Node 02: Network 3
3445,2025-07-17,23,39,15,322601,0.543035,03,1250,0,0,Node 03: Network 3
3446,2025-07-17,23,39,16,323711,1.00111,01,250,0,0,Node 01: Network 3
3447,2025-07-17,23,39,16,782755,0.459044,02,750,0,0,Node 02: Network 3
3448,2025-07-17,23,39,17,370413,0.587658,03,1250,0,0,Node 03: Network 3
3449,2025-07-17,23,39,18,324331,0.953918,01,250,0,0,Node 01: Network 3
3450,2025-07-17,23,39,18,783632,0.459301,02,750,0,0,Node 02: Network 3
3451,2025-07-17,23,39,19,373017,0.589385,03,1250,0,0,Node 03: Network 3
3452,2025-07-17,23,39,20,324045,0.951028,01,250,0,0,Node 01: Network 3
3453,2025-07-17,23,39,20,785443,0.461398,02,750,0,0,Node 02: Network 3
3454,2025-07-17,23,39,21,375703,0.59026,03,1250,0,0,Node 03: Network 3
3455,2025-07-17,23,39,22,324830,0.949127,01,250,0,0,Node 01: Network 3
3456,2025-07-17,23,39,22,919583,0.594753,02,750,0,0,Node 02: Network 3
3457,2025-07-17,23,39,23,377405,0.457822,03,1250,0,0,Node 03: Network 3
3458,2025-07-17,23,39,24,325298,0.947893,01,250,0,0,Node 01: Network 3
3459,2025-07-17,23,39,24,922466,0.597168,02,750,0,0,Node 02: Network 3
3460,2025-07-17,23,39,25,379522,0.457056,03,1250,0,0,Node 03: Network 3
3461,2025-07-17,23,39,26,327536,0.948014,01,250,0,0,Node 01: Network 3
3462,2025-07-17,23,39,26,938318,0.610782,02,750,0,0,Node 02: Network 3
3463,2025-07-17,23,39,27,375113,0.436795,03,1250,0,0,Node 03: Network 3
3464,2025-07-17,23,39,28,328466,0.953353,01,250,0,0,Node 01: Network 3
3465,2025-07-17,23,39,28,926376,0.59791,02,750,0,0,Node 02: Network 3
3466,2025-07-17,23,39,29,377038,0.450662,03,1250,0,0,Node 03: Network 3
3467,2025-07-17,23,39,30,327963,0.950925,01,250,0,0,Node 01: Network 3
3468,2025-07-17,23,39,30,922080,0.594117,02,750,0,0,Node 02: Network 3
3469,2025-07-17,23,39,31,375779,0.453699,03,1250,0,0,Node 03: Network 3
3470,2025-07-17,23,39,32,328387,0.952608,01,250,0,0,Node 01: Network 3
3471,2025-07-17,23,39,32,923801,0.595414,02,750,0,0,Node 02: Network 3
3472,2025-07-17,23,39,33,376747,0.452946,03,1250,0,0,Node 03: Network 3
3473,2025-07-17,23,39,34,492496,1.115749,01,250,0,0,Node 01: Network 3
3474,2025-07-17,23,39,34,925691,0.433195,02,750,0,0,Node 02: Network 3
3475,2025-07-17,23,39,35,379629,0.453938,03,1250,0,0,Node 03: Network 3
3476,2025-07-17,23,39,36,469160,1.089531,01,250,0,0,Node 01: Network 3
3477,2025-07-17,23,39,36,923219,0.454059,02,750,0,0,Node 02: Network 3
3478,2025-07-17,23,39,37,515432,0.592213,03,1250,0,0,Node 03: Network 3
3479,2025-07-17,23,39,38,470360,0.954928,01,250,0,0,Node 01: Network 3
3480,2025-07-17,23,39,38,925420,0.45506,02,750,0,0,Node 02: Network 3
3481,2025-07-17,23,39,39,518223,0.592803,03,1250,0,0,Node 03: Network 3
3482,2025-07-17,23,39,40,469762,0.951539,01,250,0,0,Node 01: Network 3
3483,2025-07-17,23,39,40,928130,0.458368,02,750,0,0,Node 02: Network 3
3484,2025-07-17,23,39,41,519823,0.591693,03,1250,0,0,Node 03: Network 3
3485,2025-07-17,23,39,42,471075,0.951252,01,250,0,0,Node 01: Network 3
3486,2025-07-17,23,39,42,929818,0.458743,02,750,0,0,Node 02: Network 3
3487,2025-07-17,23,39,43,522071,0.592253,03,1250,0,0,Node 03: Network 3
3488,2025-07-17,23,39,44,471450,0.949379,01,250,0,0,Node 01: Network 3
3489,2025-07-17,23,39,44,965268,0.493818,02,750,0,0,Node 02: Network 3
3490,2025-07-17,23,39,45,518561,0.553293,03,1250,0,0,Node 03: Network 3
3491,2025-07-17,23,39,46,473542,0.954981,01,250,0,0,Node 01: Network 3
3492,2025-07-17,23,39,46,933707,0.460165,02,750,0,0,Node 02: Network 3
3493,2025-07-17,23,39,47,520884,0.587177,03,1250,0,0,Node 03: Network 3
3494,2025-07-17,23,39,48,473263,0.952379,01,250,0,0,Node 01: Network 3
3495,2025-07-17,23,39,48,936050,0.462787,02,750,0,0,Node 02: Network 3
3496,2025-07-17,23,39,49,522090,0.58604,03,1250,0,0,Node 03: Network 3
3497,2025-07-17,23,39,50,473803,0.951713,01,250,0,0,Node 01: Network 3
3498,2025-07-17,23,39,51,067058,0.593255,02,750,0,0,Node 02: Network 3
3499,2025-07-17,23,39,51,524404,0.457346,03,1250,0,0,Node 03: Network 3
3500,2025-07-17,23,39,52,056974,0.53257,BB,0,1,0,
3501,2025-07-17,23,39,54,061126,2.004152,BB,0,1,0,
3502,2025-07-17,23,39,54,106231,0.045105,02,1814,0,1,
3503,2025-07-17,23,39,54,119760,0.013529,03,1859,0,1,
3504,2025-07-17,23,39,54,148796,0.029036,01,1909,0,1,
3505,2025-07-17,23,39,54,377896,0.2291,01,250,0,0,Node 01: Network 3
3506,2025-07-17,23,39,54,877193,0.499297,02,750,0,0,Node 02: Network 3
3507,2025-07-17,23,39,55,381222,0.504029,03,1250,0,0,Node 03: Network 3
3508,2025-07-17,23,39,56,376870,0.995648,01,250,0,0,Node 01: Network 3
3509,2025-07-17,23,39,56,877990,0.50112,02,750,0,0,Node 02: Network 3
3510,2025-07-17,23,39,57,383010,0.50502,03,1250,0,0,Node 03: Network 3
3511,2025-07-17,23,39,58,378940,0.99593,01,250,0,0,Node 01: Network 3
3512,2025-07-17,23,39,58,880822,0.501882,02,750,0,0,Node 02: Network 3
3513,2025-07-17,23,39,59,386012,0.50519,03,1250,0,0,Node 03: Network 3
3514,2025-07-17,23,40,00,380308,0.994296,01,250,0,0,Node 01: Network 3
3515,2025-07-17,23,40,00,883283,0.502975,02,750,0,0,Node 02: Network 3
3516,2025-07-17,23,40,01,386981,0.503698,03,1250,0,0,Node 03: Network 3
3517,2025-07-17,23,40,02,379985,0.993004,01,250,0,0,Node 01: Network 3
3518,2025-07-17,23,40,02,885083,0.505098,02,750,0,0,Node 02: Network 3
3519,2025-07-17,23,40,03,389982,0.504899,03,1250,0,0,Node 03: Network 3
3520,2025-07-17,23,40,04,381202,0.99122,01,250,0,0,Node 01: Network 3
3521,2025-07-17,23,40,04,887941,0.506739,02,750,0,0,Node 02: Network 3
3522,2025-07-17,23,40,05,391927,0.503986,03,1250,0,0,Node 03: Network 3
3523,2025-07-17,23,40,06,381473,0.989546,01,250,0,0,Node 01: Network 3
3524,2025-07-17,23,40,06,888945,0.507472,02,750,0,0,Node 02: Network 3
3525,2025-07-17,23,40,07,394424,0.505479,03,1250,0,0,Node 03: Network 3
3526,2025-07-17,23,40,08,382782,0.988358,01,250,0,0,Node 01: Network 3
3527,2025-07-17,23,40,08,937898,0.555116,02,750,0,0,Node 02: Network 3
3528,2025-07-17,23,40,09,429647,0.491749,03,1250,0,0,Node 03: Network 3
3529,2025-07-17,23,40,10,382280,0.952633,01,250,0,0,Node 01: Network 3
3530,2025-07-17,23,40,10,940701,0.558421,02,750,0,0,Node 02: Network 3
3531,2025-07-17,23,40,11,432398,0.491697,03,1250,0,0,Node 03: Network 3
3532,2025-07-17,23,40,12,382879,0.950481,01,250,0,0,Node 01: Network 3
3533,2025-07-17,23,40,12,942376,0.559497,02,750,0,0,Node 02: Network 3
3534,2025-07-17,23,40,14,385050,1.442674,01,250,0,0,Node 01: Network 3
3535,2025-07-17,23,40,14,944485,0.559435,02,750,0,0,Node 02: Network 3
3536,2025-07-17,23,40,15,431031,0.486546,03,1250,0,0,Node 03: Network 3
3537,2025-07-17,23,40,16,385609,0.954578,01,250,0,0,Node 01: Network 3
3538,2025-07-17,23,40,16,946263,0.560654,02,750,0,0,Node 02: Network 3
3539,2025-07-17,23,40,17,434616,0.488353,03,1250,0,0,Node 03: Network 3
3540,2025-07-17,23,40,18,386090,0.951474,01,250,0,0,Node 01: Network 3
3541,2025-07-17,23,40,18,947719,0.561629,02,750,0,0,Node 02: Network 3
3542,2025-07-17,23,40,19,436188,0.488469,03,1250,0,0,Node 03: Network 3
3543,2025-07-17,23,40,20,386235,0.950047,01,250,0,0,Node 01: Network 3
3544,2025-07-17,23,40,20,949459,0.563224,02,750,0,0,Node 02: Network 3
3545,2025-07-17,23,40,21,438382,0.488923,03,1250,0,0,Node 03: Network 3
3546,2025-07-17,23,40,22,387193,0.948811,01,250,0,0,Node 01: Network 3
3547,2025-07-17,23,40,22,932809,0.545616,02,750,0,0,Node 02: Network 3
3548,2025-07-17,23,40,23,440491,0.507682,03,1250,0,0,Node 03: Network 3
3549,2025-07-17,23,40,24,387866,0.947375,01,250,0,0,Node 01: Network 3
3550,2025-07-17,23,40,24,984391,0.596525,02,750,0,0,Node 02: Network 3
3551,2025-07-17,23,40,25,442901,0.45851,03,1250,0,0,Node 03: Network 3
3552,2025-07-17,23,40,26,388091,0.94519,01,250,0,0,Node 01: Network 3
3553,2025-07-17,23,40,26,986951,0.59886,02,750,0,0,Node 02: Network 3
3554,2025-07-17,23,40,27,444370,0.457419,03,1250,0,0,Node 03: Network 3
3555,2025-07-17,23,40,28,388383,0.944013,01,250,0,0,Node 01: Network 3
3556,2025-07-17,23,40,28,988163,0.59978,02,750,0,0,Node 02: Network 3
3557,2025-07-17,23,40,29,446636,0.458473,03,1250,0,0,Node 03: Network 3
3558,2025-07-17,23,40,30,391000,0.944364,01,250,0,0,Node 01: Network 3
3559,2025-07-17,23,40,30,991092,0.600092,02,750,0,0,Node 02: Network 3
3560,2025-07-17,23,40,31,448470,0.457378,03,1250,0,0,Node 03: Network 3
3561,2025-07-17,23,40,32,391021,0.942551,01,250,0,0,Node 01: Network 3
3562,2025-07-17,23,40,32,992931,0.60191,02,750,0,0,Node 02: Network 3
3563,2025-07-17,23,40,33,451608,0.458677,03,1250,0,0,Node 03: Network 3
3564,2025-07-17,23,40,34,391267,0.939659,01,250,0,0,Node 01: Network 3
3565,2025-07-17,23,40,34,981356,0.590089,02,750,0,0,Node 02: Network 3
3566,2025-07-17,23,40,35,452970,0.471614,03,1250,0,0,Node 03: Network 3
3567,2025-07-17,23,40,36,392091,0.939121,01,250,0,0,Node 01: Network 3
3568,2025-07-17,23,40,36,998067,0.605976,02,750,0,0,Node 02: Network 3
3569,2025-07-17,23,40,37,455584,0.457517,03,1250,0,0,Node 03: Network 3
3570,2025-07-17,23,40,38,393187,0.937603,01,250,0,0,Node 01: Network 3
3571,2025-07-17,23,40,39,000505,0.607318,02,750,0,0,Node 02: Network 3
3572,2025-07-17,23,40,39,457742,0.457237,03,1250,0,0,Node 03: Network 3
3573,2025-07-17,23,40,40,392499,0.934757,01,250,0,0,Node 01: Network 3
3574,2025-07-17,23,40,41,002576,0.610077,02,750,0,0,Node 02: Network 3
3575,2025-07-17,23,40,41,459236,0.45666,03,1250,0,0,Node 03: Network 3
3576,2025-07-17,23,40,42,394025,0.934789,01,250,0,0,Node 01: Network 3
3577,2025-07-17,23,40,43,003729,0.609704,02,750,0,0,Node 02: Network 3
3578,2025-07-17,23,40,43,442006,0.438277,03,1250,0,0,Node 03: Network 3
3579,2025-07-17,23,40,44,395262,0.953256,01,250,0,0,Node 01: Network 3
3580,2025-07-17,23,40,45,006073,0.610811,02,750,0,0,Node 02: Network 3
3581,2025-07-17,23,40,45,444446,0.438373,03,1250,0,0,Node 03: Network 3
3582,2025-07-17,23,40,46,397176,0.95273,01,250,0,0,Node 01: Network 3
3583,2025-07-17,23,40,47,006705,0.609529,02,750,0,0,Node 02: Network 3
3584,2025-07-17,23,40,47,445476,0.438771,03,1250,0,0,Node 03: Network 3
3585,2025-07-17,23,40,48,396764,0.951288,01,250,0,0,Node 01: Network 3
3586,2025-07-17,23,40,49,010203,0.613439,02,750,0,0,Node 02: Network 3
3587,2025-07-17,23,40,49,446606,0.436403,03,1250,0,0,Node 03: Network 3
3588,2025-07-17,23,40,50,343024,0.896418,BB,0,1,0,03:958:0:1
3589,2025-07-17,23,40,50,414207,0.071183,BB,0,1,0,02:1832:0:1
3590,2025-07-17,23,40,50,465874,0.051667,01,339,0,1,
3591,2025-07-17,23,40,50,480409,0.014535,03,290,0,1,
3592,2025-07-17,23,40,50,501031,0.020622,02,225,0,1,
3593,2025-07-17,23,40,50,529569,0.028538,01,1835,0,1,960:0:1
3594,2025-07-17,23,40,50,598081,0.068512,02,750,0,0,Node 02: Network 3
3595,2025-07-17,23,40,50,790481,0.1924,03,1250,0,0,Node 03: Network 3
3596,2025-07-17,23,40,50,869781,0.0793,02,750,0,0,Node 02: Network 3
3597,2025-07-17,23,40,50,902079,0.032298,01,250,0,0,Node 01: Network 3
3598,2025-07-17,23,40,50,967261,0.065182,01,250,0,0,Node 01: Network 3
3599,2025-07-17,23,40,51,033791,0.06653,02,750,0,0,Node 02: Network 3
3600,2025-07-17,23,40,51,068363,0.034572,03,1250,0,0,Node 03: Network 3
3601,2025-07-17,23,40,51,108777,0.040414,01,250,0,0,Node 01: Network 3
3602,2025-07-17,23,40,51,164664,0.055887,02,750,0,0,Node 02: Network 3
3603,2025-07-17,23,40,51,288726,0.124062,02,771,0,0,Node 02: Network 3
3604,2025-07-17,23,40,51,343560,0.054834,03,1251,0,0,Node 03: Network 3
3605,2025-07-17,23,40,51,386127,0.042567,01,250,0,0,Node 01: Network 3
3606,2025-07-17,23,40,51,720340,0.334213,03,1250,0,0,Node 03: Network 3
3607,2025-07-17,23,40,52,188877,0.468537,BB,0,1,0,
3608,2025-07-17,23,40,56,197584,4.008707,BB,0,1,0,
3609,2025-07-17,23,40,56,255999,0.058415,02,131,0,1,
3610,2025-07-17,23,40,56,289875,0.033876,03,1798,0,1,
3611,2025-07-17,23,40,56,314611,0.024736,01,1802,0,1,
3612,2025-07-17,23,40,56,514806,0.200195,01,250,0,0,Node 01: Network 3
3613,2025-07-17,23,40,57,012811,0.498005,02,750,0,0,Node 02: Network 3
3614,2025-07-17,23,40,57,517499,0.504688,03,1250,0,0,Node 03: Network 3
3615,2025-07-17,23,40,58,513889,0.99639,01,250,0,0,Node 01: Network 3
3616,2025-07-17,23,40,59,014612,0.500723,02,750,0,0,Node 02: Network 3
3617,2025-07-17,23,40,59,519374,0.504762,03,1250,0,0,Node 03: Network 3
3618,2025-07-17,23,41,00,514434,0.99506,01,250,0,0,Node 01: Network 3
3619,2025-07-17,23,41,01,063403,0.548969,02,750,0,0,Node 02: Network 3
3620,2025-07-17,23,41,01,521975,0.458572,03,1250,0,0,Node 03: Network 3
3621,2025-07-17,23,41,02,515967,0.993992,01,250,0,0,Node 01: Network 3
3622,2025-07-17,23,41,03,066071,0.550104,02,750,0,0,Node 02: Network 3
3623,2025-07-17,23,41,03,522783,0.456712,03,1250,0,0,Node 03: Network 3
3624,2025-07-17,23,41,04,516925,0.994142,01,250,0,0,Node 01: Network 3
3625,2025-07-17,23,41,05,067837,0.550912,02,750,0,0,Node 02: Network 3
3626,2025-07-17,23,41,05,526389,0.458552,03,1250,0,0,Node 03: Network 3
3627,2025-07-17,23,41,06,515887,0.989498,01,250,0,0,Node 01: Network 3
3628,2025-07-17,23,41,07,070448,0.554561,02,750,0,0,Node 02: Network 3
3629,2025-07-17,23,41,07,563430,0.492982,03,1250,0,0,Node 03: Network 3
3630,2025-07-17,23,41,08,517297,0.953867,01,250,0,0,Node 01: Network 3
3631,2025-07-17,23,41,09,073125,0.555828,02,750,0,0,Node 02: Network 3
3632,2025-07-17,23,41,09,566655,0.49353,03,1250,0,0,Node 03: Network 3
3633,2025-07-17,23,41,10,616771,1.050116,01,250,0,0,Node 01: Network 3
3634,2025-07-17,23,41,11,074076,0.457305,02,750,0,0,Node 02: Network 3
3635,2025-07-17,23,41,11,569306,0.49523,03,1250,0,0,Node 03: Network 3
3636,2025-07-17,23,41,12,617836,1.04853,01,250,0,0,Node 01: Network 3
3637,2025-07-17,23,41,13,075908,0.458072,02,750,0,0,Node 02: Network 3
3638,2025-07-17,23,41,13,570287,0.494379,03,1250,0,0,Node 03: Network 3
3639,2025-07-17,23,41,14,618075,1.047788,01,250,0,0,Node 01: Network 3
3640,2025-07-17,23,41,15,078529,0.460454,02,750,0,0,Node 02: Network 3
3641,2025-07-17,23,41,15,572228,0.493699,03,1250,0,0,Node 03: Network 3
3642,2025-07-17,23,41,16,621059,1.048831,01,250,0,0,Node 01: Network 3
3643,2025-07-17,23,41,17,080144,0.459085,02,750,0,0,Node 02: Network 3
3644,2025-07-17,23,41,17,575493,0.495349,03,1251,0,0,Node 03: Network 3
3645,2025-07-17,23,41,18,622724,1.047231,01,250,0,0,Node 01: Network 3
3646,2025-07-17,23,41,19,081604,0.45888,02,750,0,0,Node 02: Network 3
3647,2025-07-17,23,41,19,577416,0.495812,03,1250,0,0,Node 03: Network 3
3648,2025-07-17,23,41,20,621877,1.044461,01,250,0,0,Node 01: Network 3
3649,2025-07-17,23,41,21,084356,0.462479,02,750,0,0,Node 02: Network 3
3650,2025-07-17,23,41,21,579947,0.495591,03,1250,0,0,Node 03: Network 3
3651,2025-07-17,23,41,22,623017,1.04307,01,250,0,0,Node 01: Network 3
3652,2025-07-17,23,41,23,086363,0.463346,02,750,0,0,Node 02: Network 3
3653,2025-07-17,23,41,23,581609,0.495246,03,1250,0,0,Node 03: Network 3
3654,2025-07-17,23,41,24,631648,1.050039,01,250,0,0,Node 01: Network 3
3655,2025-07-17,23,41,25,088654,0.457006,02,750,0,0,Node 02: Network 3
3656,2025-07-17,23,41,25,583561,0.494907,03,1250,0,0,Node 03: Network 3
3657,2025-07-17,23,41,26,632913,1.049352,01,250,0,0,Node 01: Network 3
3658,2025-07-17,23,41,27,090296,0.457383,02,750,0,0,Node 02: Network 3
3659,2025-07-17,23,41,27,585902,0.495606,03,1250,0,0,Node 03: Network 3
3660,2025-07-17,23,41,28,633104,1.047202,01,250,0,0,Node 01: Network 3
3661,2025-07-17,23,41,29,092755,0.459651,02,750,0,0,Node 02: Network 3
3662,2025-07-17,23,41,29,587586,0.494831,03,1250,0,0,Node 03: Network 3
3663,2025-07-17,23,41,30,634847,1.047261,01,250,0,0,Node 01: Network 3
3664,2025-07-17,23,41,31,094702,0.459855,02,750,0,0,Node 02: Network 3
3665,2025-07-17,23,41,31,589972,0.49527,03,1250,0,0,Node 03: Network 3
3666,2025-07-17,23,41,32,639730,1.049758,01,250,0,0,Node 01: Network 3
3667,2025-07-17,23,41,33,096271,0.456541,02,750,0,0,Node 02: Network 3
3668,2025-07-17,23,41,33,608793,0.512522,03,1251,0,0,Node 03: Network 3
3669,2025-07-17,23,41,34,640436,1.031643,01,250,0,0,Node 01: Network 3
3670,2025-07-17,23,41,35,108046,0.46761,02,750,0,0,Node 02: Network 3
3671,2025-07-17,23,41,35,595188,0.487142,03,1250,0,0,Node 03: Network 3
3672,2025-07-17,23,41,36,640610,1.045422,01,250,0,0,Node 01: Network 3
3673,2025-07-17,23,41,37,110053,0.469443,02,750,0,0,Node 02: Network 3
3674,2025-07-17,23,41,37,596402,0.486349,03,1250,0,0,Node 03: Network 3
3675,2025-07-17,23,41,38,642807,1.046405,01,251,0,0,Node 01: Network 3
3676,2025-07-17,23,41,39,112284,0.469477,02,750,0,0,Node 02: Network 3
3677,2025-07-17,23,41,39,599176,0.486892,03,1250,0,0,Node 03: Network 3
3678,2025-07-17,23,41,40,643603,1.044427,01,250,0,0,Node 01: Network 3
3679,2025-07-17,23,41,41,115330,0.471727,02,751,0,0,Node 02: Network 3
3680,2025-07-17,23,41,41,601646,0.486316,03,1250,0,0,Node 03: Network 3
3681,2025-07-17,23,41,42,644815,1.043169,01,250,0,0,Node 01: Network 3
3682,2025-07-17,23,41,43,117330,0.472515,02,750,0,0,Node 02: Network 3
3683,2025-07-17,23,41,43,602827,0.485497,03,1250,0,0,Node 03: Network 3
3684,2025-07-17,23,41,44,643959,1.041132,01,250,0,0,Node 01: Network 3
3685,2025-07-17,23,41,45,118472,0.474513,02,750,0,0,Node 02: Network 3
3686,2025-07-17,23,41,45,605577,0.487105,03,1250,0,0,Node 03: Network 3
3687,2025-07-17,23,41,46,644896,1.039319,01,250,0,0,Node 01: Network 3
3688,2025-07-17,23,41,47,120130,0.475234,02,750,0,0,Node 02: Network 3
3689,2025-07-17,23,41,47,666572,0.546442,03,1250,0,0,Node 03: Network 3
3690,2025-07-17,23,41,48,646062,0.97949,01,250,0,0,Node 01: Network 3
3691,2025-07-17,23,41,49,210486,0.564424,02,750,0,0,Node 02: Network 3
3692,2025-07-17,23,41,49,668172,0.457686,03,1250,0,0,Node 03: Network 3
3693,2025-07-17,23,41,50,647084,0.978912,01,250,0,0,Node 01: Network 3
3694,2025-07-17,23,41,51,212442,0.565358,02,750,0,0,Node 02: Network 3
3695,2025-07-17,23,41,51,670308,0.457866,03,1250,0,0,Node 03: Network 3
3696,2025-07-17,23,41,52,646560,0.976252,01,250,0,0,Node 01: Network 3
3697,2025-07-17,23,41,53,214263,0.567703,02,750,0,0,Node 02: Network 3
3698,2025-07-17,23,41,53,693906,0.479643,03,1250,0,0,Node 03: Network 3
3699,2025-07-17,23,41,54,758932,1.065026,01,250,0,0,Node 01: Network 3
3700,2025-07-17,23,41,55,216046,0.457114,02,750,0,0,Node 02: Network 3
3701,2025-07-17,23,41,55,696741,0.480695,03,1250,0,0,Node 03: Network 3
3702,2025-07-17,23,41,56,759995,1.063254,01,250,0,0,Node 01: Network 3
3703,2025-07-17,23,41,57,218707,0.458712,02,750,0,0,Node 02: Network 3
3704,2025-07-17,23,41,57,698210,0.479503,03,1250,0,0,Node 03: Network 3
3705,2025-07-17,23,41,58,760360,1.06215,01,250,0,0,Node 01: Network 3
3706,2025-07-17,23,41,59,221004,0.460644,02,750,0,0,Node 02: Network 3
3707,2025-07-17,23,41,59,700155,0.479151,03,1250,0,0,Node 03: Network 3
3708,2025-07-17,23,42,00,761011,1.060856,01,250,0,0,Node 01: Network 3
3709,2025-07-17,23,42,01,223164,0.462153,02,750,0,0,Node 02: Network 3
3710,2025-07-17,23,42,01,702758,0.479594,03,1250,0,0,Node 03: Network 3
3711,2025-07-17,23,42,02,761281,1.058523,01,250,0,0,Node 01: Network 3
3712,2025-07-17,23,42,03,224652,0.463371,02,750,0,0,Node 02: Network 3
3713,2025-07-17,23,42,03,705512,0.48086,03,1251,0,0,Node 03: Network 3
3714,2025-07-17,23,42,04,767904,1.062392,01,250,0,0,Node 01: Network 3
3715,2025-07-17,23,42,05,226561,0.458657,02,750,0,0,Node 02: Network 3
3716,2025-07-17,23,42,05,707375,0.480814,03,1250,0,0,Node 03: Network 3
3717,2025-07-17,23,42,06,769746,1.062371,01,251,0,0,Node 01: Network 3
3718,2025-07-17,23,42,07,229205,0.459459,02,750,0,0,Node 02: Network 3
3719,2025-07-17,23,42,07,815925,0.58672,03,1250,0,0,Node 03: Network 3
3720,2025-07-17,23,42,08,770571,0.954646,01,250,0,0,Node 01: Network 3
3721,2025-07-17,23,42,09,230608,0.460037,02,750,0,0,Node 02: Network 3
3722,2025-07-17,23,42,09,817184,0.586576,03,1250,0,0,Node 03: Network 3
3723,2025-07-17,23,42,10,771517,0.954333,01,250,0,0,Node 01: Network 3
3724,2025-07-17,23,42,11,231554,0.460037,02,750,0,0,Node 02: Network 3
3725,2025-07-17,23,42,11,820147,0.588593,03,1250,0,0,Node 03: Network 3
3726,2025-07-17,23,42,12,772220,0.952073,01,250,0,0,Node 01: Network 3
3727,2025-07-17,23,42,13,233702,0.461482,02,750,0,0,Node 02: Network 3
3728,2025-07-17,23,42,13,821470,0.587768,03,1250,0,0,Node 03: Network 3
3729,2025-07-17,23,42,14,771320,0.94985,01,250,0,0,Node 01: Network 3
3730,2025-07-17,23,42,15,236883,0.465563,02,750,0,0,Node 02: Network 3
3731,2025-07-17,23,42,15,823857,0.586974,03,1250,0,0,Node 03: Network 3
3732,2025-07-17,23,42,16,771882,0.948025,01,250,0,0,Node 01: Network 3
3733,2025-07-17,23,42,17,368196,0.596314,02,750,0,0,Node 02: Network 3
3734,2025-07-17,23,42,17,825573,0.457377,03,1250,0,0,Node 03: Network 3
3735,2025-07-17,23,42,18,913236,1.087663,01,250,0,0,Node 01: Network 3
3736,2025-07-17,23,42,19,370585,0.457349,02,750,0,0,Node 02: Network 3
3737,2025-07-17,23,42,19,829235,0.45865,03,1250,0,0,Node 03: Network 3
3738,2025-07-17,23,42,20,380704,0.551469,BB,0,1,0,
3739,2025-07-17,23,42,22,385891,2.005187,BB,0,1,0,
3740,2025-07-17,23,42,22,428294,0.042403,02,1835,0,1,
3741,2025-07-17,23,42,22,441727,0.013433,03,1880,0,1,
3742,2025-07-17,23,42,22,518285,0.076558,01,1795,0,1,
3743,2025-07-17,23,42,22,701287,0.183002,01,250,0,0,Node 01: Network 3
3744,2025-07-17,23,42,23,201569,0.500282,02,750,0,0,Node 02: Network 3
3745,2025-07-17,23,42,23,704850,0.503281,03,1250,0,0,Node 03: Network 3
3746,2025-07-17,23,42,24,702178,0.997328,01,250,0,0,Node 01: Network 3
3747,2025-07-17,23,42,25,203975,0.501797,02,750,0,0,Node 02: Network 3
3748,2025-07-17,23,42,25,707106,0.503131,03,1250,0,0,Node 03: Network 3
3749,2025-07-17,23,42,26,746712,1.039606,01,250,0,0,Node 01: Network 3
3750,2025-07-17,23,42,27,204106,0.457394,02,750,0,0,Node 02: Network 3
3751,2025-07-17,23,42,27,708847,0.504741,03,1250,0,0,Node 03: Network 3
3752,2025-07-17,23,42,28,748110,1.039263,01,250,0,0,Node 01: Network 3
3753,2025-07-17,23,42,29,252327,0.504217,02,750,0,0,Node 02: Network 3
3754,2025-07-17,23,42,29,710943,0.458616,03,1250,0,0,Node 03: Network 3
3755,2025-07-17,23,42,30,749211,1.038268,01,250,0,0,Node 01: Network 3
3756,2025-07-17,23,42,31,255794,0.506583,02,751,0,0,Node 02: Network 3
3757,2025-07-17,23,42,31,796885,0.541091,03,1250,0,0,Node 03: Network 3
3758,2025-07-17,23,42,32,749697,0.952812,01,250,0,0,Node 01: Network 3
3759,2025-07-17,23,42,33,341018,0.591321,02,750,0,0,Node 02: Network 3
3760,2025-07-17,23,42,33,798760,0.457742,03,1250,0,0,Node 03: Network 3
3761,2025-07-17,23,42,34,750032,0.951272,01,250,0,0,Node 01: Network 3
3762,2025-07-17,23,42,35,341847,0.591815,02,750,0,0,Node 02: Network 3
3763,2025-07-17,23,42,35,800982,0.459135,03,1250,0,0,Node 03: Network 3
3764,2025-07-17,23,42,36,750758,0.949776,01,250,0,0,Node 01: Network 3
3765,2025-07-17,23,42,37,344797,0.594039,02,750,0,0,Node 02: Network 3
3766,2025-07-17,23,42,37,803339,0.458542,03,1250,0,0,Node 03: Network 3
3767,2025-07-17,23,42,38,889750,1.086411,01,250,0,0,Node 01: Network 3
3768,2025-07-17,23,42,39,346722,0.456972,02,750,0,0,Node 02: Network 3
3769,2025-07-17,23,42,39,804757,0.458035,03,1250,0,0,Node 03: Network 3
3770,2025-07-17,23,42,40,891188,1.086431,01,250,0,0,Node 01: Network 3
3771,2025-07-17,23,42,41,347669,0.456481,02,750,0,0,Node 02: Network 3
3772,2025-07-17,23,42,41,807183,0.459514,03,1250,0,0,Node 03: Network 3
3773,2025-07-17,23,42,42,849551,1.042368,01,250,0,0,Node 01: Network 3
3774,2025-07-17,23,42,43,349876,0.500325,02,750,0,0,Node 02: Network 3
3775,2025-07-17,23,42,43,896889,0.547013,03,1250,0,0,Node 03: Network 3
3776,2025-07-17,23,42,44,850979,0.95409,01,250,0,0,Node 01: Network 3
3777,2025-07-17,23,42,45,351662,0.500683,02,750,0,0,Node 02: Network 3
3778,2025-07-17,23,42,45,899586,0.547924,03,1250,0,0,Node 03: Network 3
3779,2025-07-17,23,42,46,851771,0.952185,01,250,0,0,Node 01: Network 3
3780,2025-07-17,23,42,47,901075,1.049304,03,1250,0,0,Node 03: Network 3
3781,2025-07-17,23,42,48,852356,0.951281,01,250,0,0,Node 01: Network 3
3782,2025-07-17,23,42,49,445629,0.593273,02,750,0,0,Node 02: Network 3
3783,2025-07-17,23,42,49,902543,0.456914,03,1250,0,0,Node 03: Network 3
3784,2025-07-17,23,42,50,852414,0.949871,01,250,0,0,Node 01: Network 3
3785,2025-07-17,23,42,51,447300,0.594886,02,750,0,0,Node 02: Network 3
3786,2025-07-17,23,42,51,905565,0.458265,03,1250,0,0,Node 03: Network 3
3787,2025-07-17,23,42,52,854113,0.948548,01,250,0,0,Node 01: Network 3
3788,2025-07-17,23,42,53,449944,0.595831,02,750,0,0,Node 02: Network 3
3789,2025-07-17,23,42,53,907972,0.458028,03,1250,0,0,Node 03: Network 3
3790,2025-07-17,23,42,54,854087,0.946115,01,250,0,0,Node 01: Network 3
3791,2025-07-17,23,42,55,451597,0.59751,02,750,0,0,Node 02: Network 3
3792,2025-07-17,23,42,55,909313,0.457716,03,1250,0,0,Node 03: Network 3
3793,2025-07-17,23,42,56,855282,0.945969,01,250,0,0,Node 01: Network 3
3794,2025-07-17,23,42,57,453301,0.598019,02,750,0,0,Node 02: Network 3
3795,2025-07-17,23,42,57,911579,0.458278,03,1250,0,0,Node 03: Network 3
3796,2025-07-17,23,42,59,454510,1.542931,02,750,0,0,Node 02: Network 3
3797,2025-07-17,23,42,59,914971,0.460461,03,1250,0,0,Node 03: Network 3
3798,2025-07-17,23,43,00,603398,0.688427,BB,0,1,0,
3799,2025-07-17,23,43,00,674254,0.070856,BB,0,1,0,02:131:0:1
3800,2025-07-17,23,43,00,721509,0.047255,02,41,0,1,
3801,2025-07-17,23,43,00,750493,0.028984,03,1798,0,1,1802:0:1
3802,2025-07-17,23,43,00,783251,0.032758,02,750,0,0,Node 02: Network 3
3803,2025-07-17,23,43,00,796575,0.013324,01,1998,0,1,
3804,2025-07-17,23,43,00,808713,0.012138,03,85,0,1,
3805,2025-07-17,23,43,00,872591,0.063878,03,1250,0,0,Node 03: Network 3
3806,2025-07-17,23,43,01,103307,0.230716,02,771,0,0,Node 02: Network 3
3807,2025-07-17,23,43,01,144068,0.040761,03,1250,0,0,Node 03: Network 3
3808,2025-07-17,23,43,01,223853,0.079785,01,250,0,0,Node 01: Network 3
3809,2025-07-17,23,43,01,281464,0.057611,02,750,0,0,Node 02: Network 3
3810,2025-07-17,23,43,01,347368,0.065904,03,1250,0,0,Node 03: Network 3
3811,2025-07-17,23,43,01,423288,0.07592,01,250,0,0,Node 01: Network 3
3812,2025-07-17,23,43,01,456664,0.033376,02,750,0,0,Node 02: Network 3
3813,2025-07-17,23,43,01,491436,0.034772,03,1250,0,0,Node 03: Network 3
3814,2025-07-17,23,43,01,537246,0.04581,01,250,0,0,Node 01: Network 3
3815,2025-07-17,23,43,01,728655,0.191409,02,768,0,0,Node 02: Network 3
3816,2025-07-17,23,43,01,759989,0.031334,02,751,0,0,Node 02: Network 3
3817,2025-07-17,23,43,01,982644,0.222655,03,1250,0,0,Node 03: Network 3
3818,2025-07-17,23,43,02,326513,0.343869,01,250,0,0,Node 01: Network 3
3819,2025-07-17,23,43,02,472888,0.146375,BB,0,1,0,
3820,2025-07-17,23,43,04,476560,2.003672,BB,0,1,0,
3821,2025-07-17,23,43,04,511312,0.034752,02,1768,0,1,
3822,2025-07-17,23,43,04,525818,0.014506,01,472,0,1,
3823,2025-07-17,23,43,04,551390,0.025572,03,427,0,1,
3824,2025-07-17,23,43,04,792523,0.241133,01,250,0,0,Node 01: Network 3
3825,2025-07-17,23,43,05,294114,0.501591,02,750,0,0,Node 02: Network 3
3826,2025-07-17,23,43,05,796804,0.50269,03,1250,0,0,Node 03: Network 3
3827,2025-07-17,23,43,06,793254,0.99645,01,250,0,0,Node 01: Network 3
3828,2025-07-17,23,43,07,341784,0.54853,02,750,0,0,Node 02: Network 3
3829,2025-07-17,23,43,07,799358,0.457574,03,1250,0,0,Node 03: Network 3
3830,2025-07-17,23,43,08,794050,0.994692,01,250,0,0,Node 01: Network 3
3831,2025-07-17,23,43,09,343344,0.549294,02,750,0,0,Node 02: Network 3
3832,2025-07-17,23,43,09,839420,0.496076,03,1250,0,0,Node 03: Network 3
3833,2025-07-17,23,43,10,793949,0.954529,01,250,0,0,Node 01: Network 3
3834,2025-07-17,23,43,11,345018,0.551069,02,750,0,0,Node 02: Network 3
3835,2025-07-17,23,43,11,841976,0.496958,03,1250,0,0,Node 03: Network 3
3836,2025-07-17,23,43,12,796373,0.954397,01,250,0,0,Node 01: Network 3
3837,2025-07-17,23,43,13,346485,0.550112,02,750,0,0,Node 02: Network 3
3838,2025-07-17,23,43,13,843094,0.496609,03,1250,0,0,Node 03: Network 3
3839,2025-07-17,23,43,14,796667,0.953573,01,250,0,0,Node 01: Network 3
3840,2025-07-17,23,43,15,387472,0.590805,02,750,0,0,Node 02: Network 3
3841,2025-07-17,23,43,15,845076,0.457604,03,1250,0,0,Node 03: Network 3
3842,2025-07-17,23,43,16,797389,0.952313,01,250,0,0,Node 01: Network 3
3843,2025-07-17,23,43,17,389953,0.592564,02,750,0,0,Node 02: Network 3
3844,2025-07-17,23,43,17,847693,0.45774,03,1250,0,0,Node 03: Network 3
3845,2025-07-17,23,43,18,798509,0.950816,01,250,0,0,Node 01: Network 3
3846,2025-07-17,23,43,19,391949,0.59344,02,750,0,0,Node 02: Network 3
3847,2025-07-17,23,43,19,850087,0.458138,03,1250,0,0,Node 03: Network 3
3848,2025-07-17,23,43,20,936751,1.086664,01,250,0,0,Node 01: Network 3
3849,2025-07-17,23,43,21,393931,0.45718,02,750,0,0,Node 02: Network 3
3850,2025-07-17,23,43,21,851222,0.457291,03,1250,0,0,Node 03: Network 3
3851,2025-07-17,23,43,22,937065,1.085843,01,250,0,0,Node 01: Network 3
3852,2025-07-17,23,43,23,396255,0.45919,02,750,0,0,Node 02: Network 3
3853,2025-07-17,23,43,23,854244,0.457989,03,1250,0,0,Node 03: Network 3
3854,2025-07-17,23,43,24,937963,1.083719,01,250,0,0,Node 01: Network 3
3855,2025-07-17,23,43,25,482957,0.544994,02,750,0,0,Node 02: Network 3
3856,2025-07-17,23,43,25,856531,0.373574,03,1250,0,0,Node 03: Network 3
3857,2025-07-17,23,43,26,939147,1.082616,01,250,0,0,Node 01: Network 3
3858,2025-07-17,23,43,27,483843,0.544696,02,750,0,0,Node 02: Network 3
3859,2025-07-17,23,43,28,939601,1.455758,01,250,0,0,Node 01: Network 3
3860,2025-07-17,23,43,29,483147,0.543546,02,750,0,0,Node 02: Network 3
3861,2025-07-17,23,43,30,028621,0.545474,03,1250,0,0,Node 03: Network 3
3862,2025-07-17,23,43,30,939378,0.910757,01,250,0,0,Node 01: Network 3
3863,2025-07-17,23,43,31,484359,0.544981,02,750,0,0,Node 02: Network 3
3864,2025-07-17,23,43,32,031955,0.547596,03,1250,0,0,Node 03: Network 3
3865,2025-07-17,23,43,32,940078,0.908123,01,250,0,0,Node 01: Network 3
3866,2025-07-17,23,43,33,487008,0.54693,02,750,0,0,Node 02: Network 3
3867,2025-07-17,23,43,34,033882,0.546874,03,1250,0,0,Node 03: Network 3
3868,2025-07-17,23,43,34,941033,0.907151,01,250,0,0,Node 01: Network 3
3869,2025-07-17,23,43,35,489553,0.54852,02,750,0,0,Node 02: Network 3
3870,2025-07-17,23,43,36,035889,0.546336,03,1250,0,0,Node 03: Network 3
3871,2025-07-17,23,43,36,942081,0.906192,01,250,0,0,Node 01: Network 3
3872,2025-07-17,23,43,37,491722,0.549641,02,750,0,0,Node 02: Network 3
3873,2025-07-17,23,43,38,039000,0.547278,03,1250,0,0,Node 03: Network 3
3874,2025-07-17,23,43,38,942401,0.903401,01,250,0,0,Node 01: Network 3
3875,2025-07-17,23,43,39,492793,0.550392,02,750,0,0,Node 02: Network 3
3876,2025-07-17,23,43,40,039814,0.547021,03,1250,0,0,Node 03: Network 3
3877,2025-07-17,23,43,40,943659,0.903845,01,250,0,0,Node 01: Network 3
3878,2025-07-17,23,43,41,494069,0.55041,02,750,0,0,Node 02: Network 3
3879,2025-07-17,23,43,42,042558,0.548489,03,1250,0,0,Node 03: Network 3
3880,2025-07-17,23,43,42,943768,0.90121,01,250,0,0,Node 01: Network 3
3881,2025-07-17,23,43,43,497729,0.553961,02,750,0,0,Node 02: Network 3
3882,2025-07-17,23,43,44,044052,0.546323,03,1250,0,0,Node 03: Network 3
3883,2025-07-17,23,43,44,943853,0.899801,01,250,0,0,Node 01: Network 3
3884,2025-07-17,23,43,45,498946,0.555093,02,750,0,0,Node 02: Network 3
3885,2025-07-17,23,43,46,046840,0.547894,03,1250,0,0,Node 03: Network 3
3886,2025-07-17,23,43,46,944570,0.89773,01,250,0,0,Node 01: Network 3
3887,2025-07-17,23,43,47,500694,0.556124,02,750,0,0,Node 02: Network 3
3888,2025-07-17,23,43,48,049526,0.548832,03,1250,0,0,Node 03: Network 3
3889,2025-07-17,23,43,48,946696,0.89717,01,250,0,0,Node 01: Network 3
3890,2025-07-17,23,43,49,502176,0.55548,02,750,0,0,Node 02: Network 3
3891,2025-07-17,23,43,50,051658,0.549482,03,1250,0,0,Node 03: Network 3
3892,2025-07-17,23,43,50,947057,0.895399,01,250,0,0,Node 01: Network 3
3893,2025-07-17,23,43,51,505227,0.55817,02,750,0,0,Node 02: Network 3
3894,2025-07-17,23,43,52,054262,0.549035,03,1250,0,0,Node 03: Network 3
3895,2025-07-17,23,43,52,948279,0.894017,01,250,0,0,Node 01: Network 3
3896,2025-07-17,23,43,53,508279,0.56,02,750,0,0,Node 02: Network 3
3897,2025-07-17,23,43,53,994949,0.48667,03,1250,0,0,Node 03: Network 3
3898,2025-07-17,23,43,54,949050,0.954101,01,250,0,0,Node 01: Network 3
3899,2025-07-17,23,43,55,509599,0.560549,02,750,0,0,Node 02: Network 3
3900,2025-07-17,23,43,55,996480,0.486881,03,1250,0,0,Node 03: Network 3
3901,2025-07-17,23,43,56,949951,0.953471,01,250,0,0,Node 01: Network 3
3902,2025-07-17,23,43,57,511528,0.561577,02,750,0,0,Node 02: Network 3
3903,2025-07-17,23,43,57,999558,0.48803,03,1250,0,0,Node 03: Network 3
3904,2025-07-17,23,43,58,949408,0.94985,01,250,0,0,Node 01: Network 3
3905,2025-07-17,23,43,59,513209,0.563801,02,750,0,0,Node 02: Network 3
3906,2025-07-17,23,44,00,001128,0.487919,03,1250,0,0,Node 03: Network 3
3907,2025-07-17,23,44,00,949267,0.948139,01,250,0,0,Node 01: Network 3
3908,2025-07-17,23,44,01,544354,0.595087,02,750,0,0,Node 02: Network 3
3909,2025-07-17,23,44,01,997458,0.453104,03,1250,0,0,Node 03: Network 3
3910,2025-07-17,23,44,02,951039,0.953581,01,250,0,0,Node 01: Network 3
3911,2025-07-17,23,44,03,547172,0.596133,02,750,0,0,Node 02: Network 3
3912,2025-07-17,23,44,03,999838,0.452666,03,1250,0,0,Node 03: Network 3
3913,2025-07-17,23,44,04,953804,0.953966,01,250,0,0,Node 01: Network 3
3914,2025-07-17,23,44,05,548730,0.594926,02,750,0,0,Node 02: Network 3
3915,2025-07-17,23,44,06,001415,0.452685,03,1250,0,0,Node 03: Network 3
3916,2025-07-17,23,44,07,092414,1.090999,01,250,0,0,Node 01: Network 3
3917,2025-07-17,23,44,07,550894,0.45848,02,750,0,0,Node 02: Network 3
3918,2025-07-17,23,44,08,003527,0.452633,03,1250,0,0,Node 03: Network 3
3919,2025-07-17,23,44,09,095390,1.091863,01,251,0,0,Node 01: Network 3
3920,2025-07-17,23,44,09,553132,0.457742,02,750,0,0,Node 02: Network 3
3921,2025-07-17,23,44,10,006583,0.453451,03,1250,0,0,Node 03: Network 3
3922,2025-07-17,23,44,11,096206,1.089623,01,250,0,0,Node 01: Network 3
3923,2025-07-17,23,44,11,555116,0.45891,02,750,0,0,Node 02: Network 3
3924,2025-07-17,23,44,12,008645,0.453529,03,1250,0,0,Node 03: Network 3
3925,2025-07-17,23,44,13,097211,1.088566,01,250,0,0,Node 01: Network 3
3926,2025-07-17,23,44,13,557152,0.459941,02,750,0,0,Node 02: Network 3
3927,2025-07-17,23,44,14,009995,0.452843,03,1250,0,0,Node 03: Network 3
3928,2025-07-17,23,44,15,101444,1.091449,01,250,0,0,Node 01: Network 3
3929,2025-07-17,23,44,15,553548,0.452104,02,750,0,0,Node 02: Network 3
3930,2025-07-17,23,44,16,012268,0.45872,03,1250,0,0,Node 03: Network 3
3931,2025-07-17,23,44,17,102935,1.090667,01,250,0,0,Node 01: Network 3
3932,2025-07-17,23,44,17,646506,0.543571,02,750,0,0,Node 02: Network 3
3933,2025-07-17,23,44,18,014229,0.367723,03,1250,0,0,Node 03: Network 3
3934,2025-07-17,23,44,18,639894,0.625665,BB,0,1,0,
3935,2025-07-17,23,44,20,643548,2.003654,BB,0,1,0,
3936,2025-07-17,23,44,20,685124,0.041576,03,1951,0,1,
3937,2025-07-17,23,44,20,715776,0.030652,01,1863,0,1,
3938,2025-07-17,23,44,20,728364,0.012588,02,1816,0,1,
3939,2025-07-17,23,44,20,959915,0.231551,01,250,0,0,Node 01: Network 3
3940,2025-07-17,23,44,21,458436,0.498521,02,750,0,0,Node 02: Network 3
3941,2025-07-17,23,44,22,007159,0.548723,03,1250,0,0,Node 03: Network 3
3942,2025-07-17,23,44,22,961395,0.954236,01,250,0,0,Node 01: Network 3
3943,2025-07-17,23,44,23,460284,0.498889,02,750,0,0,Node 02: Network 3
3944,2025-07-17,23,44,24,007935,0.547651,03,1250,0,0,Node 03: Network 3
3945,2025-07-17,23,44,24,961241,0.953306,01,250,0,0,Node 01: Network 3
3946,2025-07-17,23,44,25,505615,0.544374,02,750,0,0,Node 02: Network 3
3947,2025-07-17,23,44,26,010475,0.50486,03,1250,0,0,Node 03: Network 3
3948,2025-07-17,23,44,26,961117,0.950642,01,250,0,0,Node 01: Network 3
3949,2025-07-17,23,44,27,507810,0.546693,02,750,0,0,Node 02: Network 3
3950,2025-07-17,23,44,28,012530,0.50472,03,1250,0,0,Node 03: Network 3
3951,2025-07-17,23,44,28,961830,0.9493,01,250,0,0,Node 01: Network 3
3952,2025-07-17,23,44,29,509564,0.547734,02,750,0,0,Node 02: Network 3
3953,2025-07-17,23,44,30,014701,0.505137,03,1250,0,0,Node 03: Network 3
3954,2025-07-17,23,44,30,962837,0.948136,01,250,0,0,Node 01: Network 3
3955,2025-07-17,23,44,31,511281,0.548444,02,750,0,0,Node 02: Network 3
3956,2025-07-17,23,44,32,016067,0.504786,03,1250,0,0,Node 03: Network 3
3957,2025-07-17,23,44,33,055960,1.039893,01,250,0,0,Node 01: Network 3
3958,2025-07-17,23,44,33,514102,0.458142,02,750,0,0,Node 02: Network 3
3959,2025-07-17,23,44,34,018967,0.504865,03,1250,0,0,Node 03: Network 3
3960,2025-07-17,23,44,35,056759,1.037792,01,250,0,0,Node 01: Network 3
3961,2025-07-17,23,44,35,563231,0.506472,02,750,0,0,Node 02: Network 3
3962,2025-07-17,23,44,36,021331,0.4581,03,1250,0,0,Node 03: Network 3
3963,2025-07-17,23,44,37,057002,1.035671,01,250,0,0,Node 01: Network 3
3964,2025-07-17,23,44,37,565790,0.508788,02,750,0,0,Node 02: Network 3
3965,2025-07-17,23,44,38,104265,0.538475,03,1250,0,0,Node 03: Network 3
3966,2025-07-17,23,44,39,058431,0.954166,01,251,0,0,Node 01: Network 3
3967,2025-07-17,23,44,39,566591,0.50816,02,750,0,0,Node 02: Network 3
3968,2025-07-17,23,44,40,106940,0.540349,03,1250,0,0,Node 03: Network 3
3969,2025-07-17,23,44,41,058863,0.951923,01,250,0,0,Node 01: Network 3
3970,2025-07-17,23,44,41,650196,0.591333,02,750,0,0,Node 02: Network 3
3971,2025-07-17,23,44,42,109154,0.458958,03,1250,0,0,Node 03: Network 3
3972,2025-07-17,23,44,43,194131,1.084977,01,250,0,0,Node 01: Network 3
3973,2025-07-17,23,44,43,653499,0.459368,02,750,0,0,Node 02: Network 3
3974,2025-07-17,23,44,44,111561,0.458062,03,1250,0,0,Node 03: Network 3
3975,2025-07-17,23,44,45,195292,1.083731,01,250,0,0,Node 01: Network 3
3976,2025-07-17,23,44,45,655269,0.459977,02,750,0,0,Node 02: Network 3
3977,2025-07-17,23,44,46,241812,0.586543,03,1250,0,0,Node 03: Network 3
3978,2025-07-17,23,44,46,701727,0.459915,BB,0,1,0,
3979,2025-07-17,23,44,48,705359,2.003632,BB,0,1,0,
3980,2025-07-17,23,44,48,743009,0.03765,03,1785,0,1,
3981,2025-07-17,23,44,48,785039,0.04203,02,1870,0,1,
3982,2025-07-17,23,44,48,799786,0.014747,01,1831,0,1,
3983,2025-07-17,23,44,49,020895,0.221109,01,250,0,0,Node 01: Network 3
3984,2025-07-17,23,44,49,521638,0.500743,02,750,0,0,Node 02: Network 3
3985,2025-07-17,23,44,50,024488,0.50285,03,1250,0,0,Node 03: Network 3
3986,2025-07-17,23,44,51,020947,0.996459,01,250,0,0,Node 01: Network 3
3987,2025-07-17,23,44,51,523410,0.502463,02,750,0,0,Node 02: Network 3
3988,2025-07-17,23,44,52,026647,0.503237,03,1250,0,0,Node 03: Network 3
3989,2025-07-17,23,44,53,021411,0.994764,01,250,0,0,Node 01: Network 3
3990,2025-07-17,23,44,53,525468,0.504057,02,750,0,0,Node 02: Network 3
3991,2025-07-17,23,44,54,028879,0.503411,03,1250,0,0,Node 03: Network 3
3992,2025-07-17,23,44,55,068556,1.039677,01,250,0,0,Node 01: Network 3
3993,2025-07-17,23,44,55,527226,0.45867,02,751,0,0,Node 02: Network 3
3994,2025-07-17,23,44,56,030048,0.502822,03,1250,0,0,Node 03: Network 3
3995,2025-07-17,23,44,57,070250,1.040202,01,251,0,0,Node 01: Network 3
3996,2025-07-17,23,44,57,529831,0.459581,02,750,0,0,Node 02: Network 3
3997,2025-07-17,23,44,58,032447,0.502616,03,1250,0,0,Node 03: Network 3
3998,2025-07-17,23,44,59,070837,1.03839,01,250,0,0,Node 01: Network 3
3999,2025-07-17,23,44,59,531248,0.460411,02,750,0,0,Node 02: Network 3
4000,2025-07-17,23,45,00,034769,0.503521,03,1250,0,0,Node 03: Network 3
4001,2025-07-17,23,45,01,071777,1.037008,01,250,0,0,Node 01: Network 3
4002,2025-07-17,23,45,01,534062,0.462285,02,750,0,0,Node 02: Network 3
4003,2025-07-17,23,45,02,037487,0.503425,03,1250,0,0,Node 03: Network 3
4004,2025-07-17,23,45,03,072411,1.034924,01,250,0,0,Node 01: Network 3
4005,2025-07-17,23,45,03,581584,0.509173,02,750,0,0,Node 02: Network 3
4006,2025-07-17,23,45,04,040372,0.458788,03,1251,0,0,Node 03: Network 3
4007,2025-07-17,23,45,05,071311,1.030939,01,250,0,0,Node 01: Network 3
4008,2025-07-17,23,45,05,583694,0.512383,02,750,0,0,Node 02: Network 3
4009,2025-07-17,23,45,06,042361,0.458667,03,1250,0,0,Node 03: Network 3
4010,2025-07-17,23,45,07,072063,1.029702,01,250,0,0,Node 01: Network 3
4011,2025-07-17,23,45,07,430783,0.35872,BB,0,1,0,
4012,2025-07-17,23,45,07,503013,0.07223,BB,0,1,0,1768:0:1
4013,2025-07-17,23,45,07,541280,0.038267,01,472,0,1,427:0:1
4014,2025-07-17,23,45,07,614313,0.073033,02,750,0,0,Node 02: Network 3
4015,2025-07-17,23,45,07,626850,0.012537,01,754,0,1,
4016,2025-07-17,23,45,07,661052,0.034202,03,1250,0,0,Node 03: Network 3
4017,2025-07-17,23,45,07,673561,0.012509,02,742,0,1,
4018,2025-07-17,23,45,07,707098,0.033537,02,768,0,0,Node 02: Network 3
4019,2025-07-17,23,45,07,719828,0.01273,03,785,0,1,
4020,2025-07-17,23,45,07,753134,0.033306,02,751,0,0,Node 02: Network 3
4021,2025-07-17,23,45,07,885835,0.132701,03,1250,0,0,Node 03: Network 3
4022,2025-07-17,23,45,07,920797,0.034962,01,250,0,0,Node 01: Network 3
4023,2025-07-17,23,45,07,987710,0.066913,01,250,0,0,Node 01: Network 3
4024,2025-07-17,23,45,08,060431,0.072721,02,750,0,0,Node 02: Network 3
4025,2025-07-17,23,45,08,120880,0.060449,03,1250,0,0,Node 03: Network 3
4026,2025-07-17,23,45,08,154393,0.033513,01,250,0,0,Node 01: Network 3
4027,2025-07-17,23,45,08,187715,0.033322,02,750,0,0,Node 02: Network 3
4028,2025-07-17,23,45,08,275182,0.087467,01,280,0,0,Node 01: Network 3
4029,2025-07-17,23,45,08,380026,0.104844,01,281,0,0,Node 01: Network 3
4030,2025-07-17,23,45,08,460679,0.080653,02,750,0,0,Node 02: Network 3
4031,2025-07-17,23,45,08,749013,0.288334,BB,0,1,0,
4032,2025-07-17,23,45,08,829799,0.080786,03,1250,0,0,Node 03: Network 3
4033,2025-07-17,23,45,08,843451,0.013652,03,1284,0,1,
4034,2025-07-17,23,45,09,873554,1.030103,01,250,0,0,Node 01: Network 3
4035,2025-07-17,23,45,10,098410,0.224856,03,1250,0,0,Node 03: Network 3
4036,2025-07-17,23,45,10,374638,0.276228,02,750,0,0,Node 02: Network 3
4037,2025-07-17,23,45,10,753466,0.378828,BB,0,1,0,
4038,2025-07-17,23,45,12,756942,2.003476,BB,0,1,0,
4039,2025-07-17,23,45,12,828172,0.07123,01,1207,0,1,
4040,2025-07-17,23,45,12,841678,0.013506,02,1204,0,1,
4041,2025-07-17,23,45,12,855446,0.013768,03,1981,0,1,
4042,2025-07-17,23,45,13,074694,0.219248,01,250,0,0,Node 01: Network 3
4043,2025-07-17,23,45,13,573744,0.49905,02,750,0,0,Node 02: Network 3
4044,2025-07-17,23,45,14,077860,0.504116,03,1250,0,0,Node 03: Network 3
4045,2025-07-17,23,45,15,074631,0.996771,01,250,0,0,Node 01: Network 3
4046,2025-07-17,23,45,15,576447,0.501816,02,750,0,0,Node 02: Network 3
4047,2025-07-17,23,45,16,078483,0.502036,03,1250,0,0,Node 03: Network 3
4048,2025-07-17,23,45,17,075089,0.996606,01,250,0,0,Node 01: Network 3
4049,2025-07-17,23,45,17,577585,0.502496,02,750,0,0,Node 02: Network 3
4050,2025-07-17,23,45,18,080798,0.503213,03,1250,0,0,Node 03: Network 3
4051,2025-07-17,23,45,19,076235,0.995437,01,250,0,0,Node 01: Network 3
4052,2025-07-17,23,45,19,579819,0.503584,02,750,0,0,Node 02: Network 3
4053,2025-07-17,23,45,20,083043,0.503224,03,1250,0,0,Node 03: Network 3
4054,2025-07-17,23,45,21,076220,0.993177,01,250,0,0,Node 01: Network 3
4055,2025-07-17,23,45,21,581131,0.504911,02,750,0,0,Node 02: Network 3
4056,2025-07-17,23,45,22,085298,0.504167,03,1250,0,0,Node 03: Network 3
4057,2025-07-17,23,45,23,077549,0.992251,01,250,0,0,Node 01: Network 3
4058,2025-07-17,23,45,23,584267,0.506718,02,750,0,0,Node 02: Network 3
4059,2025-07-17,23,45,24,086890,0.502623,03,1250,0,0,Node 03: Network 3
4060,2025-07-17,23,45,25,077205,0.990315,01,250,0,0,Node 01: Network 3
4061,2025-07-17,23,45,25,586015,0.50881,02,750,0,0,Node 02: Network 3
4062,2025-07-17,23,45,26,089324,0.503309,03,1250,0,0,Node 03: Network 3
4063,2025-07-17,23,45,27,078036,0.988712,01,250,0,0,Node 01: Network 3
4064,2025-07-17,23,45,27,633867,0.555831,02,750,0,0,Node 02: Network 3
4065,2025-07-17,23,45,28,090946,0.457079,03,1250,0,0,Node 03: Network 3
4066,2025-07-17,23,45,29,079603,0.988657,01,250,0,0,Node 01: Network 3
4067,2025-07-17,23,45,29,635748,0.556145,02,750,0,0,Node 02: Network 3
4068,2025-07-17,23,45,30,094191,0.458443,03,1250,0,0,Node 03: Network 3
4069,2025-07-17,23,45,31,081235,0.987044,01,250,0,0,Node 01: Network 3
4070,2025-07-17,23,45,31,637625,0.55639,02,750,0,0,Node 02: Network 3
4071,2025-07-17,23,45,32,095795,0.45817,03,1250,0,0,Node 03: Network 3
4072,2025-07-17,23,45,33,081360,0.985565,01,250,0,0,Node 01: Network 3
4073,2025-07-17,23,45,33,640150,0.55879,02,750,0,0,Node 02: Network 3
4074,2025-07-17,23,45,34,098178,0.458028,03,1250,0,0,Node 03: Network 3
4075,2025-07-17,23,45,35,081824,0.983646,01,250,0,0,Node 01: Network 3
4076,2025-07-17,23,45,35,641620,0.559796,02,750,0,0,Node 02: Network 3
4077,2025-07-17,23,45,36,099926,0.458306,03,1250,0,0,Node 03: Network 3
4078,2025-07-17,23,45,37,185632,1.085706,01,250,0,0,Node 01: Network 3
4079,2025-07-17,23,45,37,643217,0.457585,02,750,0,0,Node 02: Network 3
4080,2025-07-17,23,45,38,102703,0.459486,03,1250,0,0,Node 03: Network 3
4081,2025-07-17,23,45,39,186681,1.083978,01,250,0,0,Node 01: Network 3
4082,2025-07-17,23,45,39,645474,0.458793,02,750,0,0,Node 02: Network 3
4083,2025-07-17,23,45,40,104118,0.458644,03,1250,0,0,Node 03: Network 3
4084,2025-07-17,23,45,41,187027,1.082909,01,250,0,0,Node 01: Network 3
4085,2025-07-17,23,45,41,648516,0.461489,02,750,0,0,Node 02: Network 3
4086,2025-07-17,23,45,42,106825,0.458309,03,1250,0,0,Node 03: Network 3
4087,2025-07-17,23,45,43,192448,1.085623,01,250,0,0,Node 01: Network 3
4088,2025-07-17,23,45,43,649859,0.457411,02,750,0,0,Node 02: Network 3
4089,2025-07-17,23,45,44,108971,0.459112,03,1250,0,0,Node 03: Network 3
4090,2025-07-17,23,45,45,193575,1.084604,01,250,0,0,Node 01: Network 3
4091,2025-07-17,23,45,45,652482,0.458907,02,750,0,0,Node 02: Network 3
4092,2025-07-17,23,45,46,112203,0.459721,03,1250,0,0,Node 03: Network 3
4093,2025-07-17,23,45,47,194536,1.082333,01,250,0,0,Node 01: Network 3
4094,2025-07-17,23,45,47,653642,0.459106,02,750,0,0,Node 02: Network 3
4095,2025-07-17,23,45,48,113940,0.460298,03,1250,0,0,Node 03: Network 3
4096,2025-07-17,23,45,49,191872,1.077932,01,250,0,0,Node 01: Network 3
4097,2025-07-17,23,45,49,655900,0.464028,02,750,0,0,Node 02: Network 3
4098,2025-07-17,23,45,50,114822,0.458922,03,1250,0,0,Node 03: Network 3
4099,2025-07-17,23,45,51,194970,1.080148,01,250,0,0,Node 01: Network 3
4100,2025-07-17,23,45,51,657376,0.462406,02,750,0,0,Node 02: Network 3
4101,2025-07-17,23,45,52,117860,0.460484,03,1250,0,0,Node 03: Network 3
4102,2025-07-17,23,45,53,200551,1.082691,01,250,0,0,Node 01: Network 3
4103,2025-07-17,23,45,53,744813,0.544262,02,750,0,0,Node 02: Network 3
4104,2025-07-17,23,45,54,119220,0.374407,03,1250,0,0,Node 03: Network 3
4105,2025-07-17,23,45,55,202394,1.083174,01,251,0,0,Node 01: Network 3
4106,2025-07-17,23,45,55,746674,0.54428,02,750,0,0,Node 02: Network 3
4107,2025-07-17,23,45,56,121809,0.375135,03,1250,0,0,Node 03: Network 3
4108,2025-07-17,23,45,57,201778,1.079969,01,250,0,0,Node 01: Network 3
4109,2025-07-17,23,45,57,748943,0.547165,02,750,0,0,Node 02: Network 3
4110,2025-07-17,23,45,58,248888,0.499945,03,1250,0,0,Node 03: Network 3
4111,2025-07-17,23,45,59,293764,1.044876,01,250,0,0,Node 01: Network 3
4112,2025-07-17,23,45,59,750742,0.456978,02,750,0,0,Node 02: Network 3
4113,2025-07-17,23,46,00,269357,0.518615,03,1250,0,0,Node 03: Network 3
4114,2025-07-17,23,46,01,294362,1.025005,01,250,0,0,Node 01: Network 3
4115,2025-07-17,23,46,02,253770,0.959408,03,1250,0,0,Node 03: Network 3
4116,2025-07-17,23,46,03,294327,1.040557,01,250,0,0,Node 01: Network 3
4117,2025-07-17,23,46,03,797689,0.503362,02,750,0,0,Node 02: Network 3
4118,2025-07-17,23,46,04,256322,0.458633,03,1250,0,0,Node 03: Network 3
4119,2025-07-17,23,46,05,294689,1.038367,01,250,0,0,Node 01: Network 3
4120,2025-07-17,23,46,05,800258,0.505569,02,750,0,0,Node 02: Network 3
4121,2025-07-17,23,46,06,258522,0.458264,03,1250,0,0,Node 03: Network 3
4122,2025-07-17,23,46,07,295240,1.036718,01,250,0,0,Node 01: Network 3
4123,2025-07-17,23,46,07,801787,0.506547,02,750,0,0,Node 02: Network 3
4124,2025-07-17,23,46,08,259683,0.457896,03,1250,0,0,Node 03: Network 3
4125,2025-07-17,23,46,09,296604,1.036921,01,250,0,0,Node 01: Network 3
4126,2025-07-17,23,46,09,803704,0.5071,02,750,0,0,Node 02: Network 3
4127,2025-07-17,23,46,10,262558,0.458854,03,1250,0,0,Node 03: Network 3
4128,2025-07-17,23,46,11,296815,1.034257,01,250,0,0,Node 01: Network 3
4129,2025-07-17,23,46,11,806329,0.509514,02,750,0,0,Node 02: Network 3
4130,2025-07-17,23,46,12,343414,0.537085,03,1250,0,0,Node 03: Network 3
4131,2025-07-17,23,46,13,298619,0.955205,01,250,0,0,Node 01: Network 3
4132,2025-07-17,23,46,13,808418,0.509799,02,750,0,0,Node 02: Network 3
4133,2025-07-17,23,46,14,346119,0.537701,03,1250,0,0,Node 03: Network 3
4134,2025-07-17,23,46,15,351591,1.005472,01,250,0,0,Node 01: Network 3
4135,2025-07-17,23,46,15,896431,0.54484,02,750,0,0,Node 02: Network 3
4136,2025-07-17,23,46,16,398811,0.50238,03,1250,0,0,Node 03: Network 3
4137,2025-07-17,23,46,17,440635,1.041824,01,250,0,0,Node 01: Network 3
4138,2025-07-17,23,46,17,897346,0.456711,02,750,0,0,Node 02: Network 3
4139,2025-07-17,23,46,18,401479,0.504133,03,1250,0,0,Node 03: Network 3
4140,2025-07-17,23,46,18,901093,0.499614,BB,0,1,0,
4141,2025-07-17,23,46,20,905953,2.00486,BB,0,1,0,
4142,2025-07-17,23,46,20,951302,0.045349,02,1782,0,1,
4143,2025-07-17,23,46,20,965013,0.013711,03,1828,0,1,
4144,2025-07-17,23,46,21,024028,0.059015,01,1786,0,1,
4145,2025-07-17,23,46,21,222172,0.198144,01,250,0,0,Node 01: Network 3
4146,2025-07-17,23,46,21,721940,0.499768,02,750,0,0,Node 02: Network 3
4147,2025-07-17,23,46,22,225865,0.503925,03,1250,0,0,Node 03: Network 3
4148,2025-07-17,23,46,23,222629,0.996764,01,250,0,0,Node 01: Network 3
4149,2025-07-17,23,46,23,770167,0.547538,02,750,0,0,Node 02: Network 3
4150,2025-07-17,23,46,24,228283,0.458116,03,1250,0,0,Node 03: Network 3
4151,2025-07-17,23,46,25,223252,0.994969,01,250,0,0,Node 01: Network 3
4152,2025-07-17,23,46,25,787252,0.564,02,750,0,0,Node 02: Network 3
4153,2025-07-17,23,46,26,230386,0.443134,03,1250,0,0,Node 03: Network 3
4154,2025-07-17,23,46,27,223141,0.992755,01,250,0,0,Node 01: Network 3
4155,2025-07-17,23,46,27,774514,0.551373,02,750,0,0,Node 02: Network 3
4156,2025-07-17,23,46,28,232246,0.457732,03,1250,0,0,Node 03: Network 3
4157,2025-07-17,23,46,29,223831,0.991585,01,250,0,0,Node 01: Network 3
4158,2025-07-17,23,46,29,767131,0.5433,02,750,0,0,Node 02: Network 3
4159,2025-07-17,23,46,30,234450,0.467319,03,1250,0,0,Node 03: Network 3
4160,2025-07-17,23,46,31,226637,0.992187,01,251,0,0,Node 01: Network 3
4161,2025-07-17,23,46,31,770319,0.543682,02,750,0,0,Node 02: Network 3
4162,2025-07-17,23,46,32,237475,0.467156,03,1250,0,0,Node 03: Network 3
4163,2025-07-17,23,46,33,772269,1.534794,02,750,0,0,Node 02: Network 3
4164,2025-07-17,23,46,34,239410,0.467141,03,1250,0,0,Node 03: Network 3
4165,2025-07-17,23,46,35,316014,1.076604,01,250,0,0,Node 01: Network 3
4166,2025-07-17,23,46,35,773350,0.457336,02,750,0,0,Node 02: Network 3
4167,2025-07-17,23,46,36,241426,0.468076,03,1250,0,0,Node 03: Network 3
4168,2025-07-17,23,46,37,316222,1.074796,01,250,0,0,Node 01: Network 3
4169,2025-07-17,23,46,37,775672,0.45945,02,750,0,0,Node 02: Network 3
4170,2025-07-17,23,46,38,363689,0.588017,03,1250,0,0,Node 03: Network 3
4171,2025-07-17,23,46,39,316858,0.953169,01,250,0,0,Node 01: Network 3
4172,2025-07-17,23,46,39,907400,0.590542,02,750,0,0,Node 02: Network 3
4173,2025-07-17,23,46,40,363300,0.4559,03,1250,0,0,Node 03: Network 3
4174,2025-07-17,23,46,41,452281,1.088981,01,250,0,0,Node 01: Network 3
4175,2025-07-17,23,46,41,909234,0.456953,02,750,0,0,Node 02: Network 3
4176,2025-07-17,23,46,42,366132,0.456898,03,1250,0,0,Node 03: Network 3
4177,2025-07-17,23,46,43,453138,1.087006,01,250,0,0,Node 01: Network 3
4178,2025-07-17,23,46,43,911916,0.458778,02,750,0,0,Node 02: Network 3
4179,2025-07-17,23,46,44,369009,0.457093,03,1250,0,0,Node 03: Network 3
4180,2025-07-17,23,46,45,453480,1.084471,01,250,0,0,Node 01: Network 3
4181,2025-07-17,23,46,45,914268,0.460788,02,750,0,0,Node 02: Network 3
4182,2025-07-17,23,46,46,501089,0.586821,03,1250,0,0,Node 03: Network 3
4183,2025-07-17,23,46,46,963115,0.462026,BB,0,1,0,
4184,2025-07-17,23,46,48,968230,2.005115,BB,0,1,0,
4185,2025-07-17,23,46,49,016905,0.048675,01,1836,0,1,
4186,2025-07-17,23,46,49,039375,0.02247,02,1874,0,1,
4187,2025-07-17,23,46,49,099336,0.059961,03,1790,0,1,
4188,2025-07-17,23,46,49,283267,0.183931,01,250,0,0,Node 01: Network 3
4189,2025-07-17,23,46,49,783569,0.500302,02,750,0,0,Node 02: Network 3
4190,2025-07-17,23,46,50,287102,0.503533,03,1250,0,0,Node 03: Network 3
4191,2025-07-17,23,46,51,285677,0.998575,01,250,0,0,Node 01: Network 3
4192,2025-07-17,23,46,51,785725,0.500048,02,750,0,0,Node 02: Network 3
4193,2025-07-17,23,46,52,330952,0.545227,03,1250,0,0,Node 03: Network 3
4194,2025-07-17,23,46,53,285780,0.954828,01,250,0,0,Node 01: Network 3
4195,2025-07-17,23,46,53,875572,0.589792,02,750,0,0,Node 02: Network 3
4196,2025-07-17,23,46,54,332276,0.456704,03,1250,0,0,Node 03: Network 3
4197,2025-07-17,23,46,55,286564,0.954288,01,250,0,0,Node 01: Network 3
4198,2025-07-17,23,46,55,875775,0.589211,02,750,0,0,Node 02: Network 3
4199,2025-07-17,23,46,56,332765,0.45699,03,1250,0,0,Node 03: Network 3
4200,2025-07-17,23,46,57,420566,1.087801,01,250,0,0,Node 01: Network 3
4201,2025-07-17,23,46,58,335667,0.915101,03,1250,0,0,Node 03: Network 3
4202,2025-07-17,23,46,59,422092,1.086425,01,250,0,0,Node 01: Network 3
4203,2025-07-17,23,46,59,880453,0.458361,02,750,0,0,Node 02: Network 3
4204,2025-07-17,23,47,00,337620,0.457167,03,1250,0,0,Node 03: Network 3
4205,2025-07-17,23,47,01,421901,1.084281,01,250,0,0,Node 01: Network 3
4206,2025-07-17,23,47,01,881575,0.459674,02,750,0,0,Node 02: Network 3
4207,2025-07-17,23,47,02,339313,0.457738,03,1250,0,0,Node 03: Network 3
4208,2025-07-17,23,47,03,382839,1.043526,01,250,0,0,Node 01: Network 3
4209,2025-07-17,23,47,03,883899,0.50106,02,750,0,0,Node 02: Network 3
4210,2025-07-17,23,47,04,429882,0.545983,03,1250,0,0,Node 03: Network 3
4211,2025-07-17,23,47,05,383129,0.953247,01,250,0,0,Node 01: Network 3
4212,2025-07-17,23,47,05,886002,0.502873,02,750,0,0,Node 02: Network 3
4213,2025-07-17,23,47,06,431540,0.545538,03,1250,0,0,Node 03: Network 3
4214,2025-07-17,23,47,07,430789,0.999249,01,250,0,0,Node 01: Network 3
4215,2025-07-17,23,47,07,887839,0.45705,02,750,0,0,Node 02: Network 3
4216,2025-07-17,23,47,08,433072,0.545233,03,1250,0,0,Node 03: Network 3
4217,2025-07-17,23,47,09,431993,0.998921,01,250,0,0,Node 01: Network 3
4218,2025-07-17,23,47,09,890626,0.458633,02,750,0,0,Node 02: Network 3
4219,2025-07-17,23,47,10,435962,0.545336,03,1250,0,0,Node 03: Network 3
4220,2025-07-17,23,47,11,432031,0.996069,01,250,0,0,Node 01: Network 3
4221,2025-07-17,23,47,11,891738,0.459707,02,750,0,0,Node 02: Network 3
4222,2025-07-17,23,47,12,438322,0.546584,03,1250,0,0,Node 03: Network 3
4223,2025-07-17,23,47,13,433914,0.995592,01,250,0,0,Node 01: Network 3
4224,2025-07-17,23,47,13,894779,0.460865,02,750,0,0,Node 02: Network 3
4225,2025-07-17,23,47,14,233594,0.338815,BB,0,1,0,03:1250:0:0:Node 03: Network 3
4226,2025-07-17,23,47,14,253599,0.020005,BB,0,1,0,
4227,2025-07-17,23,47,14,309355,0.055756,02,623,0,1,
4228,2025-07-17,23,47,14,322310,0.012955,01,1143,0,1,
4229,2025-07-17,23,47,14,346857,0.024547,BB,0,1,0,01:1207:0:1
4230,2025-07-17,23,47,14,359890,0.013033,03,1138,0,1,
4231,2025-07-17,23,47,14,377578,0.017688,03,1284,0,1,
4232,2025-07-17,23,47,14,455520,0.077942,03,1981,0,1,1204:0:1
4233,2025-07-17,23,47,14,510693,0.055173,02,151,0,1,
4234,2025-07-17,23,47,14,752878,0.242185,03,1250,0,0,Node 03: Network 3
4235,2025-07-17,23,47,14,831712,0.078834,03,1281,0,0,Node 03: Network 3
4236,2025-07-17,23,47,14,866090,0.034378,01,250,0,0,Node 01: Network 3
4237,2025-07-17,23,47,14,923178,0.057088,01,280,0,0,Node 01: Network 3
4238,2025-07-17,23,47,14,959936,0.036758,01,281,0,0,Node 01: Network 3
4239,2025-07-17,23,47,15,059600,0.099664,02,750,0,0,Node 02: Network 3
4240,2025-07-17,23,47,15,129953,0.070353,01,250,0,0,Node 01: Network 3
4241,2025-07-17,23,47,15,142628,0.012675,BB,0,1,0,
4242,2025-07-17,23,47,15,204018,0.06139,03,1250,0,0,Node 03: Network 3
4243,2025-07-17,23,47,15,298995,0.094977,02,750,0,0,Node 02: Network 3
4244,2025-07-17,23,47,15,355586,0.056591,01,250,0,0,Node 01: Network 3
4245,2025-07-17,23,47,15,388667,0.033081,02,750,0,0,Node 02: Network 3
4246,2025-07-17,23,47,15,426220,0.037553,03,1250,0,0,Node 03: Network 3
4247,2025-07-17,23,47,15,459263,0.033043,02,780,0,0,Node 02: Network 3
4248,2025-07-17,23,47,15,845665,0.386402,03,1250,0,0,Node 03: Network 3
4249,2025-07-17,23,47,16,842468,0.996803,01,250,0,0,Node 01: Network 3
4250,2025-07-17,23,47,17,028769,0.186301,BB,0,1,0,
4251,2025-07-17,23,47,19,033805,2.005036,BB,0,1,0,
4252,2025-07-17,23,47,19,084588,0.050783,02,511,0,1,
4253,2025-07-17,23,47,19,125984,0.041396,01,513,0,1,
4254,2025-07-17,23,47,19,178552,0.052568,03,467,0,1,
4255,2025-07-17,23,47,19,349692,0.17114,01,250,0,0,Node 01: Network 3
4256,2025-07-17,23,47,19,893681,0.543989,02,750,0,0,Node 02: Network 3
4257,2025-07-17,23,47,20,353287,0.459606,03,1250,0,0,Node 03: Network 3
4258,2025-07-17,23,47,21,350726,0.997439,01,250,0,0,Node 01: Network 3
4259,2025-07-17,23,47,21,896459,0.545733,02,750,0,0,Node 02: Network 3
4260,2025-07-17,23,47,22,355059,0.4586,03,1250,0,0,Node 03: Network 3
4261,2025-07-17,23,47,23,350217,0.995158,01,250,0,0,Node 01: Network 3
4262,2025-07-17,23,47,23,898510,0.548293,02,750,0,0,Node 02: Network 3
4263,2025-07-17,23,47,24,356352,0.457842,03,1250,0,0,Node 03: Network 3
4264,2025-07-17,23,47,25,351380,0.995028,01,250,0,0,Node 01: Network 3
4265,2025-07-17,23,47,25,900536,0.549156,02,750,0,0,Node 02: Network 3
4266,2025-07-17,23,47,26,358380,0.457844,03,1250,0,0,Node 03: Network 3
4267,2025-07-17,23,47,27,352493,0.994113,01,251,0,0,Node 01: Network 3
4268,2025-07-17,23,47,27,903553,0.55106,02,750,0,0,Node 02: Network 3
4269,2025-07-17,23,47,28,361881,0.458328,03,1250,0,0,Node 03: Network 3
4270,2025-07-17,23,47,29,352849,0.990968,01,250,0,0,Node 01: Network 3
4271,2025-07-17,23,47,29,905132,0.552283,02,750,0,0,Node 02: Network 3
4272,2025-07-17,23,47,30,364004,0.458872,03,1250,0,0,Node 03: Network 3
4273,2025-07-17,23,47,31,353012,0.989008,01,250,0,0,Node 01: Network 3
4274,2025-07-17,23,47,31,907524,0.554512,02,750,0,0,Node 02: Network 3
4275,2025-07-17,23,47,32,365285,0.457761,03,1250,0,0,Node 03: Network 3
4276,2025-07-17,23,47,33,353625,0.98834,01,250,0,0,Node 01: Network 3
4277,2025-07-17,23,47,33,908967,0.555342,02,750,0,0,Node 02: Network 3
4278,2025-07-17,23,47,34,367901,0.458934,03,1250,0,0,Node 03: Network 3
4279,2025-07-17,23,47,35,354255,0.986354,01,250,0,0,Node 01: Network 3
4280,2025-07-17,23,47,35,911349,0.557094,02,750,0,0,Node 02: Network 3
4281,2025-07-17,23,47,36,369754,0.458405,03,1250,0,0,Node 03: Network 3
4282,2025-07-17,23,47,37,455908,1.086154,01,250,0,0,Node 01: Network 3
4283,2025-07-17,23,47,37,912324,0.456416,02,750,0,0,Node 02: Network 3
4284,2025-07-17,23,47,38,372277,0.459953,03,1250,0,0,Node 03: Network 3
4285,2025-07-17,23,47,39,456717,1.08444,01,250,0,0,Node 01: Network 3
4286,2025-07-17,23,47,39,915093,0.458376,02,750,0,0,Node 02: Network 3
4287,2025-07-17,23,47,40,374183,0.45909,03,1250,0,0,Node 03: Network 3
4288,2025-07-17,23,47,41,458702,1.084519,01,250,0,0,Node 01: Network 3
4289,2025-07-17,23,47,41,918392,0.45969,02,750,0,0,Node 02: Network 3
4290,2025-07-17,23,47,42,376256,0.457864,03,1250,0,0,Node 03: Network 3
4291,2025-07-17,23,47,43,458322,1.082066,01,250,0,0,Node 01: Network 3
4292,2025-07-17,23,47,43,919607,0.461285,02,750,0,0,Node 02: Network 3
4293,2025-07-17,23,47,44,378290,0.458683,03,1250,0,0,Node 03: Network 3
4294,2025-07-17,23,47,45,464432,1.086142,01,250,0,0,Node 01: Network 3
4295,2025-07-17,23,47,45,922067,0.457635,02,750,0,0,Node 02: Network 3
4296,2025-07-17,23,47,46,381097,0.45903,03,1250,0,0,Node 03: Network 3
4297,2025-07-17,23,47,47,464736,1.083639,01,250,0,0,Node 01: Network 3
4298,2025-07-17,23,47,47,924227,0.459491,02,750,0,0,Node 02: Network 3
4299,2025-07-17,23,47,48,382935,0.458708,03,1250,0,0,Node 03: Network 3
4300,2025-07-17,23,47,49,465044,1.082109,01,250,0,0,Node 01: Network 3
4301,2025-07-17,23,47,49,926838,0.461794,02,750,0,0,Node 02: Network 3
4302,2025-07-17,23,47,50,385078,0.45824,03,1250,0,0,Node 03: Network 3
4303,2025-07-17,23,47,51,467236,1.082158,01,251,0,0,Node 01: Network 3
4304,2025-07-17,23,47,51,929572,0.462336,02,750,0,0,Node 02: Network 3
4305,2025-07-17,23,47,52,386532,0.45696,03,1250,0,0,Node 03: Network 3
4306,2025-07-17,23,47,53,468223,1.081691,01,250,0,0,Node 01: Network 3
4307,2025-07-17,23,47,53,930760,0.462537,02,750,0,0,Node 02: Network 3
4308,2025-07-17,23,47,54,388712,0.457952,03,1250,0,0,Node 03: Network 3
4309,2025-07-17,23,47,55,466522,1.07781,01,250,0,0,Node 01: Network 3
4310,2025-07-17,23,47,55,933190,0.466668,02,750,0,0,Node 02: Network 3
4311,2025-07-17,23,47,56,391176,0.457986,03,1250,0,0,Node 03: Network 3
4312,2025-07-17,23,47,57,435553,1.044377,01,250,0,0,Node 01: Network 3
4313,2025-07-17,23,47,57,935184,0.499631,02,750,0,0,Node 02: Network 3
4314,2025-07-17,23,47,58,393280,0.458096,03,1250,0,0,Node 03: Network 3
4315,2025-07-17,23,47,59,436035,1.042755,01,250,0,0,Node 01: Network 3
4316,2025-07-17,23,47,59,937579,0.501544,02,750,0,0,Node 02: Network 3
4317,2025-07-17,23,48,00,484096,0.546517,03,1250,0,0,Node 03: Network 3
4318,2025-07-17,23,48,01,436369,0.952273,01,250,0,0,Node 01: Network 3
4319,2025-07-17,23,48,01,939286,0.502917,02,750,0,0,Node 02: Network 3
4320,2025-07-17,23,48,02,485434,0.546148,03,1250,0,0,Node 03: Network 3
4321,2025-07-17,23,48,03,436698,0.951264,01,250,0,0,Node 01: Network 3
4322,2025-07-17,23,48,03,941462,0.504764,02,750,0,0,Node 02: Network 3
4323,2025-07-17,23,48,04,484958,0.543496,03,1250,0,0,Node 03: Network 3
4324,2025-07-17,23,48,05,437199,0.952241,01,250,0,0,Node 01: Network 3
4325,2025-07-17,23,48,05,981097,0.543898,02,750,0,0,Node 02: Network 3
4326,2025-07-17,23,48,06,487175,0.506078,03,1250,0,0,Node 03: Network 3
4327,2025-07-17,23,48,07,438103,0.950928,01,250,0,0,Node 01: Network 3
4328,2025-07-17,23,48,07,983190,0.545087,02,750,0,0,Node 02: Network 3
4329,2025-07-17,23,48,08,489074,0.505884,03,1250,0,0,Node 03: Network 3
4330,2025-07-17,23,48,09,438212,0.949138,01,250,0,0,Node 01: Network 3
4331,2025-07-17,23,48,09,984068,0.545856,02,750,0,0,Node 02: Network 3
4332,2025-07-17,23,48,10,490842,0.506774,03,1250,0,0,Node 03: Network 3
4333,2025-07-17,23,48,11,439714,0.948872,01,250,0,0,Node 01: Network 3
4334,2025-07-17,23,48,12,033988,0.594274,02,751,0,0,Node 02: Network 3
4335,2025-07-17,23,48,12,493137,0.459149,03,1250,0,0,Node 03: Network 3
4336,2025-07-17,23,48,13,439780,0.946643,01,250,0,0,Node 01: Network 3
4337,2025-07-17,23,48,14,036289,0.596509,02,750,0,0,Node 02: Network 3
4338,2025-07-17,23,48,14,495776,0.459487,03,1250,0,0,Node 03: Network 3
4339,2025-07-17,23,48,15,440955,0.945179,01,250,0,0,Node 01: Network 3
4340,2025-07-17,23,48,15,985427,0.544472,02,750,0,0,Node 02: Network 3
4341,2025-07-17,23,48,16,497626,0.512199,03,1250,0,0,Node 03: Network 3
4342,2025-07-17,23,48,17,441945,0.944319,01,250,0,0,Node 01: Network 3
4343,2025-07-17,23,48,17,987640,0.545695,02,750,0,0,Node 02: Network 3
4344,2025-07-17,23,48,18,499737,0.512097,03,1250,0,0,Node 03: Network 3
4345,2025-07-17,23,48,19,441836,0.942099,01,250,0,0,Node 01: Network 3
4346,2025-07-17,23,48,19,988845,0.547009,02,750,0,0,Node 02: Network 3
4347,2025-07-17,23,48,20,501865,0.51302,03,1250,0,0,Node 03: Network 3
4348,2025-07-17,23,48,21,442447,0.940582,01,250,0,0,Node 01: Network 3
4349,2025-07-17,23,48,21,990671,0.548224,02,750,0,0,Node 02: Network 3
4350,2025-07-17,23,48,22,503218,0.512547,03,1250,0,0,Node 03: Network 3
4351,2025-07-17,23,48,23,443371,0.940153,01,250,0,0,Node 01: Network 3
4352,2025-07-17,23,48,23,992440,0.549069,02,750,0,0,Node 02: Network 3
4353,2025-07-17,23,48,24,504907,0.512467,03,1250,0,0,Node 03: Network 3
4354,2025-07-17,23,48,25,443291,0.938384,01,250,0,0,Node 01: Network 3
4355,2025-07-17,23,48,25,995736,0.552445,02,750,0,0,Node 02: Network 3
4356,2025-07-17,23,48,26,506883,0.511147,03,1250,0,0,Node 03: Network 3
4357,2025-07-17,23,48,27,445994,0.939111,01,250,0,0,Node 01: Network 3
4358,2025-07-17,23,48,28,050604,0.60461,02,750,0,0,Node 02: Network 3
4359,2025-07-17,23,48,28,509213,0.458609,03,1250,0,0,Node 03: Network 3
4360,2025-07-17,23,48,29,445848,0.936635,01,250,0,0,Node 01: Network 3
4361,2025-07-17,23,48,30,052985,0.607137,02,750,0,0,Node 02: Network 3
4362,2025-07-17,23,48,30,512742,0.459757,03,1250,0,0,Node 03: Network 3
4363,2025-07-17,23,48,31,597624,1.084882,01,250,0,0,Node 01: Network 3
4364,2025-07-17,23,48,32,056262,0.458638,02,750,0,0,Node 02: Network 3
4365,2025-07-17,23,48,32,514622,0.45836,03,1250,0,0,Node 03: Network 3
4366,2025-07-17,23,48,33,598974,1.084352,01,250,0,0,Node 01: Network 3
4367,2025-07-17,23,48,34,058477,0.459503,02,750,0,0,Node 02: Network 3
4368,2025-07-17,23,48,34,517678,0.459201,03,1250,0,0,Node 03: Network 3
4369,2025-07-17,23,48,35,600472,1.082794,01,251,0,0,Node 01: Network 3
4370,2025-07-17,23,48,36,060245,0.459773,02,750,0,0,Node 02: Network 3
4371,2025-07-17,23,48,36,646554,0.586309,03,1250,0,0,Node 03: Network 3
4372,2025-07-17,23,48,37,601765,0.955211,01,250,0,0,Node 01: Network 3
4373,2025-07-17,23,48,38,062055,0.46029,02,750,0,0,Node 02: Network 3
4374,2025-07-17,23,48,38,648058,0.586003,03,1250,0,0,Node 03: Network 3
4375,2025-07-17,23,48,39,580598,0.93254,01,250,0,0,Node 01: Network 3
4376,2025-07-17,23,48,40,064280,0.483682,02,750,0,0,Node 02: Network 3
4377,2025-07-17,23,48,40,650326,0.586046,03,1250,0,0,Node 03: Network 3
4378,2025-07-17,23,48,41,581392,0.931066,01,250,0,0,Node 01: Network 3
4379,2025-07-17,23,48,42,066261,0.484869,02,750,0,0,Node 02: Network 3
4380,2025-07-17,23,48,42,651617,0.585356,03,1250,0,0,Node 03: Network 3
4381,2025-07-17,23,48,43,582321,0.930704,01,250,0,0,Node 01: Network 3
4382,2025-07-17,23,48,44,068355,0.486034,02,750,0,0,Node 02: Network 3
4383,2025-07-17,23,48,44,654257,0.585902,03,1250,0,0,Node 03: Network 3
4384,2025-07-17,23,48,45,584626,0.930369,01,250,0,0,Node 01: Network 3
4385,2025-07-17,23,48,46,071536,0.48691,02,750,0,0,Node 02: Network 3
4386,2025-07-17,23,48,46,657641,0.586105,03,1250,0,0,Node 03: Network 3
4387,2025-07-17,23,48,47,584539,0.926898,01,250,0,0,Node 01: Network 3
4388,2025-07-17,23,48,48,201555,0.617016,02,750,0,0,Node 02: Network 3
4389,2025-07-17,23,48,48,659517,0.457962,03,1250,0,0,Node 03: Network 3
4390,2025-07-17,23,48,49,585157,0.92564,01,250,0,0,Node 01: Network 3
4391,2025-07-17,23,48,50,203932,0.618775,02,750,0,0,Node 02: Network 3
4392,2025-07-17,23,48,50,661630,0.457698,03,1250,0,0,Node 03: Network 3
4393,2025-07-17,23,48,51,748654,1.087024,01,250,0,0,Node 01: Network 3
4394,2025-07-17,23,48,52,205492,0.456838,02,750,0,0,Node 02: Network 3
4395,2025-07-17,23,48,52,663051,0.457559,03,1250,0,0,Node 03: Network 3
4396,2025-07-17,23,48,53,239219,0.576168,BB,0,1,0,
4397,2025-07-17,23,48,55,242776,2.003557,BB,0,1,0,
4398,2025-07-17,23,48,55,295716,0.05294,03,1902,0,1,
4399,2025-07-17,23,48,55,314814,0.019098,02,1858,0,1,
4400,2025-07-17,23,48,55,427182,0.112368,01,1816,0,1,
4401,2025-07-17,23,48,55,558915,0.131733,01,250,0,0,Node 01: Network 3
4402,2025-07-17,23,48,56,059713,0.500798,02,750,0,0,Node 02: Network 3
4403,2025-07-17,23,48,56,563344,0.503631,03,1250,0,0,Node 03: Network 3
4404,2025-07-17,23,48,57,559977,0.996633,01,250,0,0,Node 01: Network 3
4405,2025-07-17,23,48,58,062067,0.50209,02,750,0,0,Node 02: Network 3
4406,2025-07-17,23,48,58,565232,0.503165,03,1250,0,0,Node 03: Network 3
4407,2025-07-17,23,48,59,606377,1.041145,01,250,0,0,Node 01: Network 3
4408,2025-07-17,23,49,00,566978,0.960601,03,1250,0,0,Node 03: Network 3
4409,2025-07-17,23,49,01,606019,1.039041,01,250,0,0,Node 01: Network 3
4410,2025-07-17,23,49,02,111246,0.505227,02,750,0,0,Node 02: Network 3
4411,2025-07-17,23,49,02,568847,0.457601,03,1250,0,0,Node 03: Network 3
4412,2025-07-17,23,49,03,606637,1.03779,01,250,0,0,Node 01: Network 3
4413,2025-07-17,23,49,04,112565,0.505928,02,750,0,0,Node 02: Network 3
4414,2025-07-17,23,49,04,570891,0.458326,03,1250,0,0,Node 03: Network 3
4415,2025-07-17,23,49,05,608454,1.037563,01,250,0,0,Node 01: Network 3
4416,2025-07-17,23,49,06,114788,0.506334,02,750,0,0,Node 02: Network 3
4417,2025-07-17,23,49,06,573099,0.458311,03,1250,0,0,Node 03: Network 3
4418,2025-07-17,23,49,07,609192,1.036093,01,250,0,0,Node 01: Network 3
4419,2025-07-17,23,49,08,116994,0.507802,02,750,0,0,Node 02: Network 3
4420,2025-07-17,23,49,08,575373,0.458379,03,1250,0,0,Node 03: Network 3
4421,2025-07-17,23,49,09,609472,1.034099,01,250,0,0,Node 01: Network 3
4422,2025-07-17,23,49,10,118951,0.509479,02,750,0,0,Node 02: Network 3
4423,2025-07-17,23,49,10,577547,0.458596,03,1251,0,0,Node 03: Network 3
4424,2025-07-17,23,49,11,611244,1.033697,01,250,0,0,Node 01: Network 3
4425,2025-07-17,23,49,12,120295,0.509051,02,750,0,0,Node 02: Network 3
4426,2025-07-17,23,49,12,667954,0.547659,03,1250,0,0,Node 03: Network 3
4427,2025-07-17,23,49,13,610302,0.942348,01,250,0,0,Node 01: Network 3
4428,2025-07-17,23,49,14,211869,0.601567,02,750,0,0,Node 02: Network 3
4429,2025-07-17,23,49,14,669991,0.458122,03,1250,0,0,Node 03: Network 3
4430,2025-07-17,23,49,15,611702,0.941711,01,250,0,0,Node 01: Network 3
4431,2025-07-17,23,49,16,154905,0.543203,02,750,0,0,Node 02: Network 3
4432,2025-07-17,23,49,16,672693,0.517788,03,1250,0,0,Node 03: Network 3
4433,2025-07-17,23,49,17,613076,0.940383,01,250,0,0,Node 01: Network 3
4434,2025-07-17,23,49,18,157113,0.544037,02,750,0,0,Node 02: Network 3
4435,2025-07-17,23,49,18,674822,0.517709,03,1250,0,0,Node 03: Network 3
4436,2025-07-17,23,49,19,612809,0.937987,01,250,0,0,Node 01: Network 3
4437,2025-07-17,23,49,20,158991,0.546182,02,750,0,0,Node 02: Network 3
4438,2025-07-17,23,49,20,675867,0.516876,03,1250,0,0,Node 03: Network 3
4439,2025-07-17,23,49,21,703809,1.027942,01,250,0,0,Node 01: Network 3
4440,2025-07-17,23,49,21,984415,0.280606,BB,0,1,0,
4441,2025-07-17,23,49,22,044694,0.060279,BB,0,1,0,
4442,2025-07-17,23,49,22,106109,0.061415,BB,0,1,0,02:511:0:1
4443,2025-07-17,23,49,22,121816,0.015707,02,706,0,1,
4444,2025-07-17,23,49,22,137837,0.016021,03,692,0,1,
4445,2025-07-17,23,49,22,152471,0.014634,01,663,0,1,
4446,2025-07-17,23,49,22,181383,0.028912,01,513,0,1,03:467:0:1
4447,2025-07-17,23,49,22,331696,0.150313,01,250,0,0,Node 01: Network 3
4448,2025-07-17,23,49,22,413017,0.081321,01,281,0,0,Node 01: Network 3
4449,2025-07-17,23,49,22,521019,0.108002,02,750,0,0,Node 02: Network 3
4450,2025-07-17,23,49,22,618297,0.097278,003,1281,0,0,Node 03: Network 3
4451,2025-07-17,23,49,22,652659,0.034362,02,780,0,0,Node 02: Network 3
4452,2025-07-17,23,49,22,738226,0.085567,01,250,0,0,Node 01: Network 3
4453,2025-07-17,23,49,22,779565,0.041339,01,250,0,0,Node 01: Network 3
4454,2025-07-17,23,49,22,864742,0.085177,02,750,0,0,Node 02: Network 3
4455,2025-07-17,23,49,22,917797,0.053055,03,1250,0,0,Node 03: Network 3
4456,2025-07-17,23,49,22,951958,0.034161,01,250,0,0,Node 01: Network 3
4457,2025-07-17,23,49,22,984138,0.03218,02,750,0,0,Node 02: Network 3
4458,2025-07-17,23,49,23,016678,0.03254,02,750,0,0,Node 02: Network 3
4459,2025-07-17,23,49,23,304239,0.287561,BB,0,1,0,
4460,2025-07-17,23,49,27,312636,4.008397,BB,0,1,0,
4461,2025-07-17,23,49,27,362718,0.050082,01,1261,0,1,
4462,2025-07-17,23,49,27,381859,0.019141,03,1256,0,1,
4463,2025-07-17,23,49,27,396179,0.01432,02,1257,0,1,
4464,2025-07-17,23,49,27,628668,0.232489,01,250,0,0,Node 01: Network 3
4465,2025-07-17,23,49,28,129013,0.500345,02,750,0,0,Node 02: Network 3
4466,2025-07-17,23,49,28,631829,0.502816,03,1250,0,0,Node 03: Network 3
4467,2025-07-17,23,49,29,630423,0.998594,01,250,0,0,Node 01: Network 3
4468,2025-07-17,23,49,30,633579,1.003156,03,1250,0,0,Node 03: Network 3
4469,2025-07-17,23,49,31,630693,0.997114,01,250,0,0,Node 01: Network 3
4470,2025-07-17,23,49,32,178291,0.547598,02,750,0,0,Node 02: Network 3
4471,2025-07-17,23,49,32,635107,0.456816,03,1250,0,0,Node 03: Network 3
4472,2025-07-17,23,49,33,653703,1.018596,01,250,0,0,Node 01: Network 3
4473,2025-07-17,23,49,33,704933,0.05123,03,1,0,1,
4474,2025-07-17,23,49,34,893933,1.189,03,1250,0,0,Node 03: Network 3
4475,2025-07-17,23,49,35,330732,0.436799,BB,0,1,0,
4476,2025-07-17,23,49,37,335577,2.004845,BB,0,1,0,
4477,2025-07-17,23,49,37,383165,0.047588,01,26,0,1,
4478,2025-07-17,23,49,37,406701,0.023536,03,1764,0,1,
4479,2025-07-17,23,49,37,456964,0.050263,02,1718,0,1,
4480,2025-07-17,23,49,38,151297,0.694333,02,750,0,0,Node 02: Network 3
4481,2025-07-17,23,49,38,653710,0.502413,03,1250,0,0,Node 03: Network 3
4482,2025-07-17,23,49,39,695047,1.041337,01,250,0,0,Node 01: Network 3
4483,2025-07-17,23,49,40,153423,0.458376,02,750,0,0,Node 02: Network 3
4484,2025-07-17,23,49,40,656896,0.503473,03,1250,0,0,Node 03: Network 3
4485,2025-07-17,23,49,41,695608,1.038712,01,250,0,0,Node 01: Network 3
4486,2025-07-17,23,49,42,154182,0.458574,02,750,0,0,Node 02: Network 3
4487,2025-07-17,23,49,42,658576,0.504394,03,1250,0,0,Node 03: Network 3
4488,2025-07-17,23,49,43,699467,1.040891,01,250,0,0,Node 01: Network 3
4489,2025-07-17,23,49,44,157634,0.458167,02,750,0,0,Node 02: Network 3
4490,2025-07-17,23,49,44,661781,0.504147,03,1250,0,0,Node 03: Network 3
4491,2025-07-17,23,49,45,700113,1.038332,01,250,0,0,Node 01: Network 3
4492,2025-07-17,23,49,46,159662,0.459549,02,750,0,0,Node 02: Network 3
4493,2025-07-17,23,49,46,663006,0.503344,03,1250,0,0,Node 03: Network 3
4494,2025-07-17,23,49,47,700255,1.037249,01,250,0,0,Node 01: Network 3
4495,2025-07-17,23,49,48,161713,0.461458,02,750,0,0,Node 02: Network 3
4496,2025-07-17,23,49,48,665626,0.503913,03,1250,0,0,Node 03: Network 3
4497,2025-07-17,23,49,49,702032,1.036406,01,250,0,0,Node 01: Network 3
4498,2025-07-17,23,49,50,163506,0.461474,02,750,0,0,Node 02: Network 3
4499,2025-07-17,23,49,50,709026,0.54552,03,1250,0,0,Node 03: Network 3
4500,2025-07-17,23,49,51,701767,0.992741,01,250,0,0,Node 01: Network 3
4501,2025-07-17,23,49,52,164320,0.462553,02,750,0,0,Node 02: Network 3
4502,2025-07-17,23,49,52,711515,0.547195,03,1250,0,0,Node 03: Network 3
4503,2025-07-17,23,49,53,703874,0.992359,01,250,0,0,Node 01: Network 3
4504,2025-07-17,23,49,54,165521,0.461647,02,750,0,0,Node 02: Network 3
4505,2025-07-17,23,49,54,714271,0.54875,03,1250,0,0,Node 03: Network 3
4506,2025-07-17,23,49,55,711866,0.997595,01,250,0,0,Node 01: Network 3
4507,2025-07-17,23,49,56,169331,0.457465,02,750,0,0,Node 02: Network 3
4508,2025-07-17,23,49,56,716130,0.546799,03,1250,0,0,Node 03: Network 3
4509,2025-07-17,23,49,57,711643,0.995513,01,250,0,0,Node 01: Network 3
4510,2025-07-17,23,49,58,260859,0.549216,02,750,0,0,Node 02: Network 3
4511,2025-07-17,23,49,58,718293,0.457434,03,1250,0,0,Node 03: Network 3
4512,2025-07-17,23,49,59,712141,0.993848,01,250,0,0,Node 01: Network 3
4513,2025-07-17,23,50,00,260083,0.547942,02,750,0,0,Node 02: Network 3
4514,2025-07-17,23,50,00,759414,0.499331,03,1250,0,0,Node 03: Network 3
4515,2025-07-17,23,50,01,713206,0.953792,01,250,0,0,Node 01: Network 3
4516,2025-07-17,23,50,02,264119,0.550913,02,750,0,0,Node 02: Network 3
4517,2025-07-17,23,50,02,761175,0.497056,03,1250,0,0,Node 03: Network 3
4518,2025-07-17,23,50,03,713649,0.952474,01,250,0,0,Node 01: Network 3
4519,2025-07-17,23,50,04,266219,0.55257,02,750,0,0,Node 02: Network 3
4520,2025-07-17,23,50,04,762845,0.496626,03,1250,0,0,Node 03: Network 3
4521,2025-07-17,23,50,05,714021,0.951176,01,250,0,0,Node 01: Network 3
4522,2025-07-17,23,50,06,267649,0.553628,02,750,0,0,Node 02: Network 3
4523,2025-07-17,23,50,06,765029,0.49738,03,1250,0,0,Node 03: Network 3
4524,2025-07-17,23,50,07,812948,1.047919,01,250,0,0,Node 01: Network 3
4525,2025-07-17,23,50,08,355930,0.542982,02,750,0,0,Node 02: Network 3
4526,2025-07-17,23,50,08,766839,0.410909,03,1250,0,0,Node 03: Network 3
4527,2025-07-17,23,50,09,901354,1.134515,01,250,0,0,Node 01: Network 3
4528,2025-07-17,23,50,10,358917,0.457563,02,750,0,0,Node 02: Network 3
4529,2025-07-17,23,50,10,768479,0.409562,03,1250,0,0,Node 03: Network 3
4530,2025-07-17,23,50,11,901511,1.133032,01,250,0,0,Node 01: Network 3
4531,2025-07-17,23,50,12,361092,0.459581,02,750,0,0,Node 02: Network 3
4532,2025-07-17,23,50,12,770068,0.408976,03,1250,0,0,Node 03: Network 3
4533,2025-07-17,23,50,13,901452,1.131384,01,250,0,0,Node 01: Network 3
4534,2025-07-17,23,50,14,362110,0.460658,02,750,0,0,Node 02: Network 3
4535,2025-07-17,23,50,14,948793,0.586683,03,1250,0,0,Node 03: Network 3
4536,2025-07-17,23,50,15,418025,0.469232,BB,0,1,0,
4537,2025-07-17,23,50,17,422904,2.004879,BB,0,1,0,
4538,2025-07-17,23,50,17,482692,0.059788,02,1752,0,1,
4539,2025-07-17,23,50,17,495748,0.013056,01,1842,0,1,
4540,2025-07-17,23,50,17,540866,0.045118,03,1796,0,1,
4541,2025-07-17,23,50,17,738106,0.19724,01,250,0,0,Node 01: Network 3
4542,2025-07-17,23,50,18,240191,0.502085,02,750,0,0,Node 02: Network 3
4543,2025-07-17,23,50,18,784773,0.544582,03,1250,0,0,Node 03: Network 3
4544,2025-07-17,23,50,19,785144,1.000371,01,250,0,0,Node 01: Network 3
4545,2025-07-17,23,50,20,241331,0.456187,02,750,0,0,Node 02: Network 3
4546,2025-07-17,23,50,20,786775,0.545444,03,1250,0,0,Node 03: Network 3
4547,2025-07-17,23,50,21,785626,0.998851,01,250,0,0,Node 01: Network 3
4548,2025-07-17,23,50,22,243918,0.458292,02,750,0,0,Node 02: Network 3
4549,2025-07-17,23,50,22,788873,0.544955,03,1250,0,0,Node 03: Network 3
4550,2025-07-17,23,50,23,785830,0.996957,01,250,0,0,Node 01: Network 3
4551,2025-07-17,23,50,24,246032,0.460202,02,750,0,0,Node 02: Network 3
4552,2025-07-17,23,50,24,791030,0.544998,03,1250,0,0,Node 03: Network 3
4553,2025-07-17,23,50,25,785884,0.994854,01,250,0,0,Node 01: Network 3
4554,2025-07-17,23,50,26,335735,0.549851,02,750,0,0,Node 02: Network 3
4555,2025-07-17,23,50,26,792943,0.457208,03,1250,0,0,Node 03: Network 3
4556,2025-07-17,23,50,27,787262,0.994319,01,250,0,0,Node 01: Network 3
4557,2025-07-17,23,50,28,336878,0.549616,02,750,0,0,Node 02: Network 3
4558,2025-07-17,23,50,28,795204,0.458326,03,1250,0,0,Node 03: Network 3
4559,2025-07-17,23,50,29,787144,0.99194,01,250,0,0,Node 01: Network 3
4560,2025-07-17,23,50,30,338422,0.551278,02,750,0,0,Node 02: Network 3
4561,2025-07-17,23,50,30,796787,0.458365,03,1250,0,0,Node 03: Network 3
4562,2025-07-17,23,50,31,788105,0.991318,01,250,0,0,Node 01: Network 3
4563,2025-07-17,23,50,32,341903,0.553798,02,750,0,0,Node 02: Network 3
4564,2025-07-17,23,50,32,835142,0.493239,03,1250,0,0,Node 03: Network 3
4565,2025-07-17,23,50,33,886517,1.051375,01,250,0,0,Node 01: Network 3
4566,2025-07-17,23,50,34,343048,0.456531,02,750,0,0,Node 02: Network 3
4567,2025-07-17,23,50,34,836997,0.493949,03,1250,0,0,Node 03: Network 3
4568,2025-07-17,23,50,35,886635,1.049638,01,250,0,0,Node 01: Network 3
4569,2025-07-17,23,50,36,346009,0.459374,02,750,0,0,Node 02: Network 3
4570,2025-07-17,23,50,36,838956,0.492947,03,1250,0,0,Node 03: Network 3
4571,2025-07-17,23,50,37,887452,1.048496,01,250,0,0,Node 01: Network 3
4572,2025-07-17,23,50,38,383440,0.495988,02,750,0,0,Node 02: Network 3
4573,2025-07-17,23,50,38,840601,0.457161,03,1250,0,0,Node 03: Network 3
4574,2025-07-17,23,50,39,888554,1.047953,01,251,0,0,Node 01: Network 3
4575,2025-07-17,23,50,40,385669,0.497115,02,750,0,0,Node 02: Network 3
4576,2025-07-17,23,50,40,842808,0.457139,03,1250,0,0,Node 03: Network 3
4577,2025-07-17,23,50,41,888874,1.046066,01,250,0,0,Node 01: Network 3
4578,2025-07-17,23,50,42,387983,0.499109,02,750,0,0,Node 02: Network 3
4579,2025-07-17,23,50,42,845750,0.457767,03,1250,0,0,Node 03: Network 3
4580,2025-07-17,23,50,43,931703,1.085953,01,250,0,0,Node 01: Network 3
4581,2025-07-17,23,50,44,388666,0.456963,02,750,0,0,Node 02: Network 3
4582,2025-07-17,23,50,44,847406,0.45874,03,1250,0,0,Node 03: Network 3
4583,2025-07-17,23,50,45,933913,1.086507,01,250,0,0,Node 01: Network 3
4584,2025-07-17,23,50,46,391575,0.457662,02,750,0,0,Node 02: Network 3
4585,2025-07-17,23,50,46,849486,0.457911,03,1250,0,0,Node 03: Network 3
4586,2025-07-17,23,50,47,934562,1.085076,01,250,0,0,Node 01: Network 3
4587,2025-07-17,23,50,48,393523,0.458961,02,750,0,0,Node 02: Network 3
4588,2025-07-17,23,50,48,851801,0.458278,03,1250,0,0,Node 03: Network 3
4589,2025-07-17,23,50,49,936938,1.085137,01,250,0,0,Node 01: Network 3
4590,2025-07-17,23,50,50,396077,0.459139,02,750,0,0,Node 02: Network 3
4591,2025-07-17,23,50,50,854216,0.458139,03,1250,0,0,Node 03: Network 3
4592,2025-07-17,23,50,51,938050,1.083834,01,250,0,0,Node 01: Network 3
4593,2025-07-17,23,50,52,398087,0.460037,02,750,0,0,Node 02: Network 3
4594,2025-07-17,23,50,52,856477,0.45839,03,1250,0,0,Node 03: Network 3
4595,2025-07-17,23,50,53,939400,1.082923,01,250,0,0,Node 01: Network 3
4596,2025-07-17,23,50,54,400320,0.46092,02,750,0,0,Node 02: Network 3
4597,2025-07-17,23,50,54,985608,0.585288,03,1250,0,0,Node 03: Network 3
4598,2025-07-17,23,50,55,939314,0.953706,01,250,0,0,Node 01: Network 3
4599,2025-07-17,23,50,56,401224,0.46191,02,750,0,0,Node 02: Network 3
4600,2025-07-17,23,50,56,986576,0.585352,03,1250,0,0,Node 03: Network 3
4601,2025-07-17,23,50,57,940729,0.954153,01,250,0,0,Node 01: Network 3
4602,2025-07-17,23,50,58,402473,0.461744,02,750,0,0,Node 02: Network 3
4603,2025-07-17,23,50,58,988147,0.585674,03,1250,0,0,Node 03: Network 3
4604,2025-07-17,23,50,59,940783,0.952636,01,250,0,0,Node 01: Network 3
4605,2025-07-17,23,51,00,405690,0.464907,02,750,0,0,Node 02: Network 3
4606,2025-07-17,23,51,00,989812,0.584122,03,1250,0,0,Node 03: Network 3
4607,2025-07-17,23,51,01,942423,0.952611,01,250,0,0,Node 01: Network 3
4608,2025-07-17,23,51,02,532981,0.590558,02,750,0,0,Node 02: Network 3
4609,2025-07-17,23,51,02,992432,0.459451,03,1250,0,0,Node 03: Network 3
4610,2025-07-17,23,51,03,522617,0.530185,BB,0,1,0,
4611,2025-07-17,23,51,05,527365,2.004748,BB,0,1,0,
4612,2025-07-17,23,51,05,579915,0.05255,03,1858,0,1,
4613,2025-07-17,23,51,05,593656,0.013741,02,1813,0,1,
4614,2025-07-17,23,51,05,606221,0.012565,01,1907,0,1,
4615,2025-07-17,23,51,05,842232,0.236011,01,250,0,0,Node 01: Network 3
4616,2025-07-17,23,51,06,343297,0.501065,02,750,0,0,Node 02: Network 3
4617,2025-07-17,23,51,06,888578,0.545281,03,1250,0,0,Node 03: Network 3
4618,2025-07-17,23,51,07,844287,0.955709,01,250,0,0,Node 01: Network 3
4619,2025-07-17,23,51,08,434123,0.589836,02,750,0,0,Node 02: Network 3
4620,2025-07-17,23,51,08,891104,0.456981,03,1251,0,0,Node 03: Network 3
4621,2025-07-17,23,51,09,845225,0.954121,01,250,0,0,Node 01: Network 3
4622,2025-07-17,23,51,10,452848,0.607623,02,750,0,0,Node 02: Network 3
4623,2025-07-17,23,51,10,894681,0.441833,03,1250,0,0,Node 03: Network 3
4624,2025-07-17,23,51,11,844855,0.950174,01,250,0,0,Node 01: Network 3
4625,2025-07-17,23,51,12,438043,0.593188,02,750,0,0,Node 02: Network 3
4626,2025-07-17,23,51,12,896554,0.458511,03,1250,0,0,Node 03: Network 3
4627,2025-07-17,23,51,13,982352,1.085798,01,250,0,0,Node 01: Network 3
4628,2025-07-17,23,51,14,440065,0.457713,02,750,0,0,Node 02: Network 3
4629,2025-07-17,23,51,14,898301,0.458236,03,1250,0,0,Node 03: Network 3
4630,2025-07-17,23,51,15,984398,1.086097,01,250,0,0,Node 01: Network 3
4631,2025-07-17,23,51,16,441357,0.456959,02,750,0,0,Node 02: Network 3
4632,2025-07-17,23,51,16,900025,0.458668,03,1250,0,0,Node 03: Network 3
4633,2025-07-17,23,51,17,943332,1.043307,01,250,0,0,Node 01: Network 3
4634,2025-07-17,23,51,18,444219,0.500887,02,750,0,0,Node 02: Network 3
4635,2025-07-17,23,51,18,901899,0.45768,03,1250,0,0,Node 03: Network 3
4636,2025-07-17,23,51,19,944869,1.04297,01,250,0,0,Node 01: Network 3
4637,2025-07-17,23,51,20,446527,0.501658,02,750,0,0,Node 02: Network 3
4638,2025-07-17,23,51,20,903921,0.457394,03,1250,0,0,Node 03: Network 3
4639,2025-07-17,23,51,21,944858,1.040937,01,250,0,0,Node 01: Network 3
4640,2025-07-17,23,51,22,448906,0.504048,02,750,0,0,Node 02: Network 3
4641,2025-07-17,23,51,22,906279,0.457373,03,1250,0,0,Node 03: Network 3
4642,2025-07-17,23,51,23,944948,1.038669,01,250,0,0,Node 01: Network 3
4643,2025-07-17,23,51,24,450477,0.505529,02,750,0,0,Node 02: Network 3
4644,2025-07-17,23,51,24,908982,0.458505,03,1251,0,0,Node 03: Network 3
4645,2025-07-17,23,51,25,945690,1.036708,01,250,0,0,Node 01: Network 3
4646,2025-07-17,23,51,26,452302,0.506612,02,750,0,0,Node 02: Network 3
4647,2025-07-17,23,51,26,910869,0.458567,03,1250,0,0,Node 03: Network 3
4648,2025-07-17,23,51,27,946787,1.035918,01,250,0,0,Node 01: Network 3
4649,2025-07-17,23,51,28,455680,0.508893,02,751,0,0,Node 02: Network 3
4650,2025-07-17,23,51,28,912413,0.456733,03,1250,0,0,Node 03: Network 3
4651,2025-07-17,23,51,29,948719,1.036306,01,250,0,0,Node 01: Network 3
4652,2025-07-17,23,51,30,457652,0.508933,02,750,0,0,Node 02: Network 3
4653,2025-07-17,23,51,30,915104,0.457452,03,1250,0,0,Node 03: Network 3
4654,2025-07-17,23,51,31,948300,1.033196,01,250,0,0,Node 01: Network 3
4655,2025-07-17,23,51,32,458262,0.509962,02,750,0,0,Node 02: Network 3
4656,2025-07-17,23,51,32,724093,0.265831,BB,0,1,0,
4657,2025-07-17,23,51,32,789959,0.065866,BB,0,1,0,03:1256:0:1
4658,2025-07-17,23,51,32,803984,0.014025,01,1108,0,1,
4659,2025-07-17,23,51,32,816575,0.012591,02,855,0,1,
4660,2025-07-17,23,51,32,898144,0.081569,01,1261,0,1,1257:0:1
4661,2025-07-17,23,51,32,988875,0.090731,03,1198,0,1,
4662,2025-07-17,23,51,33,003090,0.014215,01,1174,0,1,
4663,2025-07-17,23,51,33,075319,0.072229,03,1250,0,0,Node 03: Network 3
4664,2025-07-17,23,51,33,184764,0.109445,01,250,0,0,Node 01: Network 3
4665,2025-07-17,23,51,33,225558,0.040794,01,250,0,0,Node 01: Network 3
4666,2025-07-17,23,51,33,299378,0.07382,02,750,0,0,Node 02: Network 3
4667,2025-07-17,23,51,33,358037,0.058659,01,250,0,0,Node 01: Network 3
4668,2025-07-17,23,51,33,476737,0.1187,02,750,0,0,Node 02: Network 3
4669,2025-07-17,23,51,33,523951,0.047214,03,1250,0,0,Node 03: Network 3
4670,2025-07-17,23,51,33,600499,0.076548,01,250,0,0,Node 01: Network 3
4671,2025-07-17,23,51,33,686080,0.085581,03,1250,0,0,Node 03: Network 3
4672,2025-07-17,23,51,33,697259,0.011179,BB,0,1,0,
4673,2025-07-17,23,51,33,797696,0.100437,01,250,0,0,Node 01: Network 3
4674,2025-07-17,23,51,33,886797,0.089101,02,750,0,0,Node 02: Network 3
4675,2025-07-17,23,51,33,918956,0.032159,01,279,0,0,Node 01: Network 3
4676,2025-07-17,23,51,33,953700,0.034744,03,1250,0,0,Node 03: Network 3
4677,2025-07-17,23,51,34,828044,0.874344,03,1250,0,0,Node 03: Network 3
4678,2025-07-17,23,51,35,229400,0.401356,02,750,0,0,Node 02: Network 3
4679,2025-07-17,23,51,35,592441,0.363041,BB,0,1,0,
4680,2025-07-17,23,51,37,598021,2.00558,BB,0,1,0,
4681,2025-07-17,23,51,37,644807,0.046786,03,90,0,1,
4682,2025-07-17,23,51,37,675970,0.031163,02,1188,0,1,
4683,2025-07-17,23,51,37,733643,0.057673,01,78,0,1,
4684,2025-07-17,23,51,37,913585,0.179942,01,250,0,0,Node 01: Network 3
4685,2025-07-17,23,51,38,413518,0.499933,02,750,0,0,Node 02: Network 3
4686,2025-07-17,23,51,38,915821,0.502303,03,1250,0,0,Node 03: Network 3
4687,2025-07-17,23,51,39,914029,0.998208,01,250,0,0,Node 01: Network 3
4688,2025-07-17,23,51,40,415684,0.501655,02,750,0,0,Node 02: Network 3
4689,2025-07-17,23,51,40,919582,0.503898,03,1250,0,0,Node 03: Network 3
4690,2025-07-17,23,51,41,914552,0.99497,01,250,0,0,Node 01: Network 3
4691,2025-07-17,23,51,42,418757,0.504205,02,750,0,0,Node 02: Network 3
4692,2025-07-17,23,51,42,920379,0.501622,03,1250,0,0,Node 03: Network 3
4693,2025-07-17,23,51,43,963999,1.04362,01,250,0,0,Node 01: Network 3
4694,2025-07-17,23,51,44,418984,0.454985,02,750,0,0,Node 02: Network 3
4695,2025-07-17,23,51,44,923107,0.504123,03,1250,0,0,Node 03: Network 3
4696,2025-07-17,23,51,45,964254,1.041147,01,250,0,0,Node 01: Network 3
4697,2025-07-17,23,51,46,421538,0.457284,02,750,0,0,Node 02: Network 3
4698,2025-07-17,23,51,46,924543,0.503005,03,1250,0,0,Node 03: Network 3
4699,2025-07-17,23,51,47,965463,1.04092,01,251,0,0,Node 01: Network 3
4700,2025-07-17,23,51,48,423500,0.458037,02,750,0,0,Node 02: Network 3
4701,2025-07-17,23,51,48,926482,0.502982,03,1250,0,0,Node 03: Network 3
4702,2025-07-17,23,51,49,965798,1.039316,01,250,0,0,Node 01: Network 3
4703,2025-07-17,23,51,50,424830,0.459032,02,750,0,0,Node 02: Network 3
4704,2025-07-17,23,51,50,929752,0.504922,03,1250,0,0,Node 03: Network 3
4705,2025-07-17,23,51,51,966478,1.036726,01,250,0,0,Node 01: Network 3
4706,2025-07-17,23,51,52,427177,0.460699,02,750,0,0,Node 02: Network 3
4707,2025-07-17,23,51,52,932004,0.504827,03,1250,0,0,Node 03: Network 3
4708,2025-07-17,23,51,53,966662,1.034658,01,250,0,0,Node 01: Network 3
4709,2025-07-17,23,51,54,429045,0.462383,02,750,0,0,Node 02: Network 3
4710,2025-07-17,23,51,54,934508,0.505463,03,1250,0,0,Node 03: Network 3
4711,2025-07-17,23,51,55,967692,1.033184,01,250,0,0,Node 01: Network 3
4712,2025-07-17,23,51,56,430472,0.46278,02,750,0,0,Node 02: Network 3
4713,2025-07-17,23,51,56,936551,0.506079,03,1250,0,0,Node 03: Network 3
4714,2025-07-17,23,51,57,967616,1.031065,01,250,0,0,Node 01: Network 3
4715,2025-07-17,23,51,58,480413,0.512797,02,750,0,0,Node 02: Network 3
4716,2025-07-17,23,51,58,937806,0.457393,03,1250,0,0,Node 03: Network 3
4717,2025-07-17,23,51,59,969652,1.031846,01,250,0,0,Node 01: Network 3
4718,2025-07-17,23,52,00,483414,0.513762,02,750,0,0,Node 02: Network 3
4719,2025-07-17,23,52,00,939499,0.456085,03,1250,0,0,Node 03: Network 3
4720,2025-07-17,23,52,02,028199,1.0887,01,250,0,0,Node 01: Network 3
4721,2025-07-17,23,52,02,484321,0.456122,02,750,0,0,Node 02: Network 3
4722,2025-07-17,23,52,03,075777,0.591456,03,1250,0,0,Node 03: Network 3
4723,2025-07-17,23,52,04,028975,0.953198,01,250,0,0,Node 01: Network 3
4724,2025-07-17,23,52,04,486816,0.457841,02,750,0,0,Node 02: Network 3
4725,2025-07-17,23,52,05,077793,0.590977,03,1250,0,0,Node 03: Network 3
4726,2025-07-17,23,52,06,027825,0.950032,01,250,0,0,Node 01: Network 3
4727,2025-07-17,23,52,06,488032,0.460207,02,750,0,0,Node 02: Network 3
4728,2025-07-17,23,52,07,079320,0.591288,03,1250,0,0,Node 03: Network 3
4729,2025-07-17,23,52,08,029396,0.950076,01,250,0,0,Node 01: Network 3
4730,2025-07-17,23,52,08,491067,0.461671,02,750,0,0,Node 02: Network 3
4731,2025-07-17,23,52,09,080901,0.589834,03,1250,0,0,Node 03: Network 3
4732,2025-07-17,23,52,10,031246,0.950345,01,250,0,0,Node 01: Network 3
4733,2025-07-17,23,52,10,492608,0.461362,02,750,0,0,Node 02: Network 3
4734,2025-07-17,23,52,11,083581,0.590973,03,1250,0,0,Node 03: Network 3
4735,2025-07-17,23,52,12,032321,0.94874,01,250,0,0,Node 01: Network 3
4736,2025-07-17,23,52,12,493937,0.461616,02,750,0,0,Node 02: Network 3
4737,2025-07-17,23,52,13,087330,0.593393,03,1250,0,0,Node 03: Network 3
4738,2025-07-17,23,52,14,032448,0.945118,01,250,0,0,Node 01: Network 3
4739,2025-07-17,23,52,14,495951,0.463503,02,750,0,0,Node 02: Network 3
4740,2025-07-17,23,52,15,089051,0.5931,03,1250,0,0,Node 03: Network 3
4741,2025-07-17,23,52,16,032517,0.943466,01,250,0,0,Node 01: Network 3
4742,2025-07-17,23,52,16,631450,0.598933,02,750,0,0,Node 02: Network 3
4743,2025-07-17,23,52,17,091159,0.459709,03,1250,0,0,Node 03: Network 3
4744,2025-07-17,23,52,18,034132,0.942973,01,250,0,0,Node 01: Network 3
4745,2025-07-17,23,52,18,634565,0.600433,02,750,0,0,Node 02: Network 3
4746,2025-07-17,23,52,19,093091,0.458526,03,1250,0,0,Node 03: Network 3
4747,2025-07-17,23,52,20,033830,0.940739,01,250,0,0,Node 01: Network 3
4748,2025-07-17,23,52,20,636819,0.602989,02,750,0,0,Node 02: Network 3
4749,2025-07-17,23,52,21,094943,0.458124,03,1250,0,0,Node 03: Network 3
4750,2025-07-17,23,52,22,034948,0.940005,01,250,0,0,Node 01: Network 3
4751,2025-07-17,23,52,22,639072,0.604124,02,750,0,0,Node 02: Network 3
4752,2025-07-17,23,52,23,096210,0.457138,03,1250,0,0,Node 03: Network 3
4753,2025-07-17,23,52,24,035501,0.939291,01,250,0,0,Node 01: Network 3
4754,2025-07-17,23,52,24,640024,0.604523,02,750,0,0,Node 02: Network 3
4755,2025-07-17,23,52,25,098911,0.458887,03,1250,0,0,Node 03: Network 3
4756,2025-07-17,23,52,26,184212,1.085301,01,250,0,0,Node 01: Network 3
4757,2025-07-17,23,52,26,642483,0.458271,02,750,0,0,Node 02: Network 3
4758,2025-07-17,23,52,27,100107,0.457624,03,1250,0,0,Node 03: Network 3
4759,2025-07-17,23,52,28,184127,1.08402,01,250,0,0,Node 01: Network 3
4760,2025-07-17,23,52,28,644400,0.460273,02,750,0,0,Node 02: Network 3
4761,2025-07-17,23,52,29,103724,0.459324,03,1250,0,0,Node 03: Network 3
4762,2025-07-17,23,52,30,185954,1.08223,01,250,0,0,Node 01: Network 3
4763,2025-07-17,23,52,30,646106,0.460152,02,750,0,0,Node 02: Network 3
4764,2025-07-17,23,52,31,105808,0.459702,03,1250,0,0,Node 03: Network 3
4765,2025-07-17,23,52,32,185955,1.080147,01,250,0,0,Node 01: Network 3
4766,2025-07-17,23,52,32,647505,0.46155,02,750,0,0,Node 02: Network 3
4767,2025-07-17,23,52,33,108597,0.461092,03,1250,0,0,Node 03: Network 3
4768,2025-07-17,23,52,34,187385,1.078788,01,250,0,0,Node 01: Network 3
4769,2025-07-17,23,52,34,650180,0.462795,02,750,0,0,Node 02: Network 3
4770,2025-07-17,23,52,35,110332,0.460152,03,1250,0,0,Node 03: Network 3
4771,2025-07-17,23,52,36,188852,1.07852,01,250,0,0,Node 01: Network 3
4772,2025-07-17,23,52,36,652822,0.46397,02,750,0,0,Node 02: Network 3
4773,2025-07-17,23,52,37,111533,0.458711,03,1250,0,0,Node 03: Network 3
4774,2025-07-17,23,52,38,189311,1.077778,01,250,0,0,Node 01: Network 3
4775,2025-07-17,23,52,38,654659,0.465348,02,750,0,0,Node 02: Network 3
4776,2025-07-17,23,52,40,189531,1.534872,01,250,0,0,Node 01: Network 3
4777,2025-07-17,23,52,40,733129,0.543598,02,750,0,0,Node 02: Network 3
4778,2025-07-17,23,52,41,235991,0.502862,03,1250,0,0,Node 03: Network 3
4779,2025-07-17,23,52,42,190032,0.954041,01,250,0,0,Node 01: Network 3
4780,2025-07-17,23,52,42,735815,0.545783,02,750,0,0,Node 02: Network 3
4781,2025-07-17,23,52,43,237227,0.501412,03,1250,0,0,Node 03: Network 3
4782,2025-07-17,23,52,44,190150,0.952923,01,250,0,0,Node 01: Network 3
4783,2025-07-17,23,52,44,737392,0.547242,02,750,0,0,Node 02: Network 3
4784,2025-07-17,23,52,45,238826,0.501434,03,1250,0,0,Node 03: Network 3
4785,2025-07-17,23,52,46,190889,0.952063,01,250,0,0,Node 01: Network 3
4786,2025-07-17,23,52,46,739533,0.548644,02,750,0,0,Node 02: Network 3
4787,2025-07-17,23,52,47,241321,0.501788,03,1250,0,0,Node 03: Network 3
4788,2025-07-17,23,52,48,192068,0.950747,01,250,0,0,Node 01: Network 3
4789,2025-07-17,23,52,48,741978,0.54991,02,750,0,0,Node 02: Network 3
4790,2025-07-17,23,52,49,242994,0.501016,03,1250,0,0,Node 03: Network 3
4791,2025-07-17,23,52,50,192173,0.949179,01,250,0,0,Node 01: Network 3
4792,2025-07-17,23,52,50,743797,0.551624,02,750,0,0,Node 02: Network 3
4793,2025-07-17,23,52,51,244541,0.500744,03,1250,0,0,Node 03: Network 3
4794,2025-07-17,23,52,52,286997,1.042456,01,250,0,0,Node 01: Network 3
4795,2025-07-17,23,52,52,745270,0.458273,02,750,0,0,Node 02: Network 3
4796,2025-07-17,23,52,53,332615,0.587345,03,1250,0,0,Node 03: Network 3
4797,2025-07-17,23,52,53,763584,0.430969,BB,0,1,0,
4798,2025-07-17,23,52,55,767230,2.003646,BB,0,1,0,
4799,2025-07-17,23,52,55,803389,0.036159,02,1842,0,1,
4800,2025-07-17,23,52,55,835462,0.032073,03,1756,0,1,
4801,2025-07-17,23,52,55,849247,0.013785,01,1802,0,1,
4802,2025-07-17,23,52,56,084459,0.235212,01,250,0,0,Node 01: Network 3
4803,2025-07-17,23,52,56,583999,0.49954,02,750,0,0,Node 02: Network 3
4804,2025-07-17,23,52,57,085762,0.501763,03,1250,0,0,Node 03: Network 3
4805,2025-07-17,23,52,58,084909,0.999147,01,250,0,0,Node 01: Network 3
4806,2025-07-17,23,52,58,584792,0.499883,02,750,0,0,Node 02: Network 3
4807,2025-07-17,23,52,59,088704,0.503912,03,1250,0,0,Node 03: Network 3
4808,2025-07-17,23,53,00,084688,0.995984,01,250,0,0,Node 01: Network 3
4809,2025-07-17,23,53,00,587330,0.502642,02,750,0,0,Node 02: Network 3
4810,2025-07-17,23,53,01,132876,0.545546,03,1250,0,0,Node 03: Network 3
4811,2025-07-17,23,53,02,085352,0.952476,01,250,0,0,Node 01: Network 3
4812,2025-07-17,23,53,02,589715,0.504363,02,750,0,0,Node 02: Network 3
4813,2025-07-17,23,53,03,135664,0.545949,03,1250,0,0,Node 03: Network 3
4814,2025-07-17,23,53,04,086553,0.950889,01,250,0,0,Node 01: Network 3
4815,2025-07-17,23,53,04,678104,0.591551,02,750,0,0,Node 02: Network 3
4816,2025-07-17,23,53,05,136760,0.458656,03,1250,0,0,Node 03: Network 3
4817,2025-07-17,23,53,06,086584,0.949824,01,250,0,0,Node 01: Network 3
4818,2025-07-17,23,53,06,681517,0.594933,02,750,0,0,Node 02: Network 3
4819,2025-07-17,23,53,07,138879,0.457362,03,1250,0,0,Node 03: Network 3
4820,2025-07-17,23,53,08,088345,0.949466,01,250,0,0,Node 01: Network 3
4821,2025-07-17,23,53,08,684059,0.595714,02,750,0,0,Node 02: Network 3
4822,2025-07-17,23,53,09,141430,0.457371,03,1250,0,0,Node 03: Network 3
4823,2025-07-17,23,53,10,088459,0.947029,01,250,0,0,Node 01: Network 3
4824,2025-07-17,23,53,10,684537,0.596078,02,750,0,0,Node 02: Network 3
4825,2025-07-17,23,53,11,143135,0.458598,03,1250,0,0,Node 03: Network 3
4826,2025-07-17,23,53,12,230059,1.086924,01,250,0,0,Node 01: Network 3
4827,2025-07-17,23,53,12,687731,0.457672,02,750,0,0,Node 02: Network 3
4828,2025-07-17,23,53,13,144183,0.456452,03,1250,0,0,Node 03: Network 3
4829,2025-07-17,23,53,14,230626,1.086443,01,250,0,0,Node 01: Network 3
4830,2025-07-17,23,53,14,688668,0.458042,02,750,0,0,Node 02: Network 3
4831,2025-07-17,23,53,15,147405,0.458737,03,1250,0,0,Node 03: Network 3
4832,2025-07-17,23,53,16,690174,1.542769,02,750,0,0,Node 02: Network 3
4833,2025-07-17,23,53,17,150034,0.45986,03,1250,0,0,Node 03: Network 3
4834,2025-07-17,23,53,18,197381,1.047347,01,250,0,0,Node 01: Network 3
4835,2025-07-17,23,53,18,694376,0.496995,02,750,0,0,Node 02: Network 3
4836,2025-07-17,23,53,19,151398,0.457022,03,1250,0,0,Node 03: Network 3
4837,2025-07-17,23,53,20,237885,1.086487,01,250,0,0,Node 01: Network 3
4838,2025-07-17,23,53,20,695258,0.457373,02,750,0,0,Node 02: Network 3
4839,2025-07-17,23,53,21,153344,0.458086,03,1250,0,0,Node 03: Network 3
4840,2025-07-17,23,53,22,237730,1.084386,01,250,0,0,Node 01: Network 3
4841,2025-07-17,23,53,22,698472,0.460742,02,750,0,0,Node 02: Network 3
4842,2025-07-17,23,53,23,155847,0.457375,03,1250,0,0,Node 03: Network 3
4843,2025-07-17,23,53,24,239097,1.08325,01,250,0,0,Node 01: Network 3
4844,2025-07-17,23,53,24,784459,0.545362,02,750,0,0,Node 02: Network 3
4845,2025-07-17,23,53,25,157326,0.372867,03,1250,0,0,Node 03: Network 3
4846,2025-07-17,23,53,26,239177,1.081851,01,250,0,0,Node 01: Network 3
4847,2025-07-17,23,53,26,702068,0.462891,02,750,0,0,Node 02: Network 3
4848,2025-07-17,23,53,27,159233,0.457165,03,1250,0,0,Node 03: Network 3
4849,2025-07-17,23,53,28,240928,1.081695,01,250,0,0,Node 01: Network 3
4850,2025-07-17,23,53,28,704194,0.463266,02,750,0,0,Node 02: Network 3
4851,2025-07-17,23,53,29,161326,0.457132,03,1250,0,0,Node 03: Network 3
4852,2025-07-17,23,53,30,241151,1.079825,01,250,0,0,Node 01: Network 3
4853,2025-07-17,23,53,30,784304,0.543153,02,750,0,0,Node 02: Network 3
4854,2025-07-17,23,53,31,165181,0.380877,03,1250,0,0,Node 03: Network 3
4855,2025-07-17,23,53,32,242052,1.076871,01,250,0,0,Node 01: Network 3
4856,2025-07-17,23,53,32,787230,0.545178,02,750,0,0,Node 02: Network 3
4857,2025-07-17,23,53,33,167164,0.379934,03,1250,0,0,Node 03: Network 3
4858,2025-07-17,23,53,34,242187,1.075023,01,250,0,0,Node 01: Network 3
4859,2025-07-17,23,53,34,789040,0.546853,02,750,0,0,Node 02: Network 3
4860,2025-07-17,23,53,35,169252,0.380212,03,1250,0,0,Node 03: Network 3
4861,2025-07-17,23,53,36,244258,1.075006,01,250,0,0,Node 01: Network 3
4862,2025-07-17,23,53,36,791633,0.547375,02,750,0,0,Node 02: Network 3
4863,2025-07-17,23,53,37,289933,0.4983,03,1250,0,0,Node 03: Network 3
4864,2025-07-17,23,53,38,244776,0.954843,01,250,0,0,Node 01: Network 3
4865,2025-07-17,23,53,38,793423,0.548647,02,750,0,0,Node 02: Network 3
4866,2025-07-17,23,53,39,292290,0.498867,03,1250,0,0,Node 03: Network 3
4867,2025-07-17,23,53,40,244672,0.952382,01,250,0,0,Node 01: Network 3
4868,2025-07-17,23,53,40,796040,0.551368,02,750,0,0,Node 02: Network 3
4869,2025-07-17,23,53,41,293893,0.497853,03,1250,0,0,Node 03: Network 3
4870,2025-07-17,23,53,42,001786,0.707893,BB,0,1,0,
4871,2025-07-17,23,53,42,024409,0.022623,BB,0,1,0,
4872,2025-07-17,23,53,42,098809,0.0744,BB,0,1,0,03:90:0:1
4873,2025-07-17,23,53,42,110260,0.011451,02,50,0,1,
4874,2025-07-17,23,53,42,120774,0.010514,03,53,0,1,
4875,2025-07-17,23,53,42,157085,0.036311,01,102,0,1,
4876,2025-07-17,23,53,42,189097,0.032012,03,1,0,1,1250:0:0:Node 03: N
4877,2025-07-17,23,53,42,337042,0.147945,03,179,0,1,
4878,2025-07-17,23,53,42,379531,0.042489,02,1188,0,1,01:78:0:1
4879,2025-07-17,23,53,42,467936,0.088405,01,250,0,0,Node 01: Network 3
4880,2025-07-17,23,53,42,508370,0.040434,01,279,0,0,Node 01: Network 3
4881,2025-07-17,23,53,42,595116,0.086746,03,1250,0,0,Node 03: Network 3
4882,2025-07-17,23,53,42,663822,0.068706,02,750,0,0,Node 02: Network 3
4883,2025-07-17,23,53,42,695340,0.031518,01,309,0,0,Node 01: Network 3
4884,2025-07-17,23,53,42,819033,0.123693,01,250,0,0,Node 01: Network 3
4885,2025-07-17,23,53,42,882785,0.063752,02,750,0,0,Node 02: Network 3
4886,2025-07-17,23,53,42,982525,0.09974,02,750,0,0,Node 02: Network 3
4887,2025-07-17,23,53,43,016167,0.033642,03,1250,0,0,Node 03: Network 3
4888,2025-07-17,23,53,43,050298,0.034131,01,250,0,0,Node 01: Network 3
4889,2025-07-17,23,53,43,084231,0.033933,03,1250,0,0,Node 03: Network 3
4890,2025-07-17,23,53,43,129043,0.044812,01,250,0,0,Node 01: Network 3
4891,2025-07-17,23,53,43,259918,0.130875,02,755,0,0,Node 02: Network 3
4892,2025-07-17,23,53,43,410064,0.150146,03,1250,0,0,Node 03: Network 3
4893,2025-07-17,23,53,43,872484,0.46242,BB,0,1,0,
4894,2025-07-17,23,53,47,880938,4.008454,BB,0,1,0,
4895,2025-07-17,23,53,47,949807,0.068869,01,1680,0,1,
4896,2025-07-17,23,53,47,963812,0.014005,03,1796,0,1,
4897,2025-07-17,23,53,47,977090,0.013278,02,1615,0,1,
4898,2025-07-17,23,53,48,697826,0.720736,02,750,0,0,Node 02: Network 3
4899,2025-07-17,23,53,49,243901,0.546075,03,1250,0,0,Node 03: Network 3
4900,2025-07-17,23,53,50,241861,0.99796,01,250,0,0,Node 01: Network 3
4901,2025-07-17,23,53,50,699138,0.457277,02,750,0,0,Node 02: Network 3
4902,2025-07-17,23,53,51,246211,0.547073,03,1250,0,0,Node 03: Network 3
4903,2025-07-17,23,53,52,243045,0.996834,01,250,0,0,Node 01: Network 3
4904,2025-07-17,23,53,52,701023,0.457978,02,750,0,0,Node 02: Network 3
4905,2025-07-17,23,53,53,249187,0.548164,03,1251,0,0,Node 03: Network 3
4906,2025-07-17,23,53,54,243203,0.994016,01,250,0,0,Node 01: Network 3
4907,2025-07-17,23,53,54,703193,0.45999,02,750,0,0,Node 02: Network 3
4908,2025-07-17,23,53,55,251321,0.548128,03,1250,0,0,Node 03: Network 3
4909,2025-07-17,23,53,56,243786,0.992465,01,250,0,0,Node 01: Network 3
4910,2025-07-17,23,53,56,704730,0.460944,02,750,0,0,Node 02: Network 3
4911,2025-07-17,23,53,57,252558,0.547828,03,1250,0,0,Node 03: Network 3
4912,2025-07-17,23,53,58,244313,0.991755,01,250,0,0,Node 01: Network 3
4913,2025-07-17,23,53,58,706891,0.462578,02,750,0,0,Node 02: Network 3
4914,2025-07-17,23,53,59,254671,0.54778,03,1250,0,0,Node 03: Network 3
4915,2025-07-17,23,54,00,244919,0.990248,01,250,0,0,Node 01: Network 3
4916,2025-07-17,23,54,00,710049,0.46513,02,750,0,0,Node 02: Network 3
4917,2025-07-17,23,54,01,256928,0.546879,03,1250,0,0,Node 03: Network 3
4918,2025-07-17,23,54,02,245700,0.988772,01,250,0,0,Node 01: Network 3
4919,2025-07-17,23,54,02,711001,0.465301,02,750,0,0,Node 02: Network 3
4920,2025-07-17,23,54,03,291678,0.580677,03,1250,0,0,Node 03: Network 3
4921,2025-07-17,23,54,04,246898,0.95522,01,250,0,0,Node 01: Network 3
4922,2025-07-17,23,54,04,713299,0.466401,02,750,0,0,Node 02: Network 3
4923,2025-07-17,23,54,05,293665,0.580366,03,1250,0,0,Node 03: Network 3
4924,2025-07-17,23,54,06,247589,0.953924,01,250,0,0,Node 01: Network 3
4925,2025-07-17,23,54,06,714151,0.466562,02,750,0,0,Node 02: Network 3
4926,2025-07-17,23,54,07,296221,0.58207,03,1250,0,0,Node 03: Network 3
4927,2025-07-17,23,54,08,247633,0.951412,01,250,0,0,Node 01: Network 3
4928,2025-07-17,23,54,08,840709,0.593076,02,750,0,0,Node 02: Network 3
4929,2025-07-17,23,54,09,298435,0.457726,03,1250,0,0,Node 03: Network 3
4930,2025-07-17,23,54,10,248157,0.949722,01,250,0,0,Node 01: Network 3
4931,2025-07-17,23,54,10,843546,0.595389,02,750,0,0,Node 02: Network 3
4932,2025-07-17,23,54,11,301171,0.457625,03,1250,0,0,Node 03: Network 3
4933,2025-07-17,23,54,12,248800,0.947629,01,250,0,0,Node 01: Network 3
4934,2025-07-17,23,54,12,844890,0.59609,02,750,0,0,Node 02: Network 3
4935,2025-07-17,23,54,13,390533,0.545643,03,1250,0,0,Node 03: Network 3
4936,2025-07-17,23,54,14,389575,0.999042,01,250,0,0,Node 01: Network 3
4937,2025-07-17,23,54,14,848003,0.458428,02,750,0,0,Node 02: Network 3
4938,2025-07-17,23,54,15,392832,0.544829,03,1250,0,0,Node 03: Network 3
4939,2025-07-17,23,54,16,389552,0.99672,01,250,0,0,Node 01: Network 3
4940,2025-07-17,23,54,16,849195,0.459643,02,750,0,0,Node 02: Network 3
4941,2025-07-17,23,54,17,395568,0.546373,03,1250,0,0,Node 03: Network 3
4942,2025-07-17,23,54,18,390464,0.994896,01,250,0,0,Node 01: Network 3
4943,2025-07-17,23,54,18,851509,0.461045,02,750,0,0,Node 02: Network 3
4944,2025-07-17,23,54,19,396877,0.545368,03,1250,0,0,Node 03: Network 3
4945,2025-07-17,23,54,20,395575,0.998698,01,250,0,0,Node 01: Network 3
4946,2025-07-17,23,54,20,853174,0.457599,02,750,0,0,Node 02: Network 3
4947,2025-07-17,23,54,21,399939,0.546765,03,1250,0,0,Node 03: Network 3
4948,2025-07-17,23,54,22,396027,0.996088,01,250,0,0,Node 01: Network 3
4949,2025-07-17,23,54,22,854912,0.458885,02,750,0,0,Node 02: Network 3
4950,2025-07-17,23,54,23,401536,0.546624,03,1250,0,0,Node 03: Network 3
4951,2025-07-17,23,54,24,396832,0.995296,01,250,0,0,Node 01: Network 3
4952,2025-07-17,23,54,24,857519,0.460687,02,750,0,0,Node 02: Network 3
4953,2025-07-17,23,54,26,398761,1.541242,01,250,0,0,Node 01: Network 3
4954,2025-07-17,23,54,26,858930,0.460169,02,750,0,0,Node 02: Network 3
4955,2025-07-17,23,54,27,446129,0.587199,03,1250,0,0,Node 03: Network 3
4956,2025-07-17,23,54,28,399985,0.953856,01,250,0,0,Node 01: Network 3
4957,2025-07-17,23,54,28,860545,0.46056,02,750,0,0,Node 02: Network 3
4958,2025-07-17,23,54,29,447905,0.58736,03,1250,0,0,Node 03: Network 3
4959,2025-07-17,23,54,30,400200,0.952295,01,250,0,0,Node 01: Network 3
4960,2025-07-17,23,54,30,863338,0.463138,02,750,0,0,Node 02: Network 3
4961,2025-07-17,23,54,31,410070,0.546732,03,1250,0,0,Node 03: Network 3
4962,2025-07-17,23,54,32,401135,0.991065,01,250,0,0,Node 01: Network 3
4963,2025-07-17,23,54,32,985475,0.58434,02,750,0,0,Node 02: Network 3
4964,2025-07-17,23,54,33,411819,0.426344,03,1250,0,0,Node 03: Network 3
4965,2025-07-17,23,54,34,401104,0.989285,01,250,0,0,Node 01: Network 3
4966,2025-07-17,23,54,34,956805,0.555701,02,750,0,0,Node 02: Network 3
4967,2025-07-17,23,54,35,414276,0.457471,03,1250,0,0,Node 03: Network 3
4968,2025-07-17,23,54,36,402215,0.987939,01,250,0,0,Node 01: Network 3
4969,2025-07-17,23,54,36,958653,0.556438,02,750,0,0,Node 02: Network 3
4970,2025-07-17,23,54,37,416544,0.457891,03,1250,0,0,Node 03: Network 3
4971,2025-07-17,23,54,38,402825,0.986281,01,250,0,0,Node 01: Network 3
4972,2025-07-17,23,54,38,960331,0.557506,02,750,0,0,Node 02: Network 3
4973,2025-07-17,23,54,39,419515,0.459184,03,1250,0,0,Node 03: Network 3
4974,2025-07-17,23,54,40,403415,0.9839,01,250,0,0,Node 01: Network 3
4975,2025-07-17,23,54,40,962706,0.559291,02,750,0,0,Node 02: Network 3
4976,2025-07-17,23,54,41,421458,0.458752,03,1250,0,0,Node 03: Network 3
4977,2025-07-17,23,54,42,405145,0.983687,01,250,0,0,Node 01: Network 3
4978,2025-07-17,23,54,42,963923,0.558778,02,750,0,0,Node 02: Network 3
4979,2025-07-17,23,54,43,423900,0.459977,03,1250,0,0,Node 03: Network 3
4980,2025-07-17,23,54,44,405330,0.98143,01,250,0,0,Node 01: Network 3
4981,2025-07-17,23,54,44,966343,0.561013,02,750,0,0,Node 02: Network 3
4982,2025-07-17,23,54,45,451704,0.485361,03,1250,0,0,Node 03: Network 3
4983,2025-07-17,23,54,46,510963,1.059259,01,250,0,0,Node 01: Network 3
4984,2025-07-17,23,54,46,967621,0.456658,02,750,0,0,Node 02: Network 3
4985,2025-07-17,23,54,47,454424,0.486803,03,1250,0,0,Node 03: Network 3
4986,2025-07-17,23,54,48,012220,0.557796,BB,0,1,0,
4987,2025-07-17,23,54,50,016206,2.003986,BB,0,1,0,
4988,2025-07-17,23,54,50,077812,0.061606,01,1827,0,1,
4989,2025-07-17,23,54,50,110082,0.03227,02,1868,0,1,
4990,2025-07-17,23,54,50,159388,0.049306,03,1884,0,1,
4991,2025-07-17,23,54,50,331200,0.171812,01,250,0,0,Node 01: Network 3
4992,2025-07-17,23,54,50,875381,0.544181,02,750,0,0,Node 02: Network 3
4993,2025-07-17,23,54,51,378911,0.50353,03,1250,0,0,Node 03: Network 3
4994,2025-07-17,23,54,52,332019,0.953108,01,250,0,0,Node 01: Network 3
4995,2025-07-17,23,54,52,876808,0.544789,02,750,0,0,Node 02: Network 3
4996,2025-07-17,23,54,53,381908,0.5051,03,1250,0,0,Node 03: Network 3
4997,2025-07-17,23,54,54,332660,0.950752,01,250,0,0,Node 01: Network 3
4998,2025-07-17,23,54,54,878712,0.546052,02,750,0,0,Node 02: Network 3
4999,2025-07-17,23,54,55,383814,0.505102,03,1250,0,0,Node 03: Network 3
5000,2025-07-17,23,54,56,332930,0.949116,01,250,0,0,Node 01: Network 3
5001,2025-07-17,23,54,56,928291,0.595361,02,750,0,0,Node 02: Network 3
5002,2025-07-17,23,54,57,385079,0.456788,03,1250,0,0,Node 03: Network 3
5003,2025-07-17,23,54,58,333264,0.948185,01,250,0,0,Node 01: Network 3
5004,2025-07-17,23,54,58,938047,0.604783,02,750,0,0,Node 02: Network 3
5005,2025-07-17,23,54,59,387899,0.449852,03,1250,0,0,Node 03: Network 3
5006,2025-07-17,23,55,00,333874,0.945975,01,250,0,0,Node 01: Network 3
5007,2025-07-17,23,55,00,932888,0.599014,02,751,0,0,Node 02: Network 3
5008,2025-07-17,23,55,01,388427,0.455539,03,1250,0,0,Node 03: Network 3
5009,2025-07-17,23,55,02,335273,0.946846,01,250,0,0,Node 01: Network 3
5010,2025-07-17,23,55,02,934832,0.599559,02,750,0,0,Node 02: Network 3
5011,2025-07-17,23,55,03,391513,0.456681,03,1250,0,0,Node 03: Network 3
5012,2025-07-17,23,55,04,336692,0.945179,01,250,0,0,Node 01: Network 3
5013,2025-07-17,23,55,04,936614,0.599922,02,750,0,0,Node 02: Network 3
5014,2025-07-17,23,55,05,392938,0.456324,03,1250,0,0,Node 03: Network 3
5015,2025-07-17,23,55,06,338149,0.945211,01,250,0,0,Node 01: Network 3
5016,2025-07-17,23,55,06,937787,0.599638,02,750,0,0,Node 02: Network 3
5017,2025-07-17,23,55,07,396853,0.459066,03,1250,0,0,Node 03: Network 3
5018,2025-07-17,23,55,08,337983,0.94113,01,250,0,0,Node 01: Network 3
5019,2025-07-17,23,55,08,940105,0.602122,02,750,0,0,Node 02: Network 3
5020,2025-07-17,23,55,09,486918,0.546813,03,1250,0,0,Node 03: Network 3
5021,2025-07-17,23,55,10,338427,0.851509,01,250,0,0,Node 01: Network 3
5022,2025-07-17,23,55,10,940891,0.602464,02,750,0,0,Node 02: Network 3
5023,2025-07-17,23,55,11,488558,0.547667,03,1250,0,0,Node 03: Network 3
5024,2025-07-17,23,55,12,339441,0.850883,01,250,0,0,Node 01: Network 3
5025,2025-07-17,23,55,12,943393,0.603952,02,750,0,0,Node 02: Network 3
5026,2025-07-17,23,55,14,339562,1.396169,01,250,0,0,Node 01: Network 3
5027,2025-07-17,23,55,14,944491,0.604929,02,750,0,0,Node 02: Network 3
5028,2025-07-17,23,55,16,340034,1.395543,01,250,0,0,Node 01: Network 3
5029,2025-07-17,23,55,16,948074,0.60804,02,750,0,0,Node 02: Network 3
5030,2025-07-17,23,55,17,387449,0.439375,03,1250,0,0,Node 03: Network 3
5031,2025-07-17,23,55,18,341910,0.954461,01,250,0,0,Node 01: Network 3
5032,2025-07-17,23,55,18,931950,0.59004,02,750,0,0,Node 02: Network 3
5033,2025-07-17,23,55,19,388824,0.456874,03,1250,0,0,Node 03: Network 3
5034,2025-07-17,23,55,20,341927,0.953103,01,250,0,0,Node 01: Network 3
5035,2025-07-17,23,55,20,933127,0.5912,02,750,0,0,Node 02: Network 3
5036,2025-07-17,23,55,21,389875,0.456748,03,1250,0,0,Node 03: Network 3
5037,2025-07-17,23,55,22,432516,1.042641,01,250,0,0,Node 01: Network 3
5038,2025-07-17,23,55,22,934620,0.502104,02,750,0,0,Node 02: Network 3
5039,2025-07-17,23,55,23,391956,0.457336,03,1250,0,0,Node 03: Network 3
5040,2025-07-17,23,55,24,433413,1.041457,01,250,0,0,Node 01: Network 3
5041,2025-07-17,23,55,24,937343,0.50393,02,750,0,0,Node 02: Network 3
5042,2025-07-17,23,55,25,393966,0.456623,03,1250,0,0,Node 03: Network 3
5043,2025-07-17,23,55,26,433718,1.039752,01,250,0,0,Node 01: Network 3
5044,2025-07-17,23,55,26,939310,0.505592,02,750,0,0,Node 02: Network 3
5045,2025-07-17,23,55,27,395847,0.456537,03,1250,0,0,Node 03: Network 3
5046,2025-07-17,23,55,28,484267,1.08842,01,250,0,0,Node 01: Network 3
5047,2025-07-17,23,55,28,940942,0.456675,02,750,0,0,Node 02: Network 3
5048,2025-07-17,23,55,29,398245,0.457303,03,1250,0,0,Node 03: Network 3
5049,2025-07-17,23,55,30,486263,1.088018,01,250,0,0,Node 01: Network 3
5050,2025-07-17,23,55,30,942530,0.456267,02,750,0,0,Node 02: Network 3
5051,2025-07-17,23,55,31,401311,0.458781,03,1250,0,0,Node 03: Network 3
5052,2025-07-17,23,55,32,487176,1.085865,01,250,0,0,Node 01: Network 3
5053,2025-07-17,23,55,32,945449,0.458273,02,750,0,0,Node 02: Network 3
5054,2025-07-17,23,55,33,403691,0.458242,03,1250,0,0,Node 03: Network 3
5055,2025-07-17,23,55,34,487393,1.083702,01,250,0,0,Node 01: Network 3
5056,2025-07-17,23,55,34,946788,0.459395,02,750,0,0,Node 02: Network 3
5057,2025-07-17,23,55,35,535241,0.588453,03,1250,0,0,Node 03: Network 3
5058,2025-07-17,23,55,36,488086,0.952845,01,250,0,0,Node 01: Network 3
5059,2025-07-17,23,55,37,031995,0.543909,02,750,0,0,Node 02: Network 3
5060,2025-07-17,23,55,37,537612,0.505617,03,1250,0,0,Node 03: Network 3
5061,2025-07-17,23,55,38,488584,0.950972,01,250,0,0,Node 01: Network 3
5062,2025-07-17,23,55,39,033341,0.544757,02,750,0,0,Node 02: Network 3
5063,2025-07-17,23,55,39,538649,0.505308,03,1250,0,0,Node 03: Network 3
5064,2025-07-17,23,55,40,490019,0.95137,01,250,0,0,Node 01: Network 3
5065,2025-07-17,23,55,41,036649,0.54663,02,751,0,0,Node 02: Network 3
5066,2025-07-17,23,55,41,541421,0.504772,03,1250,0,0,Node 03: Network 3
5067,2025-07-17,23,55,42,490997,0.949576,01,250,0,0,Node 01: Network 3
5068,2025-07-17,23,55,43,038435,0.547438,02,750,0,0,Node 02: Network 3
5069,2025-07-17,23,55,43,543493,0.505058,03,1250,0,0,Node 03: Network 3
5070,2025-07-17,23,55,44,491331,0.947838,01,250,0,0,Node 01: Network 3
5071,2025-07-17,23,55,45,040258,0.548927,02,750,0,0,Node 02: Network 3
5072,2025-07-17,23,55,45,545569,0.505311,03,1250,0,0,Node 03: Network 3
5073,2025-07-17,23,55,46,492232,0.946663,01,250,0,0,Node 01: Network 3
5074,2025-07-17,23,55,47,042196,0.549964,02,750,0,0,Node 02: Network 3
5075,2025-07-17,23,55,47,546981,0.504785,03,1250,0,0,Node 03: Network 3
5076,2025-07-17,23,55,48,586612,1.039631,01,250,0,0,Node 01: Network 3
5077,2025-07-17,23,55,49,043578,0.456966,02,750,0,0,Node 02: Network 3
5078,2025-07-17,23,55,49,634076,0.590498,03,1250,0,0,Node 03: Network 3
5079,2025-07-17,23,55,50,586426,0.95235,01,250,0,0,Node 01: Network 3
5080,2025-07-17,23,55,51,045867,0.459441,02,750,0,0,Node 02: Network 3
5081,2025-07-17,23,55,51,633520,0.587653,03,1250,0,0,Node 03: Network 3
5082,2025-07-17,23,55,52,330181,0.696661,BB,0,1,0,
5083,2025-07-17,23,55,52,390274,0.060093,BB,0,1,0,01:1680:0:1
5084,2025-07-17,23,55,52,424098,0.033824,02,166,0,1,
5085,2025-07-17,23,55,52,455955,0.031857,03,1796,0,1,1615:0:1
5086,2025-07-17,23,55,52,520128,0.064173,01,127,0,1,
5087,2025-07-17,23,55,52,597649,0.077521,02,750,0,0,Node 02: Network 3
5088,2025-07-17,23,55,52,631577,0.033928,03,1250,0,0,Node 03: Network 3
5089,2025-07-17,23,55,52,669982,0.038405,03,82,0,1,
5090,2025-07-17,23,55,52,755883,0.085901,01,309,0,0,Node 01: Network 3
5091,2025-07-17,23,55,52,812032,0.056149,02,755,0,0,Node 02: Network 3
5092,2025-07-17,23,55,52,883314,0.071282,01,263,0,0,Node 01: Network 3
5093,2025-07-17,23,55,52,951547,0.068233,03,1250,0,0,Node 03: Network 3
5094,2025-07-17,23,55,52,984746,0.033199,02,750,0,0,Node 02: Network 3
5095,2025-07-17,23,55,53,059861,0.075115,03,1250,0,0,Node 03: Network 3
5096,2025-07-17,23,55,53,129921,0.07006,01,250,0,0,Node 01: Network 3
5097,2025-07-17,23,55,53,228341,0.09842,02,758,0,0,Node 02: Network 3
5098,2025-07-17,23,55,53,301118,0.072777,03,1250,0,0,Node 03: Network 3
5099,2025-07-17,23,55,53,383435,0.082317,02,750,0,0,Node 02: Network 3
5100,2025-07-17,23,55,53,416844,0.033409,01,250,0,0,Node 01: Network 3
5101,2025-07-17,23,55,53,696313,0.279469,03,1250,0,0,Node 03: Network 3
5102,2025-07-17,23,55,54,155642,0.459329,BB,0,1,0,
5103,2025-07-17,23,55,54,219878,0.064236,03,95,0,1,
5104,2025-07-17,23,55,55,476114,1.256236,03,1250,0,0,Node 03: Network 3
5105,2025-07-17,23,55,56,520075,1.043961,01,250,0,0,Node 01: Network 3
5106,2025-07-17,23,55,57,019524,0.499449,02,750,0,0,Node 02: Network 3
5107,2025-07-17,23,55,57,478058,0.458534,03,1250,0,0,Node 03: Network 3
5108,2025-07-17,23,55,58,564083,1.086025,01,250,0,0,Node 01: Network 3
5109,2025-07-17,23,55,59,022161,0.458078,02,750,0,0,Node 02: Network 3
5110,2025-07-17,23,55,59,480469,0.458308,03,1250,0,0,Node 03: Network 3
5111,2025-07-17,23,56,00,564858,1.084389,01,250,0,0,Node 01: Network 3
5112,2025-07-17,23,56,01,024627,0.459769,02,751,0,0,Node 02: Network 3
5113,2025-07-17,23,56,01,481785,0.457158,03,1250,0,0,Node 03: Network 3
5114,2025-07-17,23,56,02,565063,1.083278,01,250,0,0,Node 01: Network 3
5115,2025-07-17,23,56,03,027131,0.462068,02,750,0,0,Node 02: Network 3
5116,2025-07-17,23,56,03,611729,0.584598,03,1250,0,0,Node 03: Network 3
5117,2025-07-17,23,56,04,566332,0.954603,01,251,0,0,Node 01: Network 3
5118,2025-07-17,23,56,05,028679,0.462347,02,750,0,0,Node 02: Network 3
5119,2025-07-17,23,56,05,614724,0.586045,03,1251,0,0,Node 03: Network 3
5120,2025-07-17,23,56,06,567757,0.953033,01,250,0,0,Node 01: Network 3
5121,2025-07-17,23,56,07,031084,0.463327,02,750,0,0,Node 02: Network 3
5122,2025-07-17,23,56,07,616419,0.585335,03,1250,0,0,Node 03: Network 3
5123,2025-07-17,23,56,08,567994,0.951575,01,250,0,0,Node 01: Network 3
5124,2025-07-17,23,56,09,032273,0.464279,02,750,0,0,Node 02: Network 3
5125,2025-07-17,23,56,09,618873,0.5866,03,1250,0,0,Node 03: Network 3
5126,2025-07-17,23,56,10,576912,0.958039,01,250,0,0,Node 01: Network 3
5127,2025-07-17,23,56,11,033443,0.456531,02,750,0,0,Node 02: Network 3
5128,2025-07-17,23,56,11,623783,0.59034,03,1250,0,0,Node 03: Network 3
5129,2025-07-17,23,56,12,576506,0.952723,01,250,0,0,Node 01: Network 3
5130,2025-07-17,23,56,13,035178,0.458672,02,750,0,0,Node 02: Network 3
5131,2025-07-17,23,56,13,581858,0.54668,03,1250,0,0,Node 03: Network 3
5132,2025-07-17,23,56,14,578123,0.996265,01,250,0,0,Node 01: Network 3
5133,2025-07-17,23,56,15,126790,0.548667,02,750,0,0,Node 02: Network 3
5134,2025-07-17,23,56,15,583784,0.456994,03,1250,0,0,Node 03: Network 3
5135,2025-07-17,23,56,16,578772,0.994988,01,250,0,0,Node 01: Network 3
5136,2025-07-17,23,56,17,128100,0.549328,02,750,0,0,Node 02: Network 3
5137,2025-07-17,23,56,17,625010,0.49691,03,1250,0,0,Node 03: Network 3
5138,2025-07-17,23,56,18,579313,0.954303,01,250,0,0,Node 01: Network 3
5139,2025-07-17,23,56,19,130606,0.551293,02,750,0,0,Node 02: Network 3
5140,2025-07-17,23,56,19,624325,0.493719,03,1250,0,0,Node 03: Network 3
5141,2025-07-17,23,56,20,676306,1.051981,01,250,0,0,Node 01: Network 3
5142,2025-07-17,23,56,21,169303,0.492997,02,750,0,0,Node 02: Network 3
5143,2025-07-17,23,56,21,723703,0.5544,03,1250,0,0,Node 03: Network 3
5144,2025-07-17,23,56,22,217097,0.493394,BB,0,1,0,
5145,2025-07-17,23,56,24,221843,2.004746,BB,0,1,0,
5146,2025-07-17,23,56,24,285678,0.063835,02,1872,0,1,
5147,2025-07-17,23,56,24,313156,0.027478,03,1820,0,1,
5148,2025-07-17,23,56,24,330201,0.017045,01,1867,0,1,
5149,2025-07-17,23,56,24,537824,0.207623,01,250,0,0,Node 01: Network 3
5150,2025-07-17,23,56,25,082351,0.544527,02,750,0,0,Node 02: Network 3
5151,2025-07-17,23,56,26,537756,1.455405,01,250,0,0,Node 01: Network 3
5152,2025-07-17,23,56,27,084017,0.546261,02,750,0,0,Node 02: Network 3
5153,2025-07-17,23,56,27,585361,0.501344,03,1250,0,0,Node 03: Network 3
5154,2025-07-17,23,56,28,539144,0.953783,01,250,0,0,Node 01: Network 3
5155,2025-07-17,23,56,29,086271,0.547127,02,750,0,0,Node 02: Network 3
5156,2025-07-17,23,56,29,587449,0.501178,03,1250,0,0,Node 03: Network 3
5157,2025-07-17,23,56,30,539762,0.952313,01,250,0,0,Node 01: Network 3
5158,2025-07-17,23,56,31,087915,0.548153,02,750,0,0,Node 02: Network 3
5159,2025-07-17,23,56,31,586383,0.498468,03,1250,0,0,Node 03: Network 3
5160,2025-07-17,23,56,32,539737,0.953354,01,250,0,0,Node 01: Network 3
5161,2025-07-17,23,56,33,090945,0.551208,02,750,0,0,Node 02: Network 3
5162,2025-07-17,23,56,33,589051,0.498106,03,1250,0,0,Node 03: Network 3
5163,2025-07-17,23,56,34,540785,0.951734,01,250,0,0,Node 01: Network 3
5164,2025-07-17,23,56,35,093166,0.552381,02,750,0,0,Node 02: Network 3
5165,2025-07-17,23,56,35,587651,0.494485,03,1250,0,0,Node 03: Network 3
5166,2025-07-17,23,56,36,637318,1.049667,01,250,0,0,Node 01: Network 3
5167,2025-07-17,23,56,37,093996,0.456678,02,750,0,0,Node 02: Network 3
5168,2025-07-17,23,56,37,589217,0.495221,03,1250,0,0,Node 03: Network 3
5169,2025-07-17,23,56,38,638948,1.049731,01,250,0,0,Node 01: Network 3
5170,2025-07-17,23,56,39,133512,0.494564,02,750,0,0,Node 02: Network 3
5171,2025-07-17,23,56,39,685209,0.551697,03,1250,0,0,Node 03: Network 3
5172,2025-07-17,23,56,40,638592,0.953383,01,250,0,0,Node 01: Network 3
5173,2025-07-17,23,56,41,135729,0.497137,02,750,0,0,Node 02: Network 3
5174,2025-07-17,23,56,41,685468,0.549739,03,1250,0,0,Node 03: Network 3
5175,2025-07-17,23,56,42,639861,0.954393,01,250,0,0,Node 01: Network 3
5176,2025-07-17,23,56,43,138409,0.498548,02,750,0,0,Node 02: Network 3
5177,2025-07-17,23,56,43,686351,0.547942,03,1250,0,0,Node 03: Network 3
5178,2025-07-17,23,56,44,641497,0.955146,01,250,0,0,Node 01: Network 3
5179,2025-07-17,23,56,45,140330,0.498833,02,750,0,0,Node 02: Network 3
5180,2025-07-17,23,56,45,688368,0.548038,03,1250,0,0,Node 03: Network 3
5181,2025-07-17,23,56,46,641898,0.95353,01,250,0,0,Node 01: Network 3
5182,2025-07-17,23,56,47,142843,0.500945,02,750,0,0,Node 02: Network 3
5183,2025-07-17,23,56,47,690501,0.547658,03,1250,0,0,Node 03: Network 3
5184,2025-07-17,23,56,48,642358,0.951857,01,250,0,0,Node 01: Network 3
5185,2025-07-17,23,56,49,143650,0.501292,02,750,0,0,Node 02: Network 3
5186,2025-07-17,23,56,49,693502,0.549852,03,1250,0,0,Node 03: Network 3
5187,2025-07-17,23,56,50,642155,0.948653,01,250,0,0,Node 01: Network 3
5188,2025-07-17,23,56,51,146274,0.504119,02,750,0,0,Node 02: Network 3
5189,2025-07-17,23,56,51,689675,0.543401,03,1250,0,0,Node 03: Network 3
5190,2025-07-17,23,56,52,643512,0.953837,01,250,0,0,Node 01: Network 3
5191,2025-07-17,23,56,53,234104,0.590592,02,750,0,0,Node 02: Network 3
5192,2025-07-17,23,56,53,692234,0.45813,03,1250,0,0,Node 03: Network 3
5193,2025-07-17,23,56,54,779094,1.08686,01,250,0,0,Node 01: Network 3
5194,2025-07-17,23,56,55,236068,0.456974,02,750,0,0,Node 02: Network 3
5195,2025-07-17,23,56,55,694054,0.457986,03,1250,0,0,Node 03: Network 3
5196,2025-07-17,23,56,56,779328,1.085274,01,250,0,0,Node 01: Network 3
5197,2025-07-17,23,56,57,238250,0.458922,02,750,0,0,Node 02: Network 3
5198,2025-07-17,23,56,57,696030,0.45778,03,1250,0,0,Node 03: Network 3
5199,2025-07-17,23,56,58,780257,1.084227,01,250,0,0,Node 01: Network 3
5200,2025-07-17,23,56,59,239894,0.459637,02,750,0,0,Node 02: Network 3
5201,2025-07-17,23,56,59,827314,0.58742,03,1250,0,0,Node 03: Network 3
5202,2025-07-17,23,57,00,299396,0.472082,BB,0,1,0,
5203,2025-07-17,23,57,02,304350,2.004954,BB,0,1,0,
5204,2025-07-17,23,57,02,356145,0.051795,02,1884,0,1,
5205,2025-07-17,23,57,02,404454,0.048309,03,1798,0,1,
5206,2025-07-17,23,57,02,417969,0.013515,01,1845,0,1,
5207,2025-07-17,23,57,02,618510,0.200541,01,250,0,0,Node 01: Network 3
5208,2025-07-17,23,57,03,121867,0.503357,02,750,0,0,Node 02: Network 3
5209,2025-07-17,23,57,03,621763,0.499896,03,1250,0,0,Node 03: Network 3
5210,2025-07-17,23,57,04,619753,0.99799,01,250,0,0,Node 01: Network 3
5211,2025-07-17,23,57,05,166495,0.546742,02,750,0,0,Node 02: Network 3
5212,2025-07-17,23,57,05,667209,0.500714,03,1250,0,0,Node 03: Network 3
5213,2025-07-17,23,57,06,621271,0.954062,01,250,0,0,Node 01: Network 3
5214,2025-07-17,23,57,07,169021,0.54775,02,750,0,0,Node 02: Network 3
5215,2025-07-17,23,57,07,669137,0.500116,03,1250,0,0,Node 03: Network 3
5216,2025-07-17,23,57,08,713193,1.044056,01,250,0,0,Node 01: Network 3
5217,2025-07-17,23,57,09,170030,0.456837,02,750,0,0,Node 02: Network 3
5218,2025-07-17,23,57,09,670985,0.500955,03,1250,0,0,Node 03: Network 3
5219,2025-07-17,23,57,10,713930,1.042945,01,250,0,0,Node 01: Network 3
5220,2025-07-17,23,57,11,172757,0.458827,02,750,0,0,Node 02: Network 3
5221,2025-07-17,23,57,11,673201,0.500444,03,1250,0,0,Node 03: Network 3
5222,2025-07-17,23,57,12,713420,1.040219,01,250,0,0,Node 01: Network 3
5223,2025-07-17,23,57,13,173515,0.460095,02,750,0,0,Node 02: Network 3
5224,2025-07-17,23,57,13,675065,0.50155,03,1250,0,0,Node 03: Network 3
5225,2025-07-17,23,57,14,714765,1.0397,01,250,0,0,Node 01: Network 3
5226,2025-07-17,23,57,15,175616,0.460851,02,750,0,0,Node 02: Network 3
5227,2025-07-17,23,57,15,677651,0.502035,03,1250,0,0,Node 03: Network 3
5228,2025-07-17,23,57,16,715418,1.037767,01,250,0,0,Node 01: Network 3
5229,2025-07-17,23,57,17,177135,0.461717,02,750,0,0,Node 02: Network 3
5230,2025-07-17,23,57,17,678739,0.501604,03,1250,0,0,Node 03: Network 3
5231,2025-07-17,23,57,18,715570,1.036831,01,250,0,0,Node 01: Network 3
5232,2025-07-17,23,57,19,180745,0.465175,02,750,0,0,Node 02: Network 3
5233,2025-07-17,23,57,19,681703,0.500958,03,1250,0,0,Node 03: Network 3
5234,2025-07-17,23,57,20,715954,1.034251,01,250,0,0,Node 01: Network 3
5235,2025-07-17,23,57,21,182449,0.466495,02,750,0,0,Node 02: Network 3
5236,2025-07-17,23,57,21,684790,0.502341,03,1250,0,0,Node 03: Network 3
5237,2025-07-17,23,57,22,716143,1.031353,01,250,0,0,Node 01: Network 3
5238,2025-07-17,23,57,23,184700,0.468557,02,750,0,0,Node 02: Network 3
5239,2025-07-17,23,57,23,686621,0.501921,03,1250,0,0,Node 03: Network 3
5240,2025-07-17,23,57,24,718117,1.031496,01,250,0,0,Node 01: Network 3
5241,2025-07-17,23,57,25,186153,0.468036,02,750,0,0,Node 02: Network 3
5242,2025-07-17,23,57,25,688914,0.502761,03,1250,0,0,Node 03: Network 3
5243,2025-07-17,23,57,26,719381,1.030467,01,250,0,0,Node 01: Network 3
5244,2025-07-17,23,57,27,187964,0.468583,02,750,0,0,Node 02: Network 3
5245,2025-07-17,23,57,27,690854,0.50289,03,1250,0,0,Node 03: Network 3
5246,2025-07-17,23,57,28,720919,1.030065,01,250,0,0,Node 01: Network 3
5247,2025-07-17,23,57,29,235260,0.514341,02,750,0,0,Node 02: Network 3
5248,2025-07-17,23,57,29,767257,0.531997,03,1250,0,0,Node 03: Network 3
5249,2025-07-17,23,57,30,720180,0.952923,01,250,0,0,Node 01: Network 3
5250,2025-07-17,23,57,31,236672,0.516492,02,750,0,0,Node 02: Network 3
5251,2025-07-17,23,57,31,769329,0.532657,03,1250,0,0,Node 03: Network 3
5252,2025-07-17,23,57,32,720161,0.950832,01,250,0,0,Node 01: Network 3
5253,2025-07-17,23,57,33,238989,0.518828,02,750,0,0,Node 02: Network 3
5254,2025-07-17,23,57,33,772351,0.533362,03,1250,0,0,Node 03: Network 3
5255,2025-07-17,23,57,34,721226,0.948875,01,250,0,0,Node 01: Network 3
5256,2025-07-17,23,57,35,241180,0.519954,02,751,0,0,Node 02: Network 3
5257,2025-07-17,23,57,35,773550,0.53237,03,1250,0,0,Node 03: Network 3
5258,2025-07-17,23,57,36,722095,0.948545,01,250,0,0,Node 01: Network 3
5259,2025-07-17,23,57,37,243203,0.521108,02,750,0,0,Node 02: Network 3
5260,2025-07-17,23,57,37,776480,0.533277,03,1250,0,0,Node 03: Network 3
5261,2025-07-17,23,57,38,722139,0.945659,01,250,0,0,Node 01: Network 3
5262,2025-07-17,23,57,39,244200,0.522061,02,750,0,0,Node 02: Network 3
5263,2025-07-17,23,57,39,777921,0.533721,03,1250,0,0,Node 03: Network 3
5264,2025-07-17,23,57,40,724394,0.946473,01,250,0,0,Node 01: Network 3
5265,2025-07-17,23,57,41,247317,0.522923,02,750,0,0,Node 02: Network 3
5266,2025-07-17,23,57,41,770908,0.523591,03,1250,0,0,Node 03: Network 3
5267,2025-07-17,23,57,42,724564,0.953656,01,250,0,0,Node 01: Network 3
5268,2025-07-17,23,57,43,248504,0.52394,02,750,0,0,Node 02: Network 3
5269,2025-07-17,23,57,43,795239,0.546735,03,1250,0,0,Node 03: Network 3
5270,2025-07-17,23,57,44,725410,0.930171,01,250,0,0,Node 01: Network 3
5271,2025-07-17,23,57,45,250935,0.525525,02,750,0,0,Node 02: Network 3
5272,2025-07-17,23,57,45,796698,0.545763,03,1250,0,0,Node 03: Network 3
5273,2025-07-17,23,57,46,725868,0.92917,01,250,0,0,Node 01: Network 3
5274,2025-07-17,23,57,47,253455,0.527587,02,750,0,0,Node 02: Network 3
5275,2025-07-17,23,57,47,773128,0.519673,03,1250,0,0,Node 03: Network 3
5276,2025-07-17,23,57,48,727147,0.954019,01,250,0,0,Node 01: Network 3
5277,2025-07-17,23,57,49,255346,0.528199,02,750,0,0,Node 02: Network 3
5278,2025-07-17,23,57,49,775467,0.520121,03,1250,0,0,Node 03: Network 3
5279,2025-07-17,23,57,50,798049,1.022582,01,250,0,0,Node 01: Network 3
5280,2025-07-17,23,57,51,319984,0.521935,02,750,0,0,Node 02: Network 3
5281,2025-07-17,23,57,51,845157,0.525173,03,1250,0,0,Node 03: Network 3
5282,2025-07-17,23,57,52,799377,0.95422,01,250,0,0,Node 01: Network 3
5283,2025-07-17,23,57,53,320895,0.521518,02,750,0,0,Node 02: Network 3
5284,2025-07-17,23,57,53,847548,0.526653,03,1251,0,0,Node 03: Network 3
5285,2025-07-17,23,57,54,800303,0.952755,01,250,0,0,Node 01: Network 3
5286,2025-07-17,23,57,55,323180,0.522877,02,750,0,0,Node 02: Network 3
5287,2025-07-17,23,57,55,850168,0.526988,03,1250,0,0,Node 03: Network 3
5288,2025-07-17,23,57,56,800760,0.950592,01,250,0,0,Node 01: Network 3
5289,2025-07-17,23,57,57,324939,0.524179,02,750,0,0,Node 02: Network 3
5290,2025-07-17,23,57,57,851739,0.5268,03,1250,0,0,Node 03: Network 3
5291,2025-07-17,23,57,58,800868,0.949129,01,250,0,0,Node 01: Network 3
5292,2025-07-17,23,57,59,328406,0.527538,02,750,0,0,Node 02: Network 3
5293,2025-07-17,23,57,59,590721,0.262315,BB,0,1,0,03:95:0:1
5294,2025-07-17,23,57,59,663316,0.072595,02,750,0,0,Node 02: Network 3
5295,2025-07-17,23,57,59,734214,0.070898,03,1251,0,0,Node 03: Network 3
5296,2025-07-17,23,57,59,795085,0.060871,02,758,0,0,Node 02: Network 3
5297,2025-07-17,23,57,59,857334,0.062249,03,1250,0,0,Node 03: Network 3
5298,2025-07-17,23,57,59,937224,0.07989,03,1250,0,0,Node 03: Network 3
5299,2025-07-17,23,57,59,980724,0.0435,01,250,0,0,Node 01: Network 3
5300,2025-07-17,23,58,00,025286,0.044562,02,750,0,0,Node 02: Network 3
5301,2025-07-17,23,58,00,117044,0.091758,03,1250,0,0,Node 03: Network 3
5302,2025-07-17,23,58,00,185433,0.068389,01,250,0,0,Node 01: Network 3
5303,2025-07-17,23,58,00,230831,0.045398,02,750,0,0,Node 02: Network 3
5304,2025-07-17,23,58,00,264912,0.034081,03,1250,0,0,Node 03: Network 3
5305,2025-07-17,23,58,00,328820,0.063908,03,1250,0,0,Node 03: Network 3
5306,2025-07-17,23,58,00,431648,0.102828,BB,0,1,0,
5307,2025-07-17,23,58,02,436001,2.004353,BB,0,1,0,
5308,2025-07-17,23,58,02,497235,0.061234,02,1980,0,1,
5309,2025-07-17,23,58,02,510913,0.013678,03,1550,0,1,
5310,2025-07-17,23,58,02,523941,0.013028,01,1552,0,1,
5311,2025-07-17,23,58,02,751209,0.227268,01,251,0,0,Node 01: Network 3
5312,2025-07-17,23,58,03,252325,0.501116,02,750,0,0,Node 02: Network 3
5313,2025-07-17,23,58,03,756262,0.503937,03,1250,0,0,Node 03: Network 3
5314,2025-07-17,23,58,04,796232,1.03997,01,250,0,0,Node 01: Network 3
5315,2025-07-17,23,58,05,300723,0.504491,02,750,0,0,Node 02: Network 3
5316,2025-07-17,23,58,05,758195,0.457472,03,1250,0,0,Node 03: Network 3
5317,2025-07-17,23,58,06,797001,1.038806,01,250,0,0,Node 01: Network 3
5318,2025-07-17,23,58,07,302106,0.505105,02,750,0,0,Node 02: Network 3
5319,2025-07-17,23,58,07,760579,0.458473,03,1250,0,0,Node 03: Network 3
5320,2025-07-17,23,58,08,798080,1.037501,01,250,0,0,Node 01: Network 3
5321,2025-07-17,23,58,09,304117,0.506037,02,750,0,0,Node 02: Network 3
5322,2025-07-17,23,58,09,761686,0.457569,03,1250,0,0,Node 03: Network 3
5323,2025-07-17,23,58,10,848944,1.087258,01,250,0,0,Node 01: Network 3
5324,2025-07-17,23,58,11,305382,0.456438,02,750,0,0,Node 02: Network 3
5325,2025-07-17,23,58,11,763560,0.458178,03,1250,0,0,Node 03: Network 3
5326,2025-07-17,23,58,12,849150,1.08559,01,250,0,0,Node 01: Network 3
5327,2025-07-17,23,58,13,308578,0.459428,02,750,0,0,Node 02: Network 3
5328,2025-07-17,23,58,13,765061,0.456483,03,1250,0,0,Node 03: Network 3
5329,2025-07-17,23,58,14,808574,1.043513,01,250,0,0,Node 01: Network 3
5330,2025-07-17,23,58,15,310127,0.501553,02,750,0,0,Node 02: Network 3
5331,2025-07-17,23,58,15,767721,0.457594,03,1250,0,0,Node 03: Network 3
5332,2025-07-17,23,58,16,808890,1.041169,01,250,0,0,Node 01: Network 3
5333,2025-07-17,23,58,17,312224,0.503334,02,750,0,0,Node 02: Network 3
5334,2025-07-17,23,58,17,857308,0.545084,03,1250,0,0,Node 03: Network 3
5335,2025-07-17,23,58,18,810261,0.952953,01,250,0,0,Node 01: Network 3
5336,2025-07-17,23,58,19,314157,0.503896,02,750,0,0,Node 02: Network 3
5337,2025-07-17,23,58,19,859393,0.545236,03,1250,0,0,Node 03: Network 3
5338,2025-07-17,23,58,20,810787,0.951394,01,250,0,0,Node 01: Network 3
5339,2025-07-17,23,58,21,316586,0.505799,02,750,0,0,Node 02: Network 3
5340,2025-07-17,23,58,21,862433,0.545847,03,1250,0,0,Node 03: Network 3
5341,2025-07-17,23,58,22,811850,0.949417,01,250,0,0,Node 01: Network 3
5342,2025-07-17,23,58,23,317503,0.505653,02,750,0,0,Node 02: Network 3
5343,2025-07-17,23,58,23,865402,0.547899,03,1250,0,0,Node 03: Network 3
5344,2025-07-17,23,58,24,813062,0.94766,01,250,0,0,Node 01: Network 3
5345,2025-07-17,23,58,25,408758,0.595696,02,750,0,0,Node 02: Network 3
5346,2025-07-17,23,58,25,867156,0.458398,03,1250,0,0,Node 03: Network 3
5347,2025-07-17,23,58,26,813056,0.9459,01,250,0,0,Node 01: Network 3
5348,2025-07-17,23,58,27,412015,0.598959,02,750,0,0,Node 02: Network 3
5349,2025-07-17,23,58,27,869437,0.457422,03,1250,0,0,Node 03: Network 3
5350,2025-07-17,23,58,28,813433,0.943996,01,250,0,0,Node 01: Network 3
5351,2025-07-17,23,58,29,413298,0.599865,02,750,0,0,Node 02: Network 3
5352,2025-07-17,23,58,29,871449,0.458151,03,1250,0,0,Node 03: Network 3
5353,2025-07-17,23,58,30,814918,0.943469,01,250,0,0,Node 01: Network 3
5354,2025-07-17,23,58,31,415233,0.600315,02,750,0,0,Node 02: Network 3
5355,2025-07-17,23,58,31,873189,0.457956,03,1250,0,0,Node 03: Network 3
5356,2025-07-17,23,58,32,814622,0.941433,01,250,0,0,Node 01: Network 3
5357,2025-07-17,23,58,33,416907,0.602285,02,750,0,0,Node 02: Network 3
5358,2025-07-17,23,58,33,874734,0.457827,03,1250,0,0,Node 03: Network 3
5359,2025-07-17,23,58,34,816267,0.941533,01,250,0,0,Node 01: Network 3
5360,2025-07-17,23,58,35,418913,0.602646,02,750,0,0,Node 02: Network 3
5361,2025-07-17,23,58,35,877042,0.458129,03,1250,0,0,Node 03: Network 3
5362,2025-07-17,23,58,36,921473,1.044431,01,250,0,0,Node 01: Network 3
5363,2025-07-17,23,58,37,421200,0.499727,02,750,0,0,Node 02: Network 3
5364,2025-07-17,23,58,37,879713,0.458513,03,1250,0,0,Node 03: Network 3
5365,2025-07-17,23,58,38,965424,1.085711,01,250,0,0,Node 01: Network 3
5366,2025-07-17,23,58,39,424801,0.459377,02,750,0,0,Node 02: Network 3
5367,2025-07-17,23,58,39,882575,0.457774,03,1250,0,0,Node 03: Network 3
5368,2025-07-17,23,58,40,966567,1.083992,01,250,0,0,Node 01: Network 3
5369,2025-07-17,23,58,41,426378,0.459811,02,750,0,0,Node 02: Network 3
5370,2025-07-17,23,58,42,971046,1.544668,01,250,0,0,Node 01: Network 3
5371,2025-07-17,23,58,43,428702,0.457656,02,750,0,0,Node 02: Network 3
5372,2025-07-17,23,58,43,974728,0.546026,03,1250,0,0,Node 03: Network 3
5373,2025-07-17,23,58,44,970960,0.996232,01,250,0,0,Node 01: Network 3
5374,2025-07-17,23,58,45,429990,0.45903,02,750,0,0,Node 02: Network 3
5375,2025-07-17,23,58,45,977074,0.547084,03,1250,0,0,Node 03: Network 3
5376,2025-07-17,23,58,46,972337,0.995263,01,250,0,0,Node 01: Network 3
5377,2025-07-17,23,58,47,431731,0.459394,02,750,0,0,Node 02: Network 3
5378,2025-07-17,23,58,47,978587,0.546856,03,1250,0,0,Node 03: Network 3
5379,2025-07-17,23,58,48,973850,0.995263,01,250,0,0,Node 01: Network 3
5380,2025-07-17,23,58,49,524044,0.550194,02,750,0,0,Node 02: Network 3
5381,2025-07-17,23,58,49,979592,0.455548,03,1250,0,0,Node 03: Network 3
5382,2025-07-17,23,58,51,068485,1.088893,01,251,0,0,Node 01: Network 3
5383,2025-07-17,23,58,51,524477,0.455992,02,750,0,0,Node 02: Network 3
5384,2025-07-17,23,58,51,982427,0.45795,03,1250,0,0,Node 03: Network 3
5385,2025-07-17,23,58,52,545463,0.563036,BB,0,1,0,
5386,2025-07-17,23,58,54,548135,2.002672,BB,0,1,0,
5387,2025-07-17,23,58,54,599149,0.051014,03,1887,0,1,
5388,2025-07-17,23,58,54,612457,0.013308,01,1803,0,1,
5389,2025-07-17,23,58,54,663436,0.050979,02,1844,0,1,
5390,2025-07-17,23,58,54,865739,0.202303,01,250,0,0,Node 01: Network 3
5391,2025-07-17,23,58,55,409682,0.543943,02,750,0,0,Node 02: Network 3
5392,2025-07-17,23,58,55,911570,0.501888,03,1250,0,0,Node 03: Network 3
5393,2025-07-17,23,58,56,866909,0.955339,01,250,0,0,Node 01: Network 3
5394,2025-07-17,23,58,57,412484,0.545575,02,750,0,0,Node 02: Network 3
5395,2025-07-17,23,58,57,915408,0.502924,03,1250,0,0,Node 03: Network 3
5396,2025-07-17,23,58,58,866458,0.95105,01,250,0,0,Node 01: Network 3
5397,2025-07-17,23,58,59,460244,0.593786,02,750,0,0,Node 02: Network 3
5398,2025-07-17,23,58,59,916455,0.456211,03,1250,0,0,Node 03: Network 3
5399,2025-07-17,23,59,01,005132,1.088677,01,250,0,0,Node 01: Network 3
5400,2025-07-17,23,59,01,461974,0.456842,02,750,0,0,Node 02: Network 3
5401,2025-07-17,23,59,03,005108,1.543134,01,250,0,0,Node 01: Network 3
5402,2025-07-17,23,59,03,464392,0.459284,02,750,0,0,Node 02: Network 3
5403,2025-07-17,23,59,04,052878,0.588486,03,1250,0,0,Node 03: Network 3
5404,2025-07-17,23,59,05,006322,0.953444,01,250,0,0,Node 01: Network 3
5405,2025-07-17,23,59,05,465145,0.458823,02,750,0,0,Node 02: Network 3
5406,2025-07-17,23,59,06,055132,0.589987,03,1250,0,0,Node 03: Network 3
5407,2025-07-17,23,59,07,006216,0.951084,01,250,0,0,Node 01: Network 3
5408,2025-07-17,23,59,07,468064,0.461848,02,750,0,0,Node 02: Network 3
5409,2025-07-17,23,59,08,057364,0.5893,03,1250,0,0,Node 03: Network 3
5410,2025-07-17,23,59,09,006391,0.949027,01,250,0,0,Node 01: Network 3
5411,2025-07-17,23,59,09,469255,0.462864,02,750,0,0,Node 02: Network 3
5412,2025-07-17,23,59,10,059453,0.590198,03,1250,0,0,Node 03: Network 3
5413,2025-07-17,23,59,11,007335,0.947882,01,250,0,0,Node 01: Network 3
5414,2025-07-17,23,59,11,470716,0.463381,02,750,0,0,Node 02: Network 3
5415,2025-07-17,23,59,12,061699,0.590983,03,1250,0,0,Node 03: Network 3
5416,2025-07-17,23,59,13,014656,0.952957,01,250,0,0,Node 01: Network 3
5417,2025-07-17,23,59,13,473044,0.458388,02,750,0,0,Node 02: Network 3
5418,2025-07-17,23,59,14,063247,0.590203,03,1250,0,0,Node 03: Network 3
5419,2025-07-17,23,59,15,015549,0.952302,01,250,0,0,Node 01: Network 3
5420,2025-07-17,23,59,15,476487,0.460938,02,750,0,0,Node 02: Network 3
5421,2025-07-17,23,59,16,063138,0.586651,03,1250,0,0,Node 03: Network 3
5422,2025-07-17,23,59,17,017539,0.954401,01,250,0,0,Node 01: Network 3
5423,2025-07-17,23,59,17,477343,0.459804,02,750,0,0,Node 02: Network 3
5424,2025-07-17,23,59,18,065047,0.587704,03,1250,0,0,Node 03: Network 3
5425,2025-07-17,23,59,19,018189,0.953142,01,250,0,0,Node 01: Network 3
5426,2025-07-17,23,59,19,479564,0.461375,02,750,0,0,Node 02: Network 3
5427,2025-07-17,23,59,20,066911,0.587347,03,1250,0,0,Node 03: Network 3
5428,2025-07-17,23,59,21,017921,0.95101,01,250,0,0,Node 01: Network 3
5429,2025-07-17,23,59,21,481725,0.463804,02,750,0,0,Node 02: Network 3
5430,2025-07-17,23,59,22,064265,0.58254,03,1250,0,0,Node 03: Network 3
5431,2025-07-17,23,59,23,026561,0.962296,01,250,0,0,Node 01: Network 3
5432,2025-07-17,23,59,24,066221,1.03966,03,1250,0,0,Node 03: Network 3
5433,2025-07-17,23,59,25,027312,0.961091,01,250,0,0,Node 01: Network 3
5434,2025-07-17,23,59,25,610879,0.583567,02,750,0,0,Node 02: Network 3
5435,2025-07-17,23,59,26,067930,0.457051,03,1250,0,0,Node 03: Network 3
5436,2025-07-17,23,59,27,027891,0.959961,01,250,0,0,Node 01: Network 3
5437,2025-07-17,23,59,27,612873,0.584982,02,750,0,0,Node 02: Network 3
5438,2025-07-17,23,59,28,071121,0.458248,03,1250,0,0,Node 03: Network 3
5439,2025-07-17,23,59,29,027974,0.956853,01,250,0,0,Node 01: Network 3
5440,2025-07-17,23,59,29,616139,0.588165,02,750,0,0,Node 02: Network 3
5441,2025-07-17,23,59,30,073253,0.457114,03,1250,0,0,Node 03: Network 3
5442,2025-07-17,23,59,31,028129,0.954876,01,250,0,0,Node 01: Network 3
5443,2025-07-17,23,59,31,617453,0.589324,02,750,0,0,Node 02: Network 3
5444,2025-07-17,23,59,32,075714,0.458261,03,1250,0,0,Node 03: Network 3
5445,2025-07-17,23,59,33,161647,1.085933,01,250,0,0,Node 01: Network 3
5446,2025-07-17,23,59,33,619999,0.458352,02,750,0,0,Node 02: Network 3
5447,2025-07-17,23,59,34,077339,0.45734,03,1250,0,0,Node 03: Network 3
5448,2025-07-17,23,59,34,636210,0.558871,BB,0,1,0,
5449,2025-07-17,23,59,36,640614,2.004404,BB,0,1,0,
5450,2025-07-17,23,59,36,690651,0.050037,02,1841,0,1,
5451,2025-07-17,23,59,36,728014,0.037363,03,1886,0,1,
5452,2025-07-17,23,59,36,742227,0.014213,01,1800,0,1,
5453,2025-07-17,23,59,36,956683,0.214456,01,250,0,0,Node 01: Network 3
5454,2025-07-17,23,59,37,528870,0.572187,02,750,0,0,Node 02: Network 3
5455,2025-07-17,23,59,37,960211,0.431341,03,1250,0,0,Node 03: Network 3
5456,2025-07-17,23,59,38,956770,0.996559,01,250,0,0,Node 01: Network 3
5457,2025-07-17,23,59,39,502292,0.545522,02,750,0,0,Node 02: Network 3
5458,2025-07-17,23,59,39,963225,0.460933,03,1250,0,0,Node 03: Network 3
5459,2025-07-17,23,59,40,957913,0.994688,01,250,0,0,Node 01: Network 3
5460,2025-07-17,23,59,41,503966,0.546053,02,750,0,0,Node 02: Network 3
5461,2025-07-17,23,59,42,004760,0.500794,03,1250,0,0,Node 03: Network 3
5462,2025-07-17,23,59,42,958065,0.953305,01,250,0,0,Node 01: Network 3
5463,2025-07-17,23,59,43,548624,0.590559,02,750,0,0,Node 02: Network 3
5464,2025-07-17,23,59,44,094616,0.545992,03,1250,0,0,Node 03: Network 3
5465,2025-07-17,23,59,44,959540,0.864924,01,250,0,0,Node 01: Network 3
5466,2025-07-17,23,59,45,638062,0.678522,02,750,0,0,Node 02: Network 3
5467,2025-07-17,23,59,46,096351,0.458289,03,1250,0,0,Node 03: Network 3
5468,2025-07-17,23,59,46,959533,0.863182,01,250,0,0,Node 01: Network 3
5469,2025-07-17,23,59,47,641225,0.681692,02,751,0,0,Node 02: Network 3
5470,2025-07-17,23,59,48,099937,0.458712,03,1250,0,0,Node 03: Network 3
5471,2025-07-17,23,59,48,960788,0.860851,01,250,0,0,Node 01: Network 3
5472,2025-07-17,23,59,49,504793,0.544005,02,750,0,0,Node 02: Network 3
5473,2025-07-17,23,59,50,102069,0.597276,03,1250,0,0,Node 03: Network 3
5474,2025-07-17,23,59,50,961730,0.859661,01,250,0,0,Node 01: Network 3
5475,2025-07-17,23,59,51,505621,0.543891,02,750,0,0,Node 02: Network 3
5476,2025-07-17,23,59,52,104461,0.59884,03,1250,0,0,Node 03: Network 3
5477,2025-07-17,23,59,52,961976,0.857515,01,250,0,0,Node 01: Network 3
5478,2025-07-17,23,59,53,508482,0.546506,02,750,0,0,Node 02: Network 3
5479,2025-07-17,23,59,54,008789,0.500307,03,1250,0,0,Node 03: Network 3
5480,2025-07-17,23,59,54,962677,0.953888,01,250,0,0,Node 01: Network 3
5481,2025-07-17,23,59,55,509725,0.547048,02,750,0,0,Node 02: Network 3
5482,2025-07-17,23,59,56,009419,0.499694,03,1250,0,0,Node 03: Network 3
5483,2025-07-17,23,59,56,964035,0.954616,01,250,0,0,Node 01: Network 3
5484,2025-07-17,23,59,57,512360,0.548325,02,750,0,0,Node 02: Network 3
5485,2025-07-17,23,59,58,011463,0.499103,03,1250,0,0,Node 03: Network 3
5486,2025-07-17,23,59,58,964737,0.953274,01,250,0,0,Node 01: Network 3
5487,2025-07-17,23,59,59,513577,0.54884,02,750,0,0,Node 02: Network 3
5488,2025-07-18,00,00,00,012997,0.49942,03,1250,0,0,Node 03: Network 3
5489,2025-07-18,00,00,00,964973,0.951976,01,250,0,0,Node 01: Network 3
5490,2025-07-18,00,00,01,523131,0.558158,02,750,0,0,Node 02: Network 3
5491,2025-07-18,00,00,02,014911,0.49178,03,1250,0,0,Node 03: Network 3
5492,2025-07-18,00,00,02,966398,0.951487,01,250,0,0,Node 01: Network 3
5493,2025-07-18,00,00,03,518406,0.552008,02,750,0,0,Node 02: Network 3
5494,2025-07-18,00,00,04,016511,0.498105,03,1250,0,0,Node 03: Network 3
5495,2025-07-18,00,00,04,966943,0.950432,01,250,0,0,Node 01: Network 3
5496,2025-07-18,00,00,05,520810,0.553867,02,750,0,0,Node 02: Network 3
5497,2025-07-18,00,00,06,018451,0.497641,03,1250,0,0,Node 03: Network 3
5498,2025-07-18,00,00,06,966828,0.948377,01,250,0,0,Node 01: Network 3
5499,2025-07-18,00,00,07,390203,0.423375,BB,0,1,0,
5500,2025-07-18,00,00,07,469591,0.079388,BB,0,1,0,03:1550:0:1
5501,2025-07-18,00,00,07,507549,0.037958,02,1980,0,1,1552:0:1
5502,2025-07-18,00,00,07,533260,0.025711,02,730,0,1,
5503,2025-07-18,00,00,07,599199,0.065939,03,775,0,1,
5504,2025-07-18,00,00,07,612283,0.013084,01,825,0,1,
5505,2025-07-18,00,00,07,644860,0.032577,01,250,0,0,Node 01: Network 3
5506,2025-07-18,00,00,07,738338,0.093478,02,751,0,0,Node 02: Network 3
5507,2025-07-18,00,00,07,779527,0.041189,03,1250,0,0,Node 03: Network 3
5508,2025-07-18,00,00,07,888970,0.109443,01,250,0,0,Node 01: Network 3
5509,2025-07-18,00,00,07,958638,0.069668,01,251,0,0,Node 01: Network 3
5510,2025-07-18,00,00,08,026262,0.067624,02,750,0,0,Node 02: Network 3
5511,2025-07-18,00,00,08,171188,0.144926,03,1250,0,0,Node 03: Network 3
5512,2025-07-18,00,00,08,205034,0.033846,01,250,0,0,Node 01: Network 3
5513,2025-07-18,00,00,08,238072,0.033038,02,750,0,0,Node 02: Network 3
5514,2025-07-18,00,00,08,313347,0.075275,03,1250,0,0,Node 03: Network 3
5515,2025-07-18,00,00,08,362589,0.049242,01,250,0,0,Node 01: Network 3
5516,2025-07-18,00,00,08,395118,0.032529,02,755,0,0,Node 02: Network 3
5517,2025-07-18,00,00,08,430177,0.035059,02,750,0,0,Node 02: Network 3
5518,2025-07-18,00,00,08,711680,0.281503,BB,0,1,0,
5519,2025-07-18,00,00,08,789340,0.07766,03,1250,0,0,Node 03: Network 3
5520,2025-07-18,00,00,09,833220,1.04388,01,250,0,0,Node 01: Network 3
5521,2025-07-18,00,00,10,334520,0.5013,02,750,0,0,Node 02: Network 3
5522,2025-07-18,00,00,10,714798,0.380278,BB,0,1,0,
5523,2025-07-18,00,00,12,719891,2.005093,BB,0,1,0,
5524,2025-07-18,00,00,12,777766,0.057875,02,1205,0,1,
5525,2025-07-18,00,00,12,796589,0.018823,01,1209,0,1,
5526,2025-07-18,00,00,12,828148,0.031559,03,1163,0,1,
5527,2025-07-18,00,00,13,034923,0.206775,01,250,0,0,Node 01: Network 3
5528,2025-07-18,00,00,13,535098,0.500175,02,750,0,0,Node 02: Network 3
5529,2025-07-18,00,00,14,038033,0.502935,03,1250,0,0,Node 03: Network 3
5530,2025-07-18,00,00,15,035881,0.997848,01,250,0,0,Node 01: Network 3
5531,2025-07-18,00,00,15,536254,0.500373,02,750,0,0,Node 02: Network 3
5532,2025-07-18,00,00,16,039862,0.503608,03,1250,0,0,Node 03: Network 3
5533,2025-07-18,00,00,17,036010,0.996148,01,250,0,0,Node 01: Network 3
5534,2025-07-18,00,00,17,539346,0.503336,02,750,0,0,Node 02: Network 3
5535,2025-07-18,00,00,18,043392,0.504046,03,1250,0,0,Node 03: Network 3
5536,2025-07-18,00,00,19,082146,1.038754,01,250,0,0,Node 01: Network 3
5537,2025-07-18,00,00,19,541579,0.459433,02,750,0,0,Node 02: Network 3
5538,2025-07-18,00,00,20,045459,0.50388,03,1250,0,0,Node 03: Network 3
5539,2025-07-18,00,00,21,083529,1.03807,01,251,0,0,Node 01: Network 3
5540,2025-07-18,00,00,21,544039,0.46051,02,750,0,0,Node 02: Network 3
5541,2025-07-18,00,00,22,046952,0.502913,03,1250,0,0,Node 03: Network 3
5542,2025-07-18,00,00,23,084065,1.037113,01,250,0,0,Node 01: Network 3
5543,2025-07-18,00,00,23,590980,0.506915,02,750,0,0,Node 02: Network 3
5544,2025-07-18,00,00,24,049328,0.458348,03,1250,0,0,Node 03: Network 3
5545,2025-07-18,00,00,25,085131,1.035803,01,250,0,0,Node 01: Network 3
5546,2025-07-18,00,00,25,593882,0.508751,02,750,0,0,Node 02: Network 3
5547,2025-07-18,00,00,26,051004,0.457122,03,1250,0,0,Node 03: Network 3
5548,2025-07-18,00,00,27,137303,1.086299,01,250,0,0,Node 01: Network 3
5549,2025-07-18,00,00,27,596213,0.45891,02,750,0,0,Node 02: Network 3
5550,2025-07-18,00,00,28,053887,0.457674,03,1250,0,0,Node 03: Network 3
5551,2025-07-18,00,00,29,140167,1.08628,01,250,0,0,Node 01: Network 3
5552,2025-07-18,00,00,29,597345,0.457178,02,750,0,0,Node 02: Network 3
5553,2025-07-18,00,00,30,054991,0.457646,03,1250,0,0,Node 03: Network 3
5554,2025-07-18,00,00,31,140654,1.085663,01,250,0,0,Node 01: Network 3
5555,2025-07-18,00,00,31,599044,0.45839,02,750,0,0,Node 02: Network 3
5556,2025-07-18,00,00,32,057402,0.458358,03,1250,0,0,Node 03: Network 3
5557,2025-07-18,00,00,33,141059,1.083657,01,250,0,0,Node 01: Network 3
5558,2025-07-18,00,00,33,600819,0.45976,02,750,0,0,Node 02: Network 3
5559,2025-07-18,00,00,34,060758,0.459939,03,1250,0,0,Node 03: Network 3
5560,2025-07-18,00,00,35,141850,1.081092,01,250,0,0,Node 01: Network 3
5561,2025-07-18,00,00,35,603028,0.461178,02,750,0,0,Node 02: Network 3
5562,2025-07-18,00,00,36,189912,0.586884,03,1250,0,0,Node 03: Network 3
5563,2025-07-18,00,00,37,142971,0.953059,01,250,0,0,Node 01: Network 3
5564,2025-07-18,00,00,37,605368,0.462397,02,750,0,0,Node 02: Network 3
5565,2025-07-18,00,00,38,191371,0.586003,03,1250,0,0,Node 03: Network 3
5566,2025-07-18,00,00,39,143681,0.95231,01,250,0,0,Node 01: Network 3
5567,2025-07-18,00,00,39,687677,0.543996,02,750,0,0,Node 02: Network 3
5568,2025-07-18,00,00,40,193078,0.505401,03,1250,0,0,Node 03: Network 3
5569,2025-07-18,00,00,41,143995,0.950917,01,250,0,0,Node 01: Network 3
5570,2025-07-18,00,00,41,689510,0.545515,02,750,0,0,Node 02: Network 3
5571,2025-07-18,00,00,42,195888,0.506378,03,1250,0,0,Node 03: Network 3
5572,2025-07-18,00,00,43,145745,0.949857,01,250,0,0,Node 01: Network 3
5573,2025-07-18,00,00,43,691800,0.546055,02,750,0,0,Node 02: Network 3
5574,2025-07-18,00,00,44,190432,0.498632,03,1250,0,0,Node 03: Network 3
5575,2025-07-18,00,00,45,145794,0.955362,01,250,0,0,Node 01: Network 3
5576,2025-07-18,00,00,45,693291,0.547497,02,750,0,0,Node 02: Network 3
5577,2025-07-18,00,00,46,193198,0.499907,03,1250,0,0,Node 03: Network 3
5578,2025-07-18,00,00,47,237638,1.04444,01,250,0,0,Node 01: Network 3
5579,2025-07-18,00,00,47,694772,0.457134,02,750,0,0,Node 02: Network 3
5580,2025-07-18,00,00,48,242561,0.547789,03,1250,0,0,Node 03: Network 3
5581,2025-07-18,00,00,49,238117,0.995556,01,250,0,0,Node 01: Network 3
5582,2025-07-18,00,00,49,697154,0.459037,02,750,0,0,Node 02: Network 3
5583,2025-07-18,00,00,50,244850,0.547696,03,1250,0,0,Node 03: Network 3
5584,2025-07-18,00,00,51,241178,0.996328,01,250,0,0,Node 01: Network 3
5585,2025-07-18,00,00,51,699949,0.458771,02,750,0,0,Node 02: Network 3
5586,2025-07-18,00,00,52,247241,0.547292,03,1250,0,0,Node 03: Network 3
5587,2025-07-18,00,00,53,241380,0.994139,01,250,0,0,Node 01: Network 3
5588,2025-07-18,00,00,53,701610,0.46023,02,750,0,0,Node 02: Network 3
5589,2025-07-18,00,00,54,247880,0.54627,03,1250,0,0,Node 03: Network 3
5590,2025-07-18,00,00,55,242167,0.994287,01,250,0,0,Node 01: Network 3
5591,2025-07-18,00,00,55,793084,0.550917,02,750,0,0,Node 02: Network 3
5592,2025-07-18,00,00,56,251020,0.457936,03,1250,0,0,Node 03: Network 3
5593,2025-07-18,00,00,57,243160,0.99214,01,250,0,0,Node 01: Network 3
5594,2025-07-18,00,00,57,794559,0.551399,02,750,0,0,Node 02: Network 3
5595,2025-07-18,00,00,58,252496,0.457937,03,1250,0,0,Node 03: Network 3
5596,2025-07-18,00,00,59,244002,0.991506,01,250,0,0,Node 01: Network 3
5597,2025-07-18,00,00,59,797137,0.553135,02,750,0,0,Node 02: Network 3
5598,2025-07-18,00,01,00,255005,0.457868,03,1250,0,0,Node 03: Network 3
5599,2025-07-18,00,01,01,245610,0.990605,01,250,0,0,Node 01: Network 3
5600,2025-07-18,00,01,01,799389,0.553779,02,750,0,0,Node 02: Network 3
5601,2025-07-18,00,01,02,292131,0.492742,03,1250,0,0,Node 03: Network 3
5602,2025-07-18,00,01,03,245885,0.953754,01,250,0,0,Node 01: Network 3
5603,2025-07-18,00,01,03,801206,0.555321,02,750,0,0,Node 02: Network 3
5604,2025-07-18,00,01,04,294798,0.493592,03,1250,0,0,Node 03: Network 3
5605,2025-07-18,00,01,05,245601,0.950803,01,250,0,0,Node 01: Network 3
5606,2025-07-18,00,01,05,839179,0.593578,02,750,0,0,Node 02: Network 3
5607,2025-07-18,00,01,06,296787,0.457608,03,1250,0,0,Node 03: Network 3
5608,2025-07-18,00,01,06,838508,0.541721,BB,0,1,0,
5609,2025-07-18,00,01,06,916785,0.078277,03,441,0,1,
5610,2025-07-18,00,01,08,156612,1.239827,03,1250,0,0,Node 03: Network 3
5611,2025-07-18,00,01,09,198390,1.041778,01,250,0,0,Node 01: Network 3
5612,2025-07-18,00,01,09,701535,0.503145,02,750,0,0,Node 02: Network 3
5613,2025-07-18,00,01,10,159234,0.457699,03,1250,0,0,Node 03: Network 3
5614,2025-07-18,00,01,11,199597,1.040363,01,250,0,0,Node 01: Network 3
5615,2025-07-18,00,01,11,703146,0.503549,02,750,0,0,Node 02: Network 3
5616,2025-07-18,00,01,12,246328,0.543182,03,1250,0,0,Node 03: Network 3
5617,2025-07-18,00,01,13,200417,0.954089,01,250,0,0,Node 01: Network 3
5618,2025-07-18,00,01,13,704731,0.504314,02,750,0,0,Node 02: Network 3
5619,2025-07-18,00,01,14,248531,0.5438,03,1250,0,0,Node 03: Network 3
5620,2025-07-18,00,01,15,201874,0.953343,01,250,0,0,Node 01: Network 3
5621,2025-07-18,00,01,15,707224,0.50535,02,750,0,0,Node 02: Network 3
5622,2025-07-18,00,01,16,250998,0.543774,03,1250,0,0,Node 03: Network 3
5623,2025-07-18,00,01,17,202833,0.951835,01,250,0,0,Node 01: Network 3
5624,2025-07-18,00,01,17,709598,0.506765,02,750,0,0,Node 02: Network 3
5625,2025-07-18,00,01,18,252950,0.543352,03,1250,0,0,Node 03: Network 3
5626,2025-07-18,00,01,19,203265,0.950315,01,250,0,0,Node 01: Network 3
5627,2025-07-18,00,01,19,711256,0.507991,02,750,0,0,Node 02: Network 3
5628,2025-07-18,00,01,20,255464,0.544208,03,1250,0,0,Node 03: Network 3
5629,2025-07-18,00,01,21,203819,0.948355,01,250,0,0,Node 01: Network 3
5630,2025-07-18,00,01,21,713514,0.509695,02,750,0,0,Node 02: Network 3
5631,2025-07-18,00,01,22,256816,0.543302,03,1250,0,0,Node 03: Network 3
5632,2025-07-18,00,01,23,204714,0.947898,01,250,0,0,Node 01: Network 3
5633,2025-07-18,00,01,23,714573,0.509859,02,750,0,0,Node 02: Network 3
5634,2025-07-18,00,01,24,250991,0.536418,03,1250,0,0,Node 03: Network 3
5635,2025-07-18,00,01,25,259767,1.008776,01,250,0,0,Node 01: Network 3
5636,2025-07-18,00,01,25,795447,0.53568,02,750,0,0,Node 02: Network 3
5637,2025-07-18,00,01,26,253553,0.458106,03,1250,0,0,Node 03: Network 3
5638,2025-07-18,00,01,27,340111,1.086558,01,250,0,0,Node 01: Network 3
5639,2025-07-18,00,01,27,797273,0.457162,02,750,0,0,Node 02: Network 3
5640,2025-07-18,00,01,28,254463,0.45719,03,1250,0,0,Node 03: Network 3
5641,2025-07-18,00,01,29,341999,1.087536,01,250,0,0,Node 01: Network 3
5642,2025-07-18,00,01,30,389627,1.047628,03,1250,0,0,Node 03: Network 3
5643,2025-07-18,00,01,31,432666,1.043039,01,250,0,0,Node 01: Network 3
5644,2025-07-18,00,01,31,934965,0.502299,02,750,0,0,Node 02: Network 3
5645,2025-07-18,00,01,32,392051,0.457086,03,1250,0,0,Node 03: Network 3
5646,2025-07-18,00,01,32,894141,0.50209,BB,0,1,0,
5647,2025-07-18,00,01,34,899045,2.004904,BB,0,1,0,
5648,2025-07-18,00,01,34,945122,0.046077,03,1830,0,1,
5649,2025-07-18,00,01,34,978405,0.033283,01,1788,0,1,
5650,2025-07-18,00,01,34,994047,0.015642,02,1786,0,1,
5651,2025-07-18,00,01,35,214506,0.220459,01,250,0,0,Node 01: Network 3
5652,2025-07-18,00,01,35,715240,0.500734,02,750,0,0,Node 02: Network 3
5653,2025-07-18,00,01,36,217070,0.50183,03,1250,0,0,Node 03: Network 3
5654,2025-07-18,00,01,37,215089,0.998019,01,250,0,0,Node 01: Network 3
5655,2025-07-18,00,01,37,716330,0.501241,02,750,0,0,Node 02: Network 3
5656,2025-07-18,00,01,38,219715,0.503385,03,1250,0,0,Node 03: Network 3
5657,2025-07-18,00,01,39,215962,0.996247,01,250,0,0,Node 01: Network 3
5658,2025-07-18,00,01,39,718823,0.502861,02,750,0,0,Node 02: Network 3
5659,2025-07-18,00,01,40,262520,0.543697,03,1250,0,0,Node 03: Network 3
5660,2025-07-18,00,01,41,216553,0.954033,01,250,0,0,Node 01: Network 3
5661,2025-07-18,00,01,41,720904,0.504351,02,750,0,0,Node 02: Network 3
5662,2025-07-18,00,01,42,263908,0.543004,03,1250,0,0,Node 03: Network 3
5663,2025-07-18,00,01,43,217328,0.95342,01,250,0,0,Node 01: Network 3
5664,2025-07-18,00,01,43,724181,0.506853,02,750,0,0,Node 02: Network 3
5665,2025-07-18,00,01,44,267194,0.543013,03,1250,0,0,Node 03: Network 3
5666,2025-07-18,00,01,45,309225,1.042031,01,250,0,0,Node 01: Network 3
5667,2025-07-18,00,01,45,725181,0.415956,02,750,0,0,Node 02: Network 3
5668,2025-07-18,00,01,46,357151,0.63197,03,1250,0,0,Node 03: Network 3
5669,2025-07-18,00,01,47,310102,0.952951,01,250,0,0,Node 01: Network 3
5670,2025-07-18,00,01,47,727713,0.417611,02,750,0,0,Node 02: Network 3
5671,2025-07-18,00,01,48,273864,0.546151,03,1250,0,0,Node 03: Network 3
5672,2025-07-18,00,01,49,273049,0.999185,01,250,0,0,Node 01: Network 3
5673,2025-07-18,00,01,49,730097,0.457048,02,750,0,0,Node 02: Network 3
5674,2025-07-18,00,01,50,275251,0.545154,03,1250,0,0,Node 03: Network 3
5675,2025-07-18,00,01,51,273094,0.997843,01,250,0,0,Node 01: Network 3
5676,2025-07-18,00,01,51,731203,0.458109,02,750,0,0,Node 02: Network 3
5677,2025-07-18,00,01,52,319925,0.588722,03,1250,0,0,Node 03: Network 3
5678,2025-07-18,00,01,53,276355,0.95643,01,251,0,0,Node 01: Network 3
5679,2025-07-18,00,01,53,733725,0.45737,02,750,0,0,Node 02: Network 3
5680,2025-07-18,00,01,54,321733,0.588008,03,1250,0,0,Node 03: Network 3
5681,2025-07-18,00,01,55,277072,0.955339,01,250,0,0,Node 01: Network 3
5682,2025-07-18,00,01,55,735361,0.458289,02,750,0,0,Node 02: Network 3
5683,2025-07-18,00,01,56,325397,0.590036,03,1250,0,0,Node 03: Network 3
5684,2025-07-18,00,01,57,279446,0.954049,01,250,0,0,Node 01: Network 3
5685,2025-07-18,00,01,57,737070,0.457624,02,750,0,0,Node 02: Network 3
5686,2025-07-18,00,01,58,327064,0.589994,03,1250,0,0,Node 03: Network 3
5687,2025-07-18,00,01,59,281926,0.954862,01,250,0,0,Node 01: Network 3
5688,2025-07-18,00,01,59,740078,0.458152,02,750,0,0,Node 02: Network 3
5689,2025-07-18,00,02,00,328749,0.588671,03,1250,0,0,Node 03: Network 3
5690,2025-07-18,00,02,01,282707,0.953958,01,250,0,0,Node 01: Network 3
5691,2025-07-18,00,02,01,741826,0.459119,02,750,0,0,Node 02: Network 3
5692,2025-07-18,00,02,02,331563,0.589737,03,1250,0,0,Node 03: Network 3
5693,2025-07-18,00,02,03,283395,0.951832,01,250,0,0,Node 01: Network 3
5694,2025-07-18,00,02,03,743545,0.46015,02,750,0,0,Node 02: Network 3
5695,2025-07-18,00,02,04,333632,0.590087,03,1250,0,0,Node 03: Network 3
5696,2025-07-18,00,02,05,284437,0.950805,01,250,0,0,Node 01: Network 3
5697,2025-07-18,00,02,05,748379,0.463942,02,750,0,0,Node 02: Network 3
5698,2025-07-18,00,02,06,334721,0.586342,03,1250,0,0,Node 03: Network 3
5699,2025-07-18,00,02,07,283708,0.948987,01,250,0,0,Node 01: Network 3
5700,2025-07-18,00,02,07,747924,0.464216,02,750,0,0,Node 02: Network 3
5701,2025-07-18,00,02,08,337452,0.589528,03,1250,0,0,Node 03: Network 3
5702,2025-07-18,00,02,09,283909,0.946457,01,250,0,0,Node 01: Network 3
5703,2025-07-18,00,02,09,748657,0.464748,02,750,0,0,Node 02: Network 3
5704,2025-07-18,00,02,10,339658,0.591001,03,1250,0,0,Node 03: Network 3
5705,2025-07-18,00,02,11,293383,0.953725,01,250,0,0,Node 01: Network 3
5706,2025-07-18,00,02,11,751508,0.458125,02,750,0,0,Node 02: Network 3
5707,2025-07-18,00,02,12,343031,0.591523,03,1250,0,0,Node 03: Network 3
5708,2025-07-18,00,02,13,293894,0.950863,01,251,0,0,Node 01: Network 3
5709,2025-07-18,00,02,13,753066,0.459172,02,750,0,0,Node 02: Network 3
5710,2025-07-18,00,02,14,343524,0.590458,03,1250,0,0,Node 03: Network 3
5711,2025-07-18,00,02,15,294347,0.950823,01,250,0,0,Node 01: Network 3
5712,2025-07-18,00,02,15,755444,0.461097,02,750,0,0,Node 02: Network 3
5713,2025-07-18,00,02,16,196060,0.440616,BB,0,1,0,03:1250:0:0:Node 03: Network 3
5714,2025-07-18,00,02,16,235263,0.039203,BB,0,1,0,
5715,2025-07-18,00,02,16,249466,0.014203,02,1686,0,1,
5716,2025-07-18,00,02,16,291149,0.041683,BB,0,1,0,02:1205:0:1
5717,2025-07-18,00,02,16,387563,0.096414,01,1269,0,1,
5718,2025-07-18,00,02,16,401311,0.013748,03,1225,0,1,
5719,2025-07-18,00,02,16,425479,0.024168,01,1209,0,1,1163:0:1
5720,2025-07-18,00,02,16,446493,0.021014,02,135,0,1,
5721,2025-07-18,00,02,16,480638,0.034145,03,1250,0,0,Node 03: Network 3
5722,2025-07-18,00,02,16,549566,0.068928,01,250,0,0,Node 01: Network 3
5723,2025-07-18,00,02,16,671753,0.122187,02,755,0,0,Node 02: Network 3
5724,2025-07-18,00,02,16,742742,0.070989,03,1281,0,0,Node 03: Network 3
5725,2025-07-18,00,02,16,848592,0.10585,01,250,0,0,Node 01: Network 3
5726,2025-07-18,00,02,16,898016,0.049424,02,750,0,0,Node 02: Network 3
5727,2025-07-18,00,02,16,968583,0.070567,01,250,0,0,Node 01: Network 3
5728,2025-07-18,00,02,17,006835,0.038252,BB,0,1,0,
5729,2025-07-18,00,02,17,096572,0.089737,02,750,0,0,Node 02: Network 3
5730,2025-07-18,00,02,17,171260,0.074688,03,1250,0,0,Node 03: Network 3
5731,2025-07-18,00,02,17,234499,0.063239,01,250,0,0,Node 01: Network 3
5732,2025-07-18,00,02,17,266949,0.03245,02,781,0,0,Node 02: Network 3
5733,2025-07-18,00,02,17,299591,0.032642,02,750,0,0,Node 02: Network 3
5734,2025-07-18,00,02,17,398703,0.099112,03,1250,0,0,Node 03: Network 3
5735,2025-07-18,00,02,17,642231,0.243528,03,1251,0,0,Node 03: Network 3
5736,2025-07-18,00,02,18,212767,0.570536,01,250,0,0,Node 01: Network 3
5737,2025-07-18,00,02,18,995727,0.78296,BB,0,1,0,
5738,2025-07-18,00,02,20,997841,2.002114,BB,0,1,0,
5739,2025-07-18,00,02,21,043185,0.045344,03,679,0,1,
5740,2025-07-18,00,02,21,077779,0.034594,02,679,0,1,
5741,2025-07-18,00,02,21,090808,0.013029,01,1109,0,1,
5742,2025-07-18,00,02,21,315860,0.225052,01,250,0,0,Node 01: Network 3
5743,2025-07-18,00,02,21,815898,0.500038,02,750,0,0,Node 02: Network 3
5744,2025-07-18,00,02,22,318623,0.502725,03,1250,0,0,Node 03: Network 3
5745,2025-07-18,00,02,23,316770,0.998147,01,250,0,0,Node 01: Network 3
5746,2025-07-18,00,02,23,817723,0.500953,02,750,0,0,Node 02: Network 3
5747,2025-07-18,00,02,24,320623,0.5029,03,1250,0,0,Node 03: Network 3
5748,2025-07-18,00,02,25,317115,0.996492,01,250,0,0,Node 01: Network 3
5749,2025-07-18,00,02,25,820113,0.502998,02,750,0,0,Node 02: Network 3
5750,2025-07-18,00,02,26,322945,0.502832,03,1250,0,0,Node 03: Network 3
5751,2025-07-18,00,02,27,317419,0.994474,01,250,0,0,Node 01: Network 3
5752,2025-07-18,00,02,27,821436,0.504017,02,750,0,0,Node 02: Network 3
5753,2025-07-18,00,02,28,324719,0.503283,03,1250,0,0,Node 03: Network 3
5754,2025-07-18,00,02,29,368350,1.043631,01,250,0,0,Node 01: Network 3
5755,2025-07-18,00,02,29,868579,0.500229,02,750,0,0,Node 02: Network 3
5756,2025-07-18,00,02,30,327167,0.458588,03,1251,0,0,Node 03: Network 3
5757,2025-07-18,00,02,31,413491,1.086324,01,250,0,0,Node 01: Network 3
5758,2025-07-18,00,02,31,870362,0.456871,02,750,0,0,Node 02: Network 3
5759,2025-07-18,00,02,32,329497,0.459135,03,1250,0,0,Node 03: Network 3
5760,2025-07-18,00,02,33,414099,1.084602,01,250,0,0,Node 01: Network 3
5761,2025-07-18,00,02,33,872761,0.458662,02,750,0,0,Node 02: Network 3
5762,2025-07-18,00,02,34,332273,0.459512,03,1250,0,0,Node 03: Network 3
5763,2025-07-18,00,02,35,373884,1.041611,01,250,0,0,Node 01: Network 3
5764,2025-07-18,00,02,35,873332,0.499448,02,750,0,0,Node 02: Network 3
5765,2025-07-18,00,02,36,333857,0.460525,03,1250,0,0,Node 03: Network 3
5766,2025-07-18,00,02,37,374607,1.04075,01,250,0,0,Node 01: Network 3
5767,2025-07-18,00,02,37,876856,0.502249,02,750,0,0,Node 02: Network 3
5768,2025-07-18,00,02,38,335706,0.45885,03,1250,0,0,Node 03: Network 3
5769,2025-07-18,00,02,39,375629,1.039923,01,250,0,0,Node 01: Network 3
5770,2025-07-18,00,02,39,877854,0.502225,02,750,0,0,Node 02: Network 3
5771,2025-07-18,00,02,40,422456,0.544602,03,1250,0,0,Node 03: Network 3
5772,2025-07-18,00,02,41,377463,0.955007,01,250,0,0,Node 01: Network 3
5773,2025-07-18,00,02,41,880965,0.503502,02,750,0,0,Node 02: Network 3
5774,2025-07-18,00,02,42,423678,0.542713,03,1250,0,0,Node 03: Network 3
5775,2025-07-18,00,02,43,377474,0.953796,01,250,0,0,Node 01: Network 3
5776,2025-07-18,00,02,43,883378,0.505904,02,750,0,0,Node 02: Network 3
5777,2025-07-18,00,02,44,426180,0.542802,03,1250,0,0,Node 03: Network 3
5778,2025-07-18,00,02,45,377320,0.95114,01,250,0,0,Node 01: Network 3
5779,2025-07-18,00,02,45,970131,0.592811,02,750,0,0,Node 02: Network 3
5780,2025-07-18,00,02,46,429044,0.458913,03,1250,0,0,Node 03: Network 3
5781,2025-07-18,00,02,47,972696,1.543652,02,750,0,0,Node 02: Network 3
5782,2025-07-18,00,02,48,520189,0.547493,03,1250,0,0,Node 03: Network 3
5783,2025-07-18,00,02,49,563642,1.043453,01,250,0,0,Node 01: Network 3
5784,2025-07-18,00,02,49,973593,0.409951,02,750,0,0,Node 02: Network 3
5785,2025-07-18,00,02,50,521678,0.548085,03,1250,0,0,Node 03: Network 3
5786,2025-07-18,00,02,51,064791,0.543113,BB,0,1,0,
5787,2025-07-18,00,02,53,069794,2.005003,BB,0,1,0,
5788,2025-07-18,00,02,53,107063,0.037269,02,1915,0,1,
5789,2025-07-18,00,02,53,140165,0.033102,01,1873,0,1,
5790,2025-07-18,00,02,53,153327,0.013162,03,1870,0,1,
5791,2025-07-18,00,02,53,385133,0.231806,01,250,0,0,Node 01: Network 3
5792,2025-07-18,00,02,53,887169,0.502036,02,750,0,0,Node 02: Network 3
5793,2025-07-18,00,02,54,388068,0.500899,03,1250,0,0,Node 03: Network 3
5794,2025-07-18,00,02,55,385968,0.9979,01,250,0,0,Node 01: Network 3
5795,2025-07-18,00,02,55,888607,0.502639,02,750,0,0,Node 02: Network 3
5796,2025-07-18,00,02,56,391192,0.502585,03,1250,0,0,Node 03: Network 3
5797,2025-07-18,00,02,57,386471,0.995279,01,250,0,0,Node 01: Network 3
5798,2025-07-18,00,02,57,891075,0.504604,02,750,0,0,Node 02: Network 3
5799,2025-07-18,00,02,58,437161,0.546086,03,1250,0,0,Node 03: Network 3
5800,2025-07-18,00,02,59,387562,0.950401,01,250,0,0,Node 01: Network 3
5801,2025-07-18,00,02,59,931264,0.543702,02,750,0,0,Node 02: Network 3
5802,2025-07-18,00,03,00,440921,0.509657,03,1251,0,0,Node 03: Network 3
5803,2025-07-18,00,03,01,388767,0.947846,01,250,0,0,Node 01: Network 3
5804,2025-07-18,00,03,01,983904,0.595137,02,750,0,0,Node 02: Network 3
5805,2025-07-18,00,03,02,441828,0.457924,03,1250,0,0,Node 03: Network 3
5806,2025-07-18,00,03,03,388309,0.946481,01,250,0,0,Node 01: Network 3
5807,2025-07-18,00,03,03,985173,0.596864,02,750,0,0,Node 02: Network 3
5808,2025-07-18,00,03,04,444029,0.458856,03,1250,0,0,Node 03: Network 3
5809,2025-07-18,00,03,05,389764,0.945735,01,250,0,0,Node 01: Network 3
5810,2025-07-18,00,03,05,987772,0.598008,02,750,0,0,Node 02: Network 3
5811,2025-07-18,00,03,06,435799,0.448027,03,1250,0,0,Node 03: Network 3
5812,2025-07-18,00,03,07,390379,0.95458,01,250,0,0,Node 01: Network 3
5813,2025-07-18,00,03,07,989858,0.599479,02,751,0,0,Node 02: Network 3
5814,2025-07-18,00,03,08,438570,0.448712,03,1250,0,0,Node 03: Network 3
5815,2025-07-18,00,03,09,390791,0.952221,01,250,0,0,Node 01: Network 3
5816,2025-07-18,00,03,09,991243,0.600452,02,750,0,0,Node 02: Network 3
5817,2025-07-18,00,03,10,440202,0.448959,03,1250,0,0,Node 03: Network 3
5818,2025-07-18,00,03,11,391145,0.950943,01,250,0,0,Node 01: Network 3
5819,2025-07-18,00,03,11,993659,0.602514,02,750,0,0,Node 02: Network 3
5820,2025-07-18,00,03,12,441930,0.448271,03,1250,0,0,Node 03: Network 3
5821,2025-07-18,00,03,13,391562,0.949632,01,250,0,0,Node 01: Network 3
5822,2025-07-18,00,03,13,986178,0.594616,02,750,0,0,Node 02: Network 3
5823,2025-07-18,00,03,14,444969,0.458791,03,1250,0,0,Node 03: Network 3
5824,2025-07-18,00,03,15,393671,0.948702,01,250,0,0,Node 01: Network 3
5825,2025-07-18,00,03,15,988867,0.595196,02,750,0,0,Node 02: Network 3
5826,2025-07-18,00,03,16,446727,0.45786,03,1250,0,0,Node 03: Network 3
5827,2025-07-18,00,03,17,393820,0.947093,01,250,0,0,Node 01: Network 3
5828,2025-07-18,00,03,17,989977,0.596157,02,750,0,0,Node 02: Network 3
5829,2025-07-18,00,03,18,449366,0.459389,03,1250,0,0,Node 03: Network 3
5830,2025-07-18,00,03,19,534670,1.085304,01,250,0,0,Node 01: Network 3
5831,2025-07-18,00,03,19,991529,0.456859,02,750,0,0,Node 02: Network 3
5832,2025-07-18,00,03,20,451318,0.459789,03,1250,0,0,Node 03: Network 3
5833,2025-07-18,00,03,21,534156,1.082838,01,250,0,0,Node 01: Network 3
5834,2025-07-18,00,03,21,994993,0.460837,02,750,0,0,Node 02: Network 3
5835,2025-07-18,00,03,22,453382,0.458389,03,1250,0,0,Node 03: Network 3
5836,2025-07-18,00,03,23,539505,1.086123,01,250,0,0,Node 01: Network 3
5837,2025-07-18,00,03,23,996586,0.457081,02,750,0,0,Node 02: Network 3
5838,2025-07-18,00,03,24,455290,0.458704,03,1250,0,0,Node 03: Network 3
5839,2025-07-18,00,03,25,540677,1.085387,01,250,0,0,Node 01: Network 3
5840,2025-07-18,00,03,25,998413,0.457736,02,750,0,0,Node 02: Network 3
5841,2025-07-18,00,03,26,457577,0.459164,03,1250,0,0,Node 03: Network 3
5842,2025-07-18,00,03,27,540267,1.08269,01,250,0,0,Node 01: Network 3
5843,2025-07-18,00,03,28,000356,0.460089,02,750,0,0,Node 02: Network 3
5844,2025-07-18,00,03,28,587397,0.587041,03,1251,0,0,Node 03: Network 3
5845,2025-07-18,00,03,29,540622,0.953225,01,250,0,0,Node 01: Network 3
5846,2025-07-18,00,03,30,002835,0.462213,02,750,0,0,Node 02: Network 3
5847,2025-07-18,00,03,30,588869,0.586034,03,1250,0,0,Node 03: Network 3
5848,2025-07-18,00,03,31,632580,1.043711,01,250,0,0,Node 01: Network 3
5849,2025-07-18,00,03,32,133471,0.500891,02,750,0,0,Node 02: Network 3
5850,2025-07-18,00,03,32,591284,0.457813,03,1250,0,0,Node 03: Network 3
5851,2025-07-18,00,03,33,631932,1.040648,01,250,0,0,Node 01: Network 3
5852,2025-07-18,00,03,34,135608,0.503676,02,750,0,0,Node 02: Network 3
5853,2025-07-18,00,03,34,593393,0.457785,03,1250,0,0,Node 03: Network 3
5854,2025-07-18,00,03,35,632357,1.038964,01,250,0,0,Node 01: Network 3
5855,2025-07-18,00,03,36,137473,0.505116,02,750,0,0,Node 02: Network 3
5856,2025-07-18,00,03,36,595679,0.458206,03,1250,0,0,Node 03: Network 3
5857,2025-07-18,00,03,37,633091,1.037412,01,250,0,0,Node 01: Network 3
5858,2025-07-18,00,03,38,140361,0.50727,02,750,0,0,Node 02: Network 3
5859,2025-07-18,00,03,38,679338,0.538977,03,1250,0,0,Node 03: Network 3
5860,2025-07-18,00,03,39,170665,0.491327,BB,0,1,0,
5861,2025-07-18,00,03,41,173776,2.003111,BB,0,1,0,
5862,2025-07-18,00,03,41,224017,0.050241,03,1816,0,1,
5863,2025-07-18,00,03,41,236709,0.012692,01,1861,0,1,
5864,2025-07-18,00,03,41,271383,0.034674,02,1854,0,1,
5865,2025-07-18,00,03,41,490170,0.218787,01,250,0,0,Node 01: Network 3
5866,2025-07-18,00,03,41,990469,0.500299,02,750,0,0,Node 02: Network 3
5867,2025-07-18,00,03,42,493049,0.50258,03,1250,0,0,Node 03: Network 3
5868,2025-07-18,00,03,43,489569,0.99652,01,250,0,0,Node 01: Network 3
5869,2025-07-18,00,03,43,992357,0.502788,02,750,0,0,Node 02: Network 3
5870,2025-07-18,00,03,44,495411,0.503054,03,1250,0,0,Node 03: Network 3
5871,2025-07-18,00,03,45,489970,0.994559,01,250,0,0,Node 01: Network 3
5872,2025-07-18,00,03,46,040390,0.55042,02,750,0,0,Node 02: Network 3
5873,2025-07-18,00,03,46,495947,0.455557,03,1250,0,0,Node 03: Network 3
5874,2025-07-18,00,03,47,492162,0.996215,01,251,0,0,Node 01: Network 3
5875,2025-07-18,00,03,48,041803,0.549641,02,750,0,0,Node 02: Network 3
5876,2025-07-18,00,03,48,498774,0.456971,03,1250,0,0,Node 03: Network 3
5877,2025-07-18,00,03,49,492176,0.993402,01,250,0,0,Node 01: Network 3
5878,2025-07-18,00,03,50,043978,0.551802,02,750,0,0,Node 02: Network 3
5879,2025-07-18,00,03,50,501267,0.457289,03,1250,0,0,Node 03: Network 3
5880,2025-07-18,00,03,51,493322,0.992055,01,250,0,0,Node 01: Network 3
5881,2025-07-18,00,03,52,045737,0.552415,02,750,0,0,Node 02: Network 3
5882,2025-07-18,00,03,52,504429,0.458692,03,1250,0,0,Node 03: Network 3
5883,2025-07-18,00,03,53,493229,0.9888,01,250,0,0,Node 01: Network 3
5884,2025-07-18,00,03,54,048374,0.555145,02,750,0,0,Node 02: Network 3
5885,2025-07-18,00,03,54,541174,0.4928,03,1250,0,0,Node 03: Network 3
5886,2025-07-18,00,03,55,494000,0.952826,01,250,0,0,Node 01: Network 3
5887,2025-07-18,00,03,56,049983,0.555983,02,750,0,0,Node 02: Network 3
5888,2025-07-18,00,03,56,542991,0.493008,03,1250,0,0,Node 03: Network 3
5889,2025-07-18,00,03,57,494298,0.951307,01,250,0,0,Node 01: Network 3
5890,2025-07-18,00,03,58,051913,0.557615,02,750,0,0,Node 02: Network 3
5891,2025-07-18,00,03,58,545135,0.493222,03,1250,0,0,Node 03: Network 3
5892,2025-07-18,00,03,59,494597,0.949462,01,250,0,0,Node 01: Network 3
5893,2025-07-18,00,04,00,053797,0.5592,02,750,0,0,Node 02: Network 3
5894,2025-07-18,00,04,00,547228,0.493431,03,1250,0,0,Node 03: Network 3
5895,2025-07-18,00,04,01,589449,1.042221,01,250,0,0,Node 01: Network 3
5896,2025-07-18,00,04,02,056027,0.466578,02,750,0,0,Node 02: Network 3
5897,2025-07-18,00,04,02,548713,0.492686,03,1250,0,0,Node 03: Network 3
5898,2025-07-18,00,04,03,590940,1.042227,01,250,0,0,Node 01: Network 3
5899,2025-07-18,00,04,04,058255,0.467315,02,750,0,0,Node 02: Network 3
5900,2025-07-18,00,04,04,551383,0.493128,03,1250,0,0,Node 03: Network 3
5901,2025-07-18,00,04,05,603235,1.051852,01,250,0,0,Node 01: Network 3
5902,2025-07-18,00,04,06,059314,0.456079,02,750,0,0,Node 02: Network 3
5903,2025-07-18,00,04,06,554708,0.495394,03,1250,0,0,Node 03: Network 3
5904,2025-07-18,00,04,07,602783,1.048075,01,250,0,0,Node 01: Network 3
5905,2025-07-18,00,04,08,061837,0.459054,02,750,0,0,Node 02: Network 3
5906,2025-07-18,00,04,08,650488,0.588651,03,1250,0,0,Node 03: Network 3
5907,2025-07-18,00,04,09,603570,0.953082,01,250,0,0,Node 01: Network 3
5908,2025-07-18,00,04,10,194975,0.591405,02,750,0,0,Node 02: Network 3
5909,2025-07-18,00,04,10,651297,0.456322,03,1250,0,0,Node 03: Network 3
5910,2025-07-18,00,04,11,737598,1.086301,01,250,0,0,Node 01: Network 3
5911,2025-07-18,00,04,12,196397,0.458799,02,750,0,0,Node 02: Network 3
5912,2025-07-18,00,04,12,785815,0.589418,03,1250,0,0,Node 03: Network 3
5913,2025-07-18,00,04,13,244661,0.458846,BB,0,1,0,
5914,2025-07-18,00,04,15,248588,2.003927,BB,0,1,0,
5915,2025-07-18,00,04,15,304192,0.055604,01,1832,0,1,
5916,2025-07-18,00,04,15,331484,0.027292,02,1871,0,1,
5917,2025-07-18,00,04,15,352073,0.020589,03,1785,0,1,
5918,2025-07-18,00,04,15,563553,0.21148,01,250,0,0,Node 01: Network 3
5919,2025-07-18,00,04,16,064748,0.501195,02,750,0,0,Node 02: Network 3
5920,2025-07-18,00,04,16,568060,0.503312,03,1250,0,0,Node 03: Network 3
5921,2025-07-18,00,04,17,563595,0.995535,01,250,0,0,Node 01: Network 3
5922,2025-07-18,00,04,18,066789,0.503194,02,750,0,0,Node 02: Network 3
5923,2025-07-18,00,04,18,568859,0.50207,03,1250,0,0,Node 03: Network 3
5924,2025-07-18,00,04,19,565109,0.99625,01,250,0,0,Node 01: Network 3
5925,2025-07-18,00,04,20,067920,0.502811,02,750,0,0,Node 02: Network 3
5926,2025-07-18,00,04,20,571247,0.503327,03,1250,0,0,Node 03: Network 3
5927,2025-07-18,00,04,21,564760,0.993513,01,250,0,0,Node 01: Network 3
5928,2025-07-18,00,04,22,070533,0.505773,02,750,0,0,Node 02: Network 3
5929,2025-07-18,00,04,22,575311,0.504778,03,1250,0,0,Node 03: Network 3
5930,2025-07-18,00,04,23,566560,0.991249,01,250,0,0,Node 01: Network 3
5931,2025-07-18,00,04,24,118625,0.552065,02,750,0,0,Node 02: Network 3
5932,2025-07-18,00,04,24,408104,0.289479,BB,0,1,0,
5933,2025-07-18,00,04,24,452758,0.044654,BB,0,1,0,
5934,2025-07-18,00,04,24,513543,0.060785,01,1213,0,1,
5935,2025-07-18,00,04,24,527082,0.013539,02,1161,0,1,
5936,2025-07-18,00,04,24,550652,0.02357,BB,0,1,0,03:679:0:1
5937,2025-07-18,00,04,24,605848,0.055196,02,679,0,1,1109:0:1
5938,2025-07-18,00,04,24,618911,0.013063,03,1205,0,1,
5939,2025-07-18,00,04,24,805470,0.186559,01,250,0,0,Node 01: Network 3
5940,2025-07-18,00,04,24,873471,0.068001,02,750,0,0,Node 02: Network 3
5941,2025-07-18,00,04,24,962528,0.089057,02,781,0,0,Node 02: Network 3
5942,2025-07-18,00,04,24,993890,0.031362,01,279,0,0,Node 01: Network 3
5943,2025-07-18,00,04,25,028985,0.035095,03,1251,0,0,Node 03: Network 3
5944,2025-07-18,00,04,25,064305,0.03532,01,250,0,0,Node 01: Network 3
5945,2025-07-18,00,04,25,097833,0.033528,01,250,0,0,Node 01: Network 3
5946,2025-07-18,00,04,25,152873,0.05504,02,750,0,0,Node 02: Network 3
5947,2025-07-18,00,04,25,186777,0.033904,03,1250,0,0,Node 03: Network 3
5948,2025-07-18,00,04,25,270796,0.084019,01,250,0,0,Node 01: Network 3
5949,2025-07-18,00,04,25,351014,0.080218,02,750,0,0,Node 02: Network 3
5950,2025-07-18,00,04,25,421141,0.070127,02,750,0,0,Node 02: Network 3
5951,2025-07-18,00,04,25,529769,0.108628,02,780,0,0,Node 02: Network 3
5952,2025-07-18,00,04,25,564008,0.034239,03,1250,0,0,Node 03: Network 3
5953,2025-07-18,00,04,25,574192,0.010184,BB,0,1,0,
5954,2025-07-18,00,04,25,898040,0.323848,03,1250,0,0,Node 03: Network 3
5955,2025-07-18,00,04,26,941001,1.042961,01,250,0,0,Node 01: Network 3
5956,2025-07-18,00,04,27,090941,0.14994,02,750,0,0,Node 02: Network 3
5957,2025-07-18,00,04,27,275448,0.184507,BB,0,1,0,
5958,2025-07-18,00,04,29,279186,2.003738,BB,0,1,0,
5959,2025-07-18,00,04,29,326254,0.047068,01,660,0,1,
5960,2025-07-18,00,04,29,356318,0.030064,02,1008,0,1,
5961,2025-07-18,00,04,29,367832,0.011514,03,702,0,1,
5962,2025-07-18,00,04,29,593769,0.225937,01,250,0,0,Node 01: Network 3
5963,2025-07-18,00,04,30,137976,0.544207,02,750,0,0,Node 02: Network 3
5964,2025-07-18,00,04,30,597634,0.459658,03,1250,0,0,Node 03: Network 3
5965,2025-07-18,00,04,31,682277,1.084643,01,250,0,0,Node 01: Network 3
5966,2025-07-18,00,04,32,139575,0.457298,02,750,0,0,Node 02: Network 3
5967,2025-07-18,00,04,32,600329,0.460754,03,1250,0,0,Node 03: Network 3
5968,2025-07-18,00,04,33,683893,1.083564,01,250,0,0,Node 01: Network 3
5969,2025-07-18,00,04,34,139914,0.456021,02,750,0,0,Node 02: Network 3
5970,2025-07-18,00,04,34,602516,0.462602,03,1250,0,0,Node 03: Network 3
5971,2025-07-18,00,04,35,684492,1.081976,01,250,0,0,Node 01: Network 3
5972,2025-07-18,00,04,36,143490,0.458998,02,750,0,0,Node 02: Network 3
5973,2025-07-18,00,04,36,604273,0.460783,03,1250,0,0,Node 03: Network 3
5974,2025-07-18,00,04,37,685350,1.081077,01,250,0,0,Node 01: Network 3
5975,2025-07-18,00,04,38,146400,0.46105,02,750,0,0,Node 02: Network 3
5976,2025-07-18,00,04,38,606639,0.460239,03,1250,0,0,Node 03: Network 3
5977,2025-07-18,00,04,39,687149,1.08051,01,250,0,0,Node 01: Network 3
5978,2025-07-18,00,04,40,147959,0.46081,02,750,0,0,Node 02: Network 3
5979,2025-07-18,00,04,40,733801,0.585842,03,1250,0,0,Node 03: Network 3
5980,2025-07-18,00,04,41,688211,0.95441,01,250,0,0,Node 01: Network 3
5981,2025-07-18,00,04,42,150264,0.462053,02,750,0,0,Node 02: Network 3
5982,2025-07-18,00,04,42,736238,0.585974,03,1251,0,0,Node 03: Network 3
5983,2025-07-18,00,04,43,688918,0.95268,01,250,0,0,Node 01: Network 3
5984,2025-07-18,00,04,44,151658,0.46274,02,750,0,0,Node 02: Network 3
5985,2025-07-18,00,04,44,737971,0.586313,03,1250,0,0,Node 03: Network 3
5986,2025-07-18,00,04,45,688494,0.950523,01,250,0,0,Node 01: Network 3
5987,2025-07-18,00,04,46,154262,0.465768,02,750,0,0,Node 02: Network 3
5988,2025-07-18,00,04,46,737073,0.582811,03,1250,0,0,Node 03: Network 3
5989,2025-07-18,00,04,47,688861,0.951788,01,250,0,0,Node 01: Network 3
5990,2025-07-18,00,04,48,155080,0.466219,02,750,0,0,Node 02: Network 3
5991,2025-07-18,00,04,48,738088,0.583008,03,1250,0,0,Node 03: Network 3
5992,2025-07-18,00,04,49,700191,0.962103,01,250,0,0,Node 01: Network 3
5993,2025-07-18,00,04,50,157922,0.457731,02,750,0,0,Node 02: Network 3
5994,2025-07-18,00,04,50,740829,0.582907,03,1250,0,0,Node 03: Network 3
5995,2025-07-18,00,04,51,701610,0.960781,01,250,0,0,Node 01: Network 3
5996,2025-07-18,00,04,52,159431,0.457821,02,750,0,0,Node 02: Network 3
5997,2025-07-18,00,04,52,742637,0.583206,03,1250,0,0,Node 03: Network 3
5998,2025-07-18,00,04,53,701664,0.959027,01,250,0,0,Node 01: Network 3
5999,2025-07-18,00,04,54,161992,0.460328,02,750,0,0,Node 02: Network 3
6000,2025-07-18,00,04,54,747214,0.585222,03,1250,0,0,Node 03: Network 3
6001,2025-07-18,00,04,55,701983,0.954769,01,250,0,0,Node 01: Network 3
6002,2025-07-18,00,04,56,164373,0.46239,02,750,0,0,Node 02: Network 3
6003,2025-07-18,00,04,56,749124,0.584751,03,1250,0,0,Node 03: Network 3
6004,2025-07-18,00,04,57,704009,0.954885,01,251,0,0,Node 01: Network 3
6005,2025-07-18,00,04,58,166160,0.462151,02,750,0,0,Node 02: Network 3
6006,2025-07-18,00,04,58,752243,0.586083,03,1250,0,0,Node 03: Network 3
6007,2025-07-18,00,04,59,709934,0.957691,01,250,0,0,Node 01: Network 3
6008,2025-07-18,00,05,00,168668,0.458734,02,750,0,0,Node 02: Network 3
6009,2025-07-18,00,05,00,755146,0.586478,03,1250,0,0,Node 03: Network 3
6010,2025-07-18,00,05,01,711392,0.956246,01,250,0,0,Node 01: Network 3
6011,2025-07-18,00,05,02,170251,0.458859,02,750,0,0,Node 02: Network 3
6012,2025-07-18,00,05,02,756516,0.586265,03,1250,0,0,Node 03: Network 3
6013,2025-07-18,00,05,03,711044,0.954528,01,250,0,0,Node 01: Network 3
6014,2025-07-18,00,05,04,171003,0.459959,02,750,0,0,Node 02: Network 3
6015,2025-07-18,00,05,04,759306,0.588303,03,1250,0,0,Node 03: Network 3
6016,2025-07-18,00,05,05,712047,0.952741,01,250,0,0,Node 01: Network 3
6017,2025-07-18,00,05,06,304171,0.592124,02,750,0,0,Node 02: Network 3
6018,2025-07-18,00,05,06,761134,0.456963,03,1250,0,0,Node 03: Network 3
6019,2025-07-18,00,05,07,847547,1.086413,01,250,0,0,Node 01: Network 3
6020,2025-07-18,00,05,08,304994,0.457447,02,750,0,0,Node 02: Network 3
6021,2025-07-18,00,05,08,893877,0.588883,03,1250,0,0,Node 03: Network 3
6022,2025-07-18,00,05,09,367532,0.473655,BB,0,1,0,
6023,2025-07-18,00,05,11,371995,2.004463,BB,0,1,0,
6024,2025-07-18,00,05,11,427119,0.055124,03,1800,0,1,
6025,2025-07-18,00,05,11,440719,0.0136,01,1845,0,1,
6026,2025-07-18,00,05,11,453746,0.013027,02,1755,0,1,
6027,2025-07-18,00,05,12,188105,0.734359,02,750,0,0,Node 02: Network 3
6028,2025-07-18,00,05,12,691264,0.503159,03,1250,0,0,Node 03: Network 3
6029,2025-07-18,00,05,13,732638,1.041374,01,250,0,0,Node 01: Network 3
6030,2025-07-18,00,05,14,190099,0.457461,02,750,0,0,Node 02: Network 3
6031,2025-07-18,00,05,14,693937,0.503838,03,1250,0,0,Node 03: Network 3
6032,2025-07-18,00,05,15,732973,1.039036,01,250,0,0,Node 01: Network 3
6033,2025-07-18,00,05,16,191909,0.458936,02,750,0,0,Node 02: Network 3
6034,2025-07-18,00,05,16,695061,0.503152,03,1250,0,0,Node 03: Network 3
6035,2025-07-18,00,05,17,734129,1.039068,01,250,0,0,Node 01: Network 3
6036,2025-07-18,00,05,18,193703,0.459574,02,750,0,0,Node 02: Network 3
6037,2025-07-18,00,05,18,781261,0.587558,03,1250,0,0,Node 03: Network 3
6038,2025-07-18,00,05,19,734199,0.952938,01,250,0,0,Node 01: Network 3
6039,2025-07-18,00,05,20,195464,0.461265,02,750,0,0,Node 02: Network 3
6040,2025-07-18,00,05,20,783548,0.588084,03,1250,0,0,Node 03: Network 3
6041,2025-07-18,00,05,21,740625,0.957077,01,250,0,0,Node 01: Network 3
6042,2025-07-18,00,05,22,197753,0.457128,02,750,0,0,Node 02: Network 3
6043,2025-07-18,00,05,22,784665,0.586912,03,1250,0,0,Node 03: Network 3
6044,2025-07-18,00,05,23,741314,0.956649,01,250,0,0,Node 01: Network 3
6045,2025-07-18,00,05,24,329522,0.588208,02,750,0,0,Node 02: Network 3
6046,2025-07-18,00,05,24,787572,0.45805,03,1250,0,0,Node 03: Network 3
6047,2025-07-18,00,05,25,873499,1.085927,01,250,0,0,Node 01: Network 3
6048,2025-07-18,00,05,26,330915,0.457416,02,750,0,0,Node 02: Network 3
6049,2025-07-18,00,05,26,921946,0.591031,03,1250,0,0,Node 03: Network 3
6050,2025-07-18,00,05,27,406340,0.484394,BB,0,1,0,
6051,2025-07-18,00,05,29,411447,2.005107,BB,0,1,0,
6052,2025-07-18,00,05,29,469947,0.0585,01,1859,0,1,
6053,2025-07-18,00,05,29,483473,0.013526,03,1812,0,1,
6054,2025-07-18,00,05,29,509456,0.025983,02,1898,0,1,
6055,2025-07-18,00,05,30,227091,0.717635,02,750,0,0,Node 02: Network 3
6056,2025-07-18,00,05,30,730820,0.503729,03,1250,0,0,Node 03: Network 3
6057,2025-07-18,00,05,31,773697,1.042877,01,250,0,0,Node 01: Network 3
6058,2025-07-18,00,05,32,228994,0.455297,02,750,0,0,Node 02: Network 3
6059,2025-07-18,00,05,32,732383,0.503389,03,1250,0,0,Node 03: Network 3
6060,2025-07-18,00,05,33,774617,1.042234,01,250,0,0,Node 01: Network 3
6061,2025-07-18,00,05,34,229938,0.455321,02,750,0,0,Node 02: Network 3
6062,2025-07-18,00,05,34,734905,0.504967,03,1250,0,0,Node 03: Network 3
6063,2025-07-18,00,05,35,775265,1.04036,01,250,0,0,Node 01: Network 3
6064,2025-07-18,00,05,36,233362,0.458097,02,750,0,0,Node 02: Network 3
6065,2025-07-18,00,05,36,736981,0.503619,03,1250,0,0,Node 03: Network 3
6066,2025-07-18,00,05,37,776598,1.039617,01,250,0,0,Node 01: Network 3
6067,2025-07-18,00,05,38,281120,0.504522,02,750,0,0,Node 02: Network 3
6068,2025-07-18,00,05,38,739119,0.457999,03,1250,0,0,Node 03: Network 3
6069,2025-07-18,00,05,39,777555,1.038436,01,250,0,0,Node 01: Network 3
6070,2025-07-18,00,05,40,283063,0.505508,02,750,0,0,Node 02: Network 3
6071,2025-07-18,00,05,40,825946,0.542883,03,1250,0,0,Node 03: Network 3
6072,2025-07-18,00,05,41,828337,1.002391,01,250,0,0,Node 01: Network 3
6073,2025-07-18,00,05,42,285026,0.456689,02,750,0,0,Node 02: Network 3
6074,2025-07-18,00,05,42,876161,0.591135,03,1250,0,0,Node 03: Network 3
6075,2025-07-18,00,05,43,919929,1.043768,01,250,0,0,Node 01: Network 3
6076,2025-07-18,00,05,44,287243,0.367314,02,750,0,0,Node 02: Network 3
6077,2025-07-18,00,05,44,877522,0.590279,03,1250,0,0,Node 03: Network 3
6078,2025-07-18,00,05,45,920557,1.043035,01,250,0,0,Node 01: Network 3
6079,2025-07-18,00,05,46,420045,0.499488,02,750,0,0,Node 02: Network 3
6080,2025-07-18,00,05,46,879060,0.459015,03,1250,0,0,Node 03: Network 3
6081,2025-07-18,00,05,47,920901,1.041841,01,250,0,0,Node 01: Network 3
6082,2025-07-18,00,05,48,423325,0.502424,02,750,0,0,Node 02: Network 3
6083,2025-07-18,00,05,48,881469,0.458144,03,1250,0,0,Node 03: Network 3
6084,2025-07-18,00,05,49,921455,1.039986,01,250,0,0,Node 01: Network 3
6085,2025-07-18,00,05,50,425461,0.504006,02,750,0,0,Node 02: Network 3
6086,2025-07-18,00,05,50,882632,0.457171,03,1250,0,0,Node 03: Network 3
6087,2025-07-18,00,05,51,922420,1.039788,01,250,0,0,Node 01: Network 3
6088,2025-07-18,00,05,52,426777,0.504357,02,750,0,0,Node 02: Network 3
6089,2025-07-18,00,05,52,968658,0.541881,03,1250,0,0,Node 03: Network 3
6090,2025-07-18,00,05,53,463562,0.494904,BB,0,1,0,
6091,2025-07-18,00,05,55,467526,2.003964,BB,0,1,0,
6092,2025-07-18,00,05,55,511593,0.044067,01,1820,0,1,
6093,2025-07-18,00,05,55,538646,0.027053,03,1821,0,1,
6094,2025-07-18,00,05,55,551793,0.013147,02,1861,0,1,
6095,2025-07-18,00,05,56,283940,0.732147,02,750,0,0,Node 02: Network 3
6096,2025-07-18,00,05,58,285348,2.001408,02,750,0,0,Node 02: Network 3
6097,2025-07-18,00,05,58,832485,0.547137,03,1250,0,0,Node 03: Network 3
6098,2025-07-18,00,05,59,830438,0.997953,01,250,0,0,Node 01: Network 3
6099,2025-07-18,00,06,00,287852,0.457414,02,750,0,0,Node 02: Network 3
6100,2025-07-18,00,06,00,833368,0.545516,03,1250,0,0,Node 03: Network 3
6101,2025-07-18,00,06,01,832607,0.999239,01,250,0,0,Node 01: Network 3
6102,2025-07-18,00,06,02,288584,0.455977,02,750,0,0,Node 02: Network 3
6103,2025-07-18,00,06,02,836690,0.548106,03,1250,0,0,Node 03: Network 3
6104,2025-07-18,00,06,03,833273,0.996583,01,250,0,0,Node 01: Network 3
6105,2025-07-18,00,06,04,292889,0.459616,02,750,0,0,Node 02: Network 3
6106,2025-07-18,00,06,04,838832,0.545943,03,1250,0,0,Node 03: Network 3
6107,2025-07-18,00,06,05,833575,0.994743,01,250,0,0,Node 01: Network 3
6108,2025-07-18,00,06,06,294534,0.460959,02,750,0,0,Node 02: Network 3
6109,2025-07-18,00,06,06,840201,0.545667,03,1250,0,0,Node 03: Network 3
6110,2025-07-18,00,06,07,834128,0.993927,01,250,0,0,Node 01: Network 3
6111,2025-07-18,00,06,08,383355,0.549227,02,750,0,0,Node 02: Network 3
6112,2025-07-18,00,06,08,842963,0.459608,03,1250,0,0,Node 03: Network 3
6113,2025-07-18,00,06,09,834411,0.991448,01,250,0,0,Node 01: Network 3
6114,2025-07-18,00,06,10,386137,0.551726,02,750,0,0,Node 02: Network 3
6115,2025-07-18,00,06,10,845446,0.459309,03,1250,0,0,Node 03: Network 3
6116,2025-07-18,00,06,11,836774,0.991328,01,250,0,0,Node 01: Network 3
6117,2025-07-18,00,06,12,388099,0.551325,02,750,0,0,Node 02: Network 3
6118,2025-07-18,00,06,12,884750,0.496651,03,1250,0,0,Node 03: Network 3
6119,2025-07-18,00,06,13,931662,1.046912,01,251,0,0,Node 01: Network 3
6120,2025-07-18,00,06,14,390766,0.459104,02,750,0,0,Node 02: Network 3
6121,2025-07-18,00,06,14,885700,0.494934,03,1250,0,0,Node 03: Network 3
6122,2025-07-18,00,06,15,932346,1.046646,01,250,0,0,Node 01: Network 3
6123,2025-07-18,00,06,16,392089,0.459743,02,750,0,0,Node 02: Network 3
6124,2025-07-18,00,06,16,888093,0.496004,03,1250,0,0,Node 03: Network 3
6125,2025-07-18,00,06,17,936487,1.048394,01,250,0,0,Node 01: Network 3
6126,2025-07-18,00,06,18,393794,0.457307,02,750,0,0,Node 02: Network 3
6127,2025-07-18,00,06,18,890294,0.4965,03,1250,0,0,Node 03: Network 3
6128,2025-07-18,00,06,19,937378,1.047084,01,250,0,0,Node 01: Network 3
6129,2025-07-18,00,06,20,395910,0.458532,02,750,0,0,Node 02: Network 3
6130,2025-07-18,00,06,20,892408,0.496498,03,1250,0,0,Node 03: Network 3
6131,2025-07-18,00,06,21,938073,1.045665,01,250,0,0,Node 01: Network 3
6132,2025-07-18,00,06,22,435403,0.49733,02,750,0,0,Node 02: Network 3
6133,2025-07-18,00,06,22,895985,0.460582,03,1250,0,0,Node 03: Network 3
6134,2025-07-18,00,06,23,938944,1.042959,01,250,0,0,Node 01: Network 3
6135,2025-07-18,00,06,24,438988,0.500044,02,750,0,0,Node 02: Network 3
6136,2025-07-18,00,06,24,897467,0.458479,03,1250,0,0,Node 03: Network 3
6137,2025-07-18,00,06,25,982895,1.085428,01,250,0,0,Node 01: Network 3
6138,2025-07-18,00,06,26,440870,0.457975,02,750,0,0,Node 02: Network 3
6139,2025-07-18,00,06,26,899783,0.458913,03,1250,0,0,Node 03: Network 3
6140,2025-07-18,00,06,27,942029,1.042246,01,250,0,0,Node 01: Network 3
6141,2025-07-18,00,06,28,441989,0.49996,02,750,0,0,Node 02: Network 3
6142,2025-07-18,00,06,28,902292,0.460303,03,1250,0,0,Node 03: Network 3
6143,2025-07-18,00,06,29,984171,1.081879,01,250,0,0,Node 01: Network 3
6144,2025-07-18,00,06,30,444601,0.46043,02,750,0,0,Node 02: Network 3
6145,2025-07-18,00,06,30,903020,0.458419,03,1250,0,0,Node 03: Network 3
6146,2025-07-18,00,06,31,770376,0.867356,BB,0,1,0,
6147,2025-07-18,00,06,31,815925,0.045549,BB,0,1,0,
6148,2025-07-18,00,06,31,856507,0.040582,02,193,0,1,
6149,2025-07-18,00,06,31,904232,0.047725,BB,0,1,0,01:660:0:1
6150,2025-07-18,00,06,31,917266,0.013034,03,236,0,1,
6151,2025-07-18,00,06,31,961327,0.044061,02,1008,0,1,702:0:1
6152,2025-07-18,00,06,31,974345,0.013018,01,152,0,1,
6153,2025-07-18,00,06,32,114260,0.139915,01,250,0,0,Node 01: Network 3
6154,2025-07-18,00,06,32,127772,0.013512,02,1139,0,1,
6155,2025-07-18,00,06,32,140792,0.01302,01,1974,0,1,
6156,2025-07-18,00,06,32,236972,0.09618,02,750,0,0,Node 02: Network 3
6157,2025-07-18,00,06,32,324224,0.087252,01,281,0,0,Node 01: Network 3
6158,2025-07-18,00,06,32,368808,0.044584,02,750,0,0,Node 02: Network 3
6159,2025-07-18,00,06,32,402418,0.03361,02,780,0,0,Node 02: Network 3
6160,2025-07-18,00,06,32,436712,0.034294,03,1250,0,0,Node 03: Network 3
6161,2025-07-18,00,06,32,593818,0.157106,01,250,0,0,Node 01: Network 3
6162,2025-07-18,00,06,32,672509,0.078691,02,750,0,0,Node 02: Network 3
6163,2025-07-18,00,06,32,705888,0.033379,01,250,0,0,Node 01: Network 3
6164,2025-07-18,00,06,32,766592,0.060704,02,750,0,0,Node 02: Network 3
6165,2025-07-18,00,06,32,797319,0.030727,02,750,0,0,Node 02: Network 3
6166,2025-07-18,00,06,32,833896,0.036577,03,1250,0,0,Node 03: Network 3
6167,2025-07-18,00,06,32,969082,0.135186,01,250,0,0,Node 01: Network 3
6168,2025-07-18,00,06,33,159501,0.190419,03,1250,0,0,Node 03: Network 3
6169,2025-07-18,00,06,33,550521,0.39102,BB,0,1,0,
6170,2025-07-18,00,06,37,559469,4.008948,BB,0,1,0,
6171,2025-07-18,00,06,37,617287,0.057818,01,1724,0,1,
6172,2025-07-18,00,06,37,642101,0.024814,03,1721,0,1,
6173,2025-07-18,00,06,37,683627,0.041526,02,1719,0,1,
6174,2025-07-18,00,06,37,875375,0.191748,01,250,0,0,Node 01: Network 3
6175,2025-07-18,00,06,38,375252,0.499877,02,750,0,0,Node 02: Network 3
6176,2025-07-18,00,06,38,877294,0.502042,03,1250,0,0,Node 03: Network 3
6177,2025-07-18,00,06,39,876386,0.999092,01,250,0,0,Node 01: Network 3
6178,2025-07-18,00,06,40,377702,0.501316,02,750,0,0,Node 02: Network 3
6179,2025-07-18,00,06,40,880654,0.502952,03,1251,0,0,Node 03: Network 3
6180,2025-07-18,00,06,41,876409,0.995755,01,250,0,0,Node 01: Network 3
6181,2025-07-18,00,06,42,378945,0.502536,02,750,0,0,Node 02: Network 3
6182,2025-07-18,00,06,42,922970,0.544025,03,1250,0,0,Node 03: Network 3
6183,2025-07-18,00,06,43,877444,0.954474,01,250,0,0,Node 01: Network 3
6184,2025-07-18,00,06,44,380287,0.502843,02,750,0,0,Node 02: Network 3
6185,2025-07-18,00,06,44,926737,0.54645,03,1250,0,0,Node 03: Network 3
6186,2025-07-18,00,06,45,878020,0.951283,01,250,0,0,Node 01: Network 3
6187,2025-07-18,00,06,46,383484,0.505464,02,750,0,0,Node 02: Network 3
6188,2025-07-18,00,06,46,925683,0.542199,03,1250,0,0,Node 03: Network 3
6189,2025-07-18,00,06,47,879593,0.95391,01,250,0,0,Node 01: Network 3
6190,2025-07-18,00,06,48,384259,0.504666,02,750,0,0,Node 02: Network 3
6191,2025-07-18,00,06,48,928948,0.544689,03,1250,0,0,Node 03: Network 3
6192,2025-07-18,00,06,49,878667,0.949719,01,250,0,0,Node 01: Network 3
6193,2025-07-18,00,06,50,387386,0.508719,02,750,0,0,Node 02: Network 3
6194,2025-07-18,00,06,50,930257,0.542871,03,1250,0,0,Node 03: Network 3
6195,2025-07-18,00,06,51,879835,0.949578,01,250,0,0,Node 01: Network 3
6196,2025-07-18,00,06,52,388395,0.50856,02,750,0,0,Node 02: Network 3
6197,2025-07-18,00,06,52,932147,0.543752,03,1250,0,0,Node 03: Network 3
6198,2025-07-18,00,06,53,881426,0.949279,01,250,0,0,Node 01: Network 3
6199,2025-07-18,00,06,54,391177,0.509751,02,750,0,0,Node 02: Network 3
6200,2025-07-18,00,06,54,934386,0.543209,03,1250,0,0,Node 03: Network 3
6201,2025-07-18,00,06,55,882116,0.94773,01,250,0,0,Node 01: Network 3
6202,2025-07-18,00,06,56,393977,0.511861,02,750,0,0,Node 02: Network 3
6203,2025-07-18,00,06,56,937492,0.543515,03,1250,0,0,Node 03: Network 3
6204,2025-07-18,00,06,57,882545,0.945053,01,250,0,0,Node 01: Network 3
6205,2025-07-18,00,06,58,395748,0.513203,02,750,0,0,Node 02: Network 3
6206,2025-07-18,00,06,58,939385,0.543637,03,1250,0,0,Node 03: Network 3
6207,2025-07-18,00,06,59,883402,0.944017,01,250,0,0,Node 01: Network 3
6208,2025-07-18,00,07,00,396887,0.513485,02,750,0,0,Node 02: Network 3
6209,2025-07-18,00,07,00,928908,0.532021,03,1250,0,0,Node 03: Network 3
6210,2025-07-18,00,07,01,883544,0.954636,01,250,0,0,Node 01: Network 3
6211,2025-07-18,00,07,02,399908,0.516364,02,750,0,0,Node 02: Network 3
6212,2025-07-18,00,07,02,931406,0.531498,03,1250,0,0,Node 03: Network 3
6213,2025-07-18,00,07,03,883524,0.952118,01,250,0,0,Node 01: Network 3
6214,2025-07-18,00,07,04,401219,0.517695,02,750,0,0,Node 02: Network 3
6215,2025-07-18,00,07,04,933082,0.531863,03,1250,0,0,Node 03: Network 3
6216,2025-07-18,00,07,05,884188,0.951106,01,250,0,0,Node 01: Network 3
6217,2025-07-18,00,07,06,402649,0.518461,02,750,0,0,Node 02: Network 3
6218,2025-07-18,00,07,06,932066,0.529417,03,1250,0,0,Node 03: Network 3
6219,2025-07-18,00,07,07,946916,1.01485,01,250,0,0,Node 01: Network 3
6220,2025-07-18,00,07,08,404558,0.457642,02,750,0,0,Node 02: Network 3
6221,2025-07-18,00,07,08,934180,0.529622,03,1250,0,0,Node 03: Network 3
6222,2025-07-18,00,07,09,947434,1.013254,01,250,0,0,Node 01: Network 3
6223,2025-07-18,00,07,10,407793,0.460359,02,750,0,0,Node 02: Network 3
6224,2025-07-18,00,07,10,936046,0.528253,03,1250,0,0,Node 03: Network 3
6225,2025-07-18,00,07,11,947064,1.011018,01,250,0,0,Node 01: Network 3
6226,2025-07-18,00,07,12,408870,0.461806,02,750,0,0,Node 02: Network 3
6227,2025-07-18,00,07,12,937881,0.529011,03,1250,0,0,Node 03: Network 3
6228,2025-07-18,00,07,13,948721,1.01084,01,250,0,0,Node 01: Network 3
6229,2025-07-18,00,07,14,940053,0.991332,03,1250,0,0,Node 03: Network 3
6230,2025-07-18,00,07,15,983330,1.043277,01,250,0,0,Node 01: Network 3
6231,2025-07-18,00,07,16,527463,0.544133,02,750,0,0,Node 02: Network 3
6232,2025-07-18,00,07,16,942713,0.41525,03,1250,0,0,Node 03: Network 3
6233,2025-07-18,00,07,17,984253,1.04154,01,250,0,0,Node 01: Network 3
6234,2025-07-18,00,07,18,528868,0.544615,02,750,0,0,Node 02: Network 3
6235,2025-07-18,00,07,18,944019,0.415151,03,1250,0,0,Node 03: Network 3
6236,2025-07-18,00,07,19,985486,1.041467,01,250,0,0,Node 01: Network 3
6237,2025-07-18,00,07,20,536545,0.551059,02,750,0,0,Node 02: Network 3
6238,2025-07-18,00,07,20,946716,0.410171,03,1250,0,0,Node 03: Network 3
6239,2025-07-18,00,07,21,986035,1.039319,01,250,0,0,Node 01: Network 3
6240,2025-07-18,00,07,22,534217,0.548182,02,750,0,0,Node 02: Network 3
6241,2025-07-18,00,07,23,081464,0.547247,03,1250,0,0,Node 03: Network 3
6242,2025-07-18,00,07,23,985394,0.90393,01,250,0,0,Node 01: Network 3
6243,2025-07-18,00,07,24,535870,0.550476,02,750,0,0,Node 02: Network 3
6244,2025-07-18,00,07,25,082892,0.547022,03,1250,0,0,Node 03: Network 3
6245,2025-07-18,00,07,26,080972,0.99808,01,250,0,0,Node 01: Network 3
6246,2025-07-18,00,07,26,537040,0.456068,02,750,0,0,Node 02: Network 3
6247,2025-07-18,00,07,27,084677,0.547637,03,1250,0,0,Node 03: Network 3
6248,2025-07-18,00,07,28,080361,0.995684,01,250,0,0,Node 01: Network 3
6249,2025-07-18,00,07,28,539728,0.459367,02,750,0,0,Node 02: Network 3
6250,2025-07-18,00,07,29,085928,0.5462,03,1250,0,0,Node 03: Network 3
6251,2025-07-18,00,07,30,080943,0.995015,01,250,0,0,Node 01: Network 3
6252,2025-07-18,00,07,30,631259,0.550316,02,750,0,0,Node 02: Network 3
6253,2025-07-18,00,07,31,089374,0.458115,03,1250,0,0,Node 03: Network 3
6254,2025-07-18,00,07,32,083004,0.99363,01,251,0,0,Node 01: Network 3
6255,2025-07-18,00,07,32,626148,0.543144,02,750,0,0,Node 02: Network 3
6256,2025-07-18,00,07,33,090150,0.464002,03,1250,0,0,Node 03: Network 3
6257,2025-07-18,00,07,34,083359,0.993209,01,250,0,0,Node 01: Network 3
6258,2025-07-18,00,07,34,627671,0.544312,02,750,0,0,Node 02: Network 3
6259,2025-07-18,00,07,35,093285,0.465614,03,1250,0,0,Node 03: Network 3
6260,2025-07-18,00,07,36,172827,1.079542,01,250,0,0,Node 01: Network 3
6261,2025-07-18,00,07,36,630902,0.458075,02,750,0,0,Node 02: Network 3
6262,2025-07-18,00,07,37,094181,0.463279,03,1250,0,0,Node 03: Network 3
6263,2025-07-18,00,07,38,172780,1.078599,01,250,0,0,Node 01: Network 3
6264,2025-07-18,00,07,38,632604,0.459824,02,750,0,0,Node 02: Network 3
6265,2025-07-18,00,07,39,097607,0.465003,03,1251,0,0,Node 03: Network 3
6266,2025-07-18,00,07,40,173297,1.07569,01,250,0,0,Node 01: Network 3
6267,2025-07-18,00,07,40,634930,0.461633,02,750,0,0,Node 02: Network 3
6268,2025-07-18,00,07,41,100825,0.465895,03,1250,0,0,Node 03: Network 3
6269,2025-07-18,00,07,42,180150,1.079325,01,250,0,0,Node 01: Network 3
6270,2025-07-18,00,07,42,644420,0.46427,02,750,0,0,Node 02: Network 3
6271,2025-07-18,00,07,43,101855,0.457435,03,1250,0,0,Node 03: Network 3
6272,2025-07-18,00,07,44,180457,1.078602,01,250,0,0,Node 01: Network 3
6273,2025-07-18,00,07,44,646803,0.466346,02,750,0,0,Node 02: Network 3
6274,2025-07-18,00,07,45,103898,0.457095,03,1250,0,0,Node 03: Network 3
6275,2025-07-18,00,07,46,181800,1.077902,01,250,0,0,Node 01: Network 3
6276,2025-07-18,00,07,46,648480,0.46668,02,750,0,0,Node 02: Network 3
6277,2025-07-18,00,07,47,105615,0.457135,03,1250,0,0,Node 03: Network 3
6278,2025-07-18,00,07,48,181322,1.075707,01,250,0,0,Node 01: Network 3
6279,2025-07-18,00,07,48,650496,0.469174,02,750,0,0,Node 02: Network 3
6280,2025-07-18,00,07,49,108548,0.458052,03,1250,0,0,Node 03: Network 3
6281,2025-07-18,00,07,50,181842,1.073294,01,250,0,0,Node 01: Network 3
6282,2025-07-18,00,07,50,652909,0.471067,02,750,0,0,Node 02: Network 3
6283,2025-07-18,00,07,51,110408,0.457499,03,1250,0,0,Node 03: Network 3
6284,2025-07-18,00,07,52,184365,1.073957,01,250,0,0,Node 01: Network 3
6285,2025-07-18,00,07,52,654581,0.470216,02,750,0,0,Node 02: Network 3
6286,2025-07-18,00,07,53,112400,0.457819,03,1250,0,0,Node 03: Network 3
6287,2025-07-18,00,07,54,184511,1.072111,01,250,0,0,Node 01: Network 3
6288,2025-07-18,00,07,54,656260,0.471749,02,750,0,0,Node 02: Network 3
6289,2025-07-18,00,07,55,115393,0.459133,03,1251,0,0,Node 03: Network 3
6290,2025-07-18,00,07,56,184708,1.069315,01,250,0,0,Node 01: Network 3
6291,2025-07-18,00,07,56,658782,0.474074,02,750,0,0,Node 02: Network 3
6292,2025-07-18,00,07,57,117610,0.458828,03,1250,0,0,Node 03: Network 3
6293,2025-07-18,00,07,58,185519,1.067909,01,250,0,0,Node 01: Network 3
6294,2025-07-18,00,07,58,660302,0.474783,02,750,0,0,Node 02: Network 3
6295,2025-07-18,00,07,59,232707,0.572405,03,1250,0,0,Node 03: Network 3
6296,2025-07-18,00,08,00,186551,0.953844,01,250,0,0,Node 01: Network 3
6297,2025-07-18,00,08,00,662656,0.476105,02,750,0,0,Node 02: Network 3
6298,2025-07-18,00,08,01,234255,0.571599,03,1250,0,0,Node 03: Network 3
6299,2025-07-18,00,08,02,186777,0.952522,01,250,0,0,Node 01: Network 3
6300,2025-07-18,00,08,02,674326,0.487549,02,750,0,0,Node 02: Network 3
6301,2025-07-18,00,08,03,233109,0.558783,03,1250,0,0,Node 03: Network 3
6302,2025-07-18,00,08,04,187651,0.954542,01,250,0,0,Node 01: Network 3
6303,2025-07-18,00,08,04,666076,0.478425,02,750,0,0,Node 02: Network 3
6304,2025-07-18,00,08,05,236000,0.569924,03,1250,0,0,Node 03: Network 3
6305,2025-07-18,00,08,06,188647,0.952647,01,250,0,0,Node 01: Network 3
6306,2025-07-18,00,08,06,668144,0.479497,02,750,0,0,Node 02: Network 3
6307,2025-07-18,00,08,07,238449,0.570305,03,1250,0,0,Node 03: Network 3
6308,2025-07-18,00,08,08,189370,0.950921,01,250,0,0,Node 01: Network 3
6309,2025-07-18,00,08,08,670675,0.481305,02,750,0,0,Node 02: Network 3
6310,2025-07-18,00,08,09,240288,0.569613,03,1250,0,0,Node 03: Network 3
6311,2025-07-18,00,08,10,190300,0.950012,01,250,0,0,Node 01: Network 3
6312,2025-07-18,00,08,10,784281,0.593981,02,750,0,0,Node 02: Network 3
6313,2025-07-18,00,08,11,242159,0.457878,03,1250,0,0,Node 03: Network 3
6314,2025-07-18,00,08,11,764834,0.522675,BB,0,1,0,
6315,2025-07-18,00,08,13,768365,2.003531,BB,0,1,0,
6316,2025-07-18,00,08,13,805681,0.037316,01,1901,0,1,
6317,2025-07-18,00,08,13,830304,0.024623,02,1804,0,1,
6318,2025-07-18,00,08,13,857116,0.026812,03,1849,0,1,
6319,2025-07-18,00,08,14,084774,0.227658,01,250,0,0,Node 01: Network 3
6320,2025-07-18,00,08,14,585259,0.500485,02,750,0,0,Node 02: Network 3
6321,2025-07-18,00,08,15,088474,0.503215,03,1250,0,0,Node 03: Network 3
6322,2025-07-18,00,08,16,086309,0.997835,01,250,0,0,Node 01: Network 3
6323,2025-07-18,00,08,16,587155,0.500846,02,750,0,0,Node 02: Network 3
6324,2025-07-18,00,08,18,087265,1.50011,01,250,0,0,Node 01: Network 3
6325,2025-07-18,00,08,18,589394,0.502129,02,750,0,0,Node 02: Network 3
6326,2025-07-18,00,08,19,132655,0.543261,03,1250,0,0,Node 03: Network 3
6327,2025-07-18,00,08,20,086692,0.954037,01,250,0,0,Node 01: Network 3
6328,2025-07-18,00,08,20,591569,0.504877,02,750,0,0,Node 02: Network 3
6329,2025-07-18,00,08,21,135534,0.543965,03,1250,0,0,Node 03: Network 3
6330,2025-07-18,00,08,22,087994,0.95246,01,250,0,0,Node 01: Network 3
6331,2025-07-18,00,08,22,593470,0.505476,02,750,0,0,Node 02: Network 3
6332,2025-07-18,00,08,23,138251,0.544781,03,1250,0,0,Node 03: Network 3
6333,2025-07-18,00,08,24,138322,1.000071,01,250,0,0,Node 01: Network 3
6334,2025-07-18,00,08,24,681077,0.542755,02,750,0,0,Node 02: Network 3
6335,2025-07-18,00,08,25,140118,0.459041,03,1250,0,0,Node 03: Network 3
6336,2025-07-18,00,08,26,138375,0.998257,01,250,0,0,Node 01: Network 3
6337,2025-07-18,00,08,26,683752,0.545377,02,750,0,0,Node 02: Network 3
6338,2025-07-18,00,08,27,143105,0.459353,03,1250,0,0,Node 03: Network 3
6339,2025-07-18,00,08,28,138642,0.995537,01,250,0,0,Node 01: Network 3
6340,2025-07-18,00,08,28,684955,0.546313,02,750,0,0,Node 02: Network 3
6341,2025-07-18,00,08,29,233189,0.548234,03,1250,0,0,Node 03: Network 3
6342,2025-07-18,00,08,30,140037,0.906848,01,250,0,0,Node 01: Network 3
6343,2025-07-18,00,08,30,688309,0.548272,02,750,0,0,Node 02: Network 3
6344,2025-07-18,00,08,31,234764,0.546455,03,1250,0,0,Node 03: Network 3
6345,2025-07-18,00,08,32,139857,0.905093,01,250,0,0,Node 01: Network 3
6346,2025-07-18,00,08,32,690061,0.550204,02,750,0,0,Node 02: Network 3
6347,2025-07-18,00,08,33,185085,0.495024,03,1250,0,0,Node 03: Network 3
6348,2025-07-18,00,08,34,141861,0.956776,01,251,0,0,Node 01: Network 3
6349,2025-07-18,00,08,34,692001,0.55014,02,750,0,0,Node 02: Network 3
6350,2025-07-18,00,08,35,188002,0.496001,03,1250,0,0,Node 03: Network 3
6351,2025-07-18,00,08,36,142360,0.954358,01,250,0,0,Node 01: Network 3
6352,2025-07-18,00,08,36,732599,0.590239,02,750,0,0,Node 02: Network 3
6353,2025-07-18,00,08,37,189733,0.457134,03,1250,0,0,Node 03: Network 3
6354,2025-07-18,00,08,38,277374,1.087641,01,250,0,0,Node 01: Network 3
6355,2025-07-18,00,08,38,734432,0.457058,02,750,0,0,Node 02: Network 3
6356,2025-07-18,00,08,39,192973,0.458541,03,1250,0,0,Node 03: Network 3
6357,2025-07-18,00,08,40,277276,1.084303,01,250,0,0,Node 01: Network 3
6358,2025-07-18,00,08,40,822313,0.545037,02,750,0,0,Node 02: Network 3
6359,2025-07-18,00,08,41,195690,0.373377,03,1250,0,0,Node 03: Network 3
6360,2025-07-18,00,08,41,965246,0.769556,BB,0,1,0,
6361,2025-07-18,00,08,42,027530,0.062284,BB,0,1,0,03:1721:0:1
6362,2025-07-18,00,08,42,072887,0.045357,03,157,0,1,
6363,2025-07-18,00,08,42,099505,0.026618,01,1724,0,1,02:1719:0:1
6364,2025-07-18,00,08,42,111016,0.011511,01,72,0,1,
6365,2025-07-18,00,08,42,152044,0.041028,02,27,0,1,
6366,2025-07-18,00,08,42,239868,0.087824,02,750,0,0,Node 02: Network 3
6367,2025-07-18,00,08,42,345997,0.106129,01,250,0,0,Node 01: Network 3
6368,2025-07-18,00,08,42,379703,0.033706,03,1250,0,0,Node 03: Network 3
6369,2025-07-18,00,08,42,455670,0.075967,02,750,0,0,Node 02: Network 3
6370,2025-07-18,00,08,42,600412,0.144742,03,1250,0,0,Node 03: Network 3
6371,2025-07-18,00,08,42,666695,0.066283,01,250,0,0,Node 01: Network 3
6372,2025-07-18,00,08,42,725093,0.058398,02,750,0,0,Node 02: Network 3
6373,2025-07-18,00,08,42,792871,0.067778,03,1250,0,0,Node 03: Network 3
6374,2025-07-18,00,08,42,836698,0.043827,03,1265,0,0,Node 03: Network 3
6375,2025-07-18,00,08,42,893174,0.056476,01,250,0,0,Node 01: Network 3
6376,2025-07-18,00,08,42,970479,0.077305,02,750,0,0,Node 02: Network 3
6377,2025-07-18,00,08,43,036641,0.066162,03,1251,0,0,Node 03: Network 3
6378,2025-07-18,00,08,43,097270,0.060629,01,250,0,0,Node 01: Network 3
6379,2025-07-18,00,08,43,834906,0.737636,BB,0,1,0,
6380,2025-07-18,00,08,45,838527,2.003621,BB,0,1,0,
6381,2025-07-18,00,08,45,885009,0.046482,03,375,0,1,
6382,2025-07-18,00,08,45,912048,0.027039,02,761,0,1,
6383,2025-07-18,00,08,45,941352,0.029304,01,1831,0,1,
6384,2025-07-18,00,08,46,154740,0.213388,01,250,0,0,Node 01: Network 3
6385,2025-07-18,00,08,46,654212,0.499472,02,750,0,0,Node 02: Network 3
6386,2025-07-18,00,08,47,201423,0.547211,03,1250,0,0,Node 03: Network 3
6387,2025-07-18,00,08,48,155251,0.953828,01,250,0,0,Node 01: Network 3
6388,2025-07-18,00,08,48,655943,0.500692,02,750,0,0,Node 02: Network 3
6389,2025-07-18,00,08,49,204032,0.548089,03,1250,0,0,Node 03: Network 3
6390,2025-07-18,00,08,50,200637,0.996605,01,250,0,0,Node 01: Network 3
6391,2025-07-18,00,08,50,658653,0.458016,02,750,0,0,Node 02: Network 3
6392,2025-07-18,00,08,51,206395,0.547742,03,1250,0,0,Node 03: Network 3
6393,2025-07-18,00,08,52,201084,0.994689,01,250,0,0,Node 01: Network 3
6394,2025-07-18,00,08,52,660799,0.459715,02,750,0,0,Node 02: Network 3
6395,2025-07-18,00,08,53,208331,0.547532,03,1250,0,0,Node 03: Network 3
6396,2025-07-18,00,08,54,202279,0.993948,01,251,0,0,Node 01: Network 3
6397,2025-07-18,00,08,54,662351,0.460072,02,750,0,0,Node 02: Network 3
6398,2025-07-18,00,08,55,211608,0.549257,03,1250,0,0,Node 03: Network 3
6399,2025-07-18,00,08,56,203444,0.991836,01,250,0,0,Node 01: Network 3
6400,2025-07-18,00,08,56,665649,0.462205,02,750,0,0,Node 02: Network 3
6401,2025-07-18,00,08,57,212282,0.546633,03,1250,0,0,Node 03: Network 3
6402,2025-07-18,00,08,58,204228,0.991946,01,250,0,0,Node 01: Network 3
6403,2025-07-18,00,08,58,667470,0.463242,02,750,0,0,Node 02: Network 3
6404,2025-07-18,00,08,59,250845,0.583375,03,1250,0,0,Node 03: Network 3
6405,2025-07-18,00,09,00,211859,0.961014,01,250,0,0,Node 01: Network 3
6406,2025-07-18,00,09,00,668440,0.456581,02,750,0,0,Node 02: Network 3
6407,2025-07-18,00,09,01,259761,0.591321,03,1250,0,0,Node 03: Network 3
6408,2025-07-18,00,09,02,212425,0.952664,01,250,0,0,Node 01: Network 3
6409,2025-07-18,00,09,02,670008,0.457583,02,750,0,0,Node 02: Network 3
6410,2025-07-18,00,09,03,260657,0.590649,03,1250,0,0,Node 03: Network 3
6411,2025-07-18,00,09,04,212401,0.951744,01,250,0,0,Node 01: Network 3
6412,2025-07-18,00,09,04,805498,0.593097,02,750,0,0,Node 02: Network 3
6413,2025-07-18,00,09,05,263664,0.458166,03,1250,0,0,Node 03: Network 3
6414,2025-07-18,00,09,06,212820,0.949156,01,250,0,0,Node 01: Network 3
6415,2025-07-18,00,09,06,807901,0.595081,02,750,0,0,Node 02: Network 3
6416,2025-07-18,00,09,07,258791,0.45089,03,1250,0,0,Node 03: Network 3
6417,2025-07-18,00,09,08,214093,0.955302,01,250,0,0,Node 01: Network 3
6418,2025-07-18,00,09,08,809518,0.595425,02,750,0,0,Node 02: Network 3
6419,2025-07-18,00,09,09,261760,0.452242,03,1250,0,0,Node 03: Network 3
6420,2025-07-18,00,09,10,214653,0.952893,01,250,0,0,Node 01: Network 3
6421,2025-07-18,00,09,10,811197,0.596544,02,750,0,0,Node 02: Network 3
6422,2025-07-18,00,09,11,264166,0.452969,03,1250,0,0,Node 03: Network 3
6423,2025-07-18,00,09,12,215927,0.951761,01,250,0,0,Node 01: Network 3
6424,2025-07-18,00,09,12,814264,0.598337,02,751,0,0,Node 02: Network 3
6425,2025-07-18,00,09,13,266391,0.452127,03,1250,0,0,Node 03: Network 3
6426,2025-07-18,00,09,14,216094,0.949703,01,250,0,0,Node 01: Network 3
6427,2025-07-18,00,09,14,816518,0.600424,02,750,0,0,Node 02: Network 3
6428,2025-07-18,00,09,15,268395,0.451877,03,1250,0,0,Node 03: Network 3
6429,2025-07-18,00,09,16,216503,0.948108,01,250,0,0,Node 01: Network 3
6430,2025-07-18,00,09,16,817725,0.601222,02,750,0,0,Node 02: Network 3
6431,2025-07-18,00,09,17,270481,0.452756,03,1250,0,0,Node 03: Network 3
6432,2025-07-18,00,09,18,218215,0.947734,01,250,0,0,Node 01: Network 3
6433,2025-07-18,00,09,18,819593,0.601378,02,750,0,0,Node 02: Network 3
6434,2025-07-18,00,09,19,271770,0.452177,03,1250,0,0,Node 03: Network 3
6435,2025-07-18,00,09,20,218842,0.947072,01,250,0,0,Node 01: Network 3
6436,2025-07-18,00,09,20,822320,0.603478,02,750,0,0,Node 02: Network 3
6437,2025-07-18,00,09,21,274485,0.452165,03,1250,0,0,Node 03: Network 3
6438,2025-07-18,00,09,22,219408,0.944923,01,250,0,0,Node 01: Network 3
6439,2025-07-18,00,09,22,823830,0.604422,02,750,0,0,Node 02: Network 3
6440,2025-07-18,00,09,23,276869,0.453039,03,1250,0,0,Node 03: Network 3
6441,2025-07-18,00,09,24,219302,0.942433,01,250,0,0,Node 01: Network 3
6442,2025-07-18,00,09,24,825953,0.606651,02,750,0,0,Node 02: Network 3
6443,2025-07-18,00,09,25,266263,0.44031,03,1250,0,0,Node 03: Network 3
6444,2025-07-18,00,09,26,220059,0.953796,01,250,0,0,Node 01: Network 3
6445,2025-07-18,00,09,26,827782,0.607723,02,750,0,0,Node 02: Network 3
6446,2025-07-18,00,09,27,268154,0.440372,03,1250,0,0,Node 03: Network 3
6447,2025-07-18,00,09,28,220103,0.951949,01,250,0,0,Node 01: Network 3
6448,2025-07-18,00,09,28,830435,0.610332,02,751,0,0,Node 02: Network 3
6449,2025-07-18,00,09,29,267444,0.437009,03,1250,0,0,Node 03: Network 3
6450,2025-07-18,00,09,30,864953,1.597509,02,750,0,0,Node 02: Network 3
6451,2025-07-18,00,09,31,369880,0.504927,03,1250,0,0,Node 03: Network 3
6452,2025-07-18,00,09,32,369049,0.999169,01,250,0,0,Node 01: Network 3
6453,2025-07-18,00,09,32,834337,0.465288,02,750,0,0,Node 02: Network 3
6454,2025-07-18,00,09,33,372561,0.538224,03,1250,0,0,Node 03: Network 3
6455,2025-07-18,00,09,34,835710,1.463149,02,750,0,0,Node 02: Network 3
6456,2025-07-18,00,09,35,374954,0.539244,03,1250,0,0,Node 03: Network 3
6457,2025-07-18,00,09,36,418294,1.04334,01,250,0,0,Node 01: Network 3
6458,2025-07-18,00,09,36,838116,0.419822,02,750,0,0,Node 02: Network 3
6459,2025-07-18,00,09,37,377315,0.539199,03,1250,0,0,Node 03: Network 3
6460,2025-07-18,00,09,38,419699,1.042384,01,250,0,0,Node 01: Network 3
6461,2025-07-18,00,09,38,839098,0.419399,02,750,0,0,Node 02: Network 3
6462,2025-07-18,00,09,39,378893,0.539795,03,1250,0,0,Node 03: Network 3
6463,2025-07-18,00,09,40,419796,1.040903,01,250,0,0,Node 01: Network 3
6464,2025-07-18,00,09,40,842372,0.422576,02,750,0,0,Node 02: Network 3
6465,2025-07-18,00,09,41,382285,0.539913,03,1250,0,0,Node 03: Network 3
6466,2025-07-18,00,09,43,383960,2.001675,03,1250,0,0,Node 03: Network 3
6467,2025-07-18,00,09,44,427527,1.043567,01,250,0,0,Node 01: Network 3
6468,2025-07-18,00,09,44,927974,0.500447,02,750,0,0,Node 02: Network 3
6469,2025-07-18,00,09,45,386399,0.458425,03,1250,0,0,Node 03: Network 3
6470,2025-07-18,00,09,46,428283,1.041884,01,250,0,0,Node 01: Network 3
6471,2025-07-18,00,09,46,929952,0.501669,02,750,0,0,Node 02: Network 3
6472,2025-07-18,00,09,47,388418,0.458466,03,1250,0,0,Node 03: Network 3
6473,2025-07-18,00,09,48,428171,1.039753,01,250,0,0,Node 01: Network 3
6474,2025-07-18,00,09,48,933124,0.504953,02,750,0,0,Node 02: Network 3
6475,2025-07-18,00,09,49,389883,0.456759,03,1250,0,0,Node 03: Network 3
6476,2025-07-18,00,09,50,477096,1.087213,01,250,0,0,Node 01: Network 3
6477,2025-07-18,00,09,50,934909,0.457813,02,750,0,0,Node 02: Network 3
6478,2025-07-18,00,09,51,391295,0.456386,03,1250,0,0,Node 03: Network 3
6479,2025-07-18,00,09,52,478069,1.086774,01,250,0,0,Node 01: Network 3
6480,2025-07-18,00,09,52,936754,0.458685,02,750,0,0,Node 02: Network 3
6481,2025-07-18,00,09,53,393863,0.457109,03,1250,0,0,Node 03: Network 3
6482,2025-07-18,00,09,54,478965,1.085102,01,250,0,0,Node 01: Network 3
6483,2025-07-18,00,09,54,938938,0.459973,02,750,0,0,Node 02: Network 3
6484,2025-07-18,00,09,55,525335,0.586397,03,1250,0,0,Node 03: Network 3
6485,2025-07-18,00,09,55,993296,0.467961,BB,0,1,0,
6486,2025-07-18,00,09,56,031893,0.038597,03,1024,0,1,
6487,2025-07-18,00,09,57,312333,1.28044,03,1250,0,0,Node 03: Network 3
6488,2025-07-18,00,09,58,355292,1.042959,01,250,0,0,Node 01: Network 3
6489,2025-07-18,00,09,58,855922,0.50063,02,750,0,0,Node 02: Network 3
6490,2025-07-18,00,09,59,403523,0.547601,03,1250,0,0,Node 03: Network 3
6491,2025-07-18,00,10,00,357062,0.953539,01,250,0,0,Node 01: Network 3
6492,2025-07-18,00,10,00,859405,0.502343,02,750,0,0,Node 02: Network 3
6493,2025-07-18,00,10,01,403909,0.544504,03,1250,0,0,Node 03: Network 3
6494,2025-07-18,00,10,02,357196,0.953287,01,250,0,0,Node 01: Network 3
6495,2025-07-18,00,10,02,947716,0.59052,02,750,0,0,Node 02: Network 3
6496,2025-07-18,00,10,03,406744,0.459028,03,1250,0,0,Node 03: Network 3
6497,2025-07-18,00,10,04,491905,1.085161,01,250,0,0,Node 01: Network 3
6498,2025-07-18,00,10,04,951306,0.459401,02,750,0,0,Node 02: Network 3
6499,2025-07-18,00,10,05,497724,0.546418,03,1250,0,0,Node 03: Network 3
6500,2025-07-18,00,10,06,540921,1.043197,01,250,0,0,Node 01: Network 3
6501,2025-07-18,00,10,06,952923,0.412002,02,750,0,0,Node 02: Network 3
6502,2025-07-18,00,10,07,499577,0.546654,03,1250,0,0,Node 03: Network 3
6503,2025-07-18,00,10,08,018486,0.518909,BB,0,1,0,
6504,2025-07-18,00,10,10,023640,2.005154,BB,0,1,0,
6505,2025-07-18,00,10,10,067457,0.043817,02,1891,0,1,
6506,2025-07-18,00,10,10,081748,0.014291,01,1805,0,1,
6507,2025-07-18,00,10,10,118049,0.036301,03,1846,0,1,
6508,2025-07-18,00,10,10,841421,0.723372,02,750,0,0,Node 02: Network 3
6509,2025-07-18,00,10,11,387664,0.546243,03,1250,0,0,Node 03: Network 3
6510,2025-07-18,00,10,12,385448,0.997784,01,250,0,0,Node 01: Network 3
6511,2025-07-18,00,10,12,842559,0.457111,02,750,0,0,Node 02: Network 3
6512,2025-07-18,00,10,13,389603,0.547044,03,1250,0,0,Node 03: Network 3
6513,2025-07-18,00,10,14,386554,0.996951,01,250,0,0,Node 01: Network 3
6514,2025-07-18,00,10,14,845355,0.458801,02,750,0,0,Node 02: Network 3
6515,2025-07-18,00,10,15,391318,0.545963,03,1250,0,0,Node 03: Network 3
6516,2025-07-18,00,10,16,386607,0.995289,01,250,0,0,Node 01: Network 3
6517,2025-07-18,00,10,16,846258,0.459651,02,750,0,0,Node 02: Network 3
6518,2025-07-18,00,10,17,392734,0.546476,03,1250,0,0,Node 03: Network 3
6519,2025-07-18,00,10,18,387847,0.995113,01,250,0,0,Node 01: Network 3
6520,2025-07-18,00,10,18,931362,0.543515,02,750,0,0,Node 02: Network 3
6521,2025-07-18,00,10,19,396777,0.465415,03,1250,0,0,Node 03: Network 3
6522,2025-07-18,00,10,20,388294,0.991517,01,250,0,0,Node 01: Network 3
6523,2025-07-18,00,10,20,939348,0.551054,02,750,0,0,Node 02: Network 3
6524,2025-07-18,00,10,21,397355,0.458007,03,1250,0,0,Node 03: Network 3
6525,2025-07-18,00,10,22,388636,0.991281,01,250,0,0,Node 01: Network 3
6526,2025-07-18,00,10,22,942279,0.553643,02,751,0,0,Node 02: Network 3
6527,2025-07-18,00,10,23,488542,0.546263,03,1250,0,0,Node 03: Network 3
6528,2025-07-18,00,10,24,389718,0.901176,01,250,0,0,Node 01: Network 3
6529,2025-07-18,00,10,24,944449,0.554731,02,750,0,0,Node 02: Network 3
6530,2025-07-18,00,10,25,491558,0.547109,03,1250,0,0,Node 03: Network 3
6531,2025-07-18,00,10,26,390854,0.899296,01,250,0,0,Node 01: Network 3
6532,2025-07-18,00,10,26,946220,0.555366,02,750,0,0,Node 02: Network 3
6533,2025-07-18,00,10,27,493094,0.546874,03,1250,0,0,Node 03: Network 3
6534,2025-07-18,00,10,28,391361,0.898267,01,250,0,0,Node 01: Network 3
6535,2025-07-18,00,10,28,948117,0.556756,02,750,0,0,Node 02: Network 3
6536,2025-07-18,00,10,29,495100,0.546983,03,1250,0,0,Node 03: Network 3
6537,2025-07-18,00,10,30,391807,0.896707,01,250,0,0,Node 01: Network 3
6538,2025-07-18,00,10,31,040303,0.648496,02,750,0,0,Node 02: Network 3
6539,2025-07-18,00,10,31,498042,0.457739,03,1250,0,0,Node 03: Network 3
6540,2025-07-18,00,10,32,393090,0.895048,01,250,0,0,Node 01: Network 3
6541,2025-07-18,00,10,33,041781,0.648691,02,750,0,0,Node 02: Network 3
6542,2025-07-18,00,10,33,500229,0.458448,03,1250,0,0,Node 03: Network 3
6543,2025-07-18,00,10,34,392817,0.892588,01,250,0,0,Node 01: Network 3
6544,2025-07-18,00,10,35,043606,0.650789,02,750,0,0,Node 02: Network 3
6545,2025-07-18,00,10,35,440980,0.397374,03,1250,0,0,Node 03: Network 3
6546,2025-07-18,00,10,37,045401,1.604421,02,750,0,0,Node 02: Network 3
6547,2025-07-18,00,10,37,441903,0.396502,03,1250,0,0,Node 03: Network 3
6548,2025-07-18,00,10,38,590032,1.148129,01,250,0,0,Node 01: Network 3
6549,2025-07-18,00,10,39,048020,0.457988,02,750,0,0,Node 02: Network 3
6550,2025-07-18,00,10,39,444911,0.396891,03,1250,0,0,Node 03: Network 3
6551,2025-07-18,00,10,40,087475,0.642564,BB,0,1,0,
6552,2025-07-18,00,10,42,094102,2.006627,BB,0,1,0,
6553,2025-07-18,00,10,42,145468,0.051366,02,1866,0,1,
6554,2025-07-18,00,10,42,159225,0.013757,01,1825,0,1,
6555,2025-07-18,00,10,42,235640,0.076415,03,1971,0,1,
6556,2025-07-18,00,10,42,408998,0.173358,01,250,0,0,Node 01: Network 3
6557,2025-07-18,00,10,42,952941,0.543943,02,750,0,0,Node 02: Network 3
6558,2025-07-18,00,10,43,412518,0.459577,03,1250,0,0,Node 03: Network 3
6559,2025-07-18,00,10,44,409349,0.996831,01,250,0,0,Node 01: Network 3
6560,2025-07-18,00,10,44,955073,0.545724,02,750,0,0,Node 02: Network 3
6561,2025-07-18,00,10,45,413710,0.458637,03,1250,0,0,Node 03: Network 3
6562,2025-07-18,00,10,46,497945,1.084235,01,250,0,0,Node 01: Network 3
6563,2025-07-18,00,10,46,957312,0.459367,02,750,0,0,Node 02: Network 3
6564,2025-07-18,00,10,47,416857,0.459545,03,1250,0,0,Node 03: Network 3
6565,2025-07-18,00,10,48,499486,1.082629,01,250,0,0,Node 01: Network 3
6566,2025-07-18,00,10,48,958053,0.458567,02,750,0,0,Node 02: Network 3
6567,2025-07-18,00,10,49,546999,0.588946,03,1250,0,0,Node 03: Network 3
6568,2025-07-18,00,10,50,500253,0.953254,01,250,0,0,Node 01: Network 3
6569,2025-07-18,00,10,50,746757,0.246504,BB,0,1,0,
6570,2025-07-18,00,10,50,833754,0.086997,BB,0,1,0,03:375:0:1
6571,2025-07-18,00,10,50,870941,0.037187,02,696,0,1,
6572,2025-07-18,00,10,50,887177,0.016236,01,657,0,1,
6573,2025-07-18,00,10,50,911928,0.024751,02,761,0,1,1831:0:1
6574,2025-07-18,00,10,50,924955,0.013027,03,610,0,1,
6575,2025-07-18,00,10,50,989848,0.064893,02,750,0,0,Node 02: Network 3
6576,2025-07-18,00,10,51,068562,0.078714,03,1250,0,0,Node 03: Network 3
6577,2025-07-18,00,10,51,176499,0.107937,03,1265,0,0,Node 03: Network 3
6578,2025-07-18,00,10,51,260239,0.08374,01,250,0,0,Node 01: Network 3
6579,2025-07-18,00,10,51,309995,0.049756,02,750,0,0,Node 02: Network 3
6580,2025-07-18,00,10,51,342090,0.032095,01,254,0,0,Node 01: Network 3
6581,2025-07-18,00,10,51,376944,0.034854,03,1250,0,0,Node 03: Network 3
6582,2025-07-18,00,10,51,466076,0.089132,01,250,0,0,Node 01: Network 3
6583,2025-07-18,00,10,51,573989,0.107913,02,750,0,0,Node 02: Network 3
6584,2025-07-18,00,10,51,620552,0.046563,03,1250,0,0,Node 03: Network 3
6585,2025-07-18,00,10,51,684581,0.064029,02,759,0,0,Node 02: Network 3
6586,2025-07-18,00,10,51,757262,0.072681,01,250,0,0,Node 01: Network 3
6587,2025-07-18,00,10,51,852836,0.095574,02,750,0,0,Node 02: Network 3
6588,2025-07-18,00,10,52,115029,0.262193,BB,0,1,0,
6589,2025-07-18,00,10,52,204028,0.088999,03,1250,0,0,Node 03: Network 3
6590,2025-07-18,00,10,52,223269,0.019241,03,1086,0,1,
6591,2025-07-18,00,10,53,245801,1.022532,01,250,0,0,Node 01: Network 3
6592,2025-07-18,00,10,53,433918,0.188117,03,1250,0,0,Node 03: Network 3
6593,2025-07-18,00,10,53,747578,0.31366,02,750,0,0,Node 02: Network 3
6594,2025-07-18,00,10,54,119039,0.371461,BB,0,1,0,
6595,2025-07-18,00,10,56,124158,2.005119,BB,0,1,0,
6596,2025-07-18,00,10,56,185019,0.060861,01,1200,0,1,
6597,2025-07-18,00,10,56,219062,0.034043,02,1196,0,1,
6598,2025-07-18,00,10,56,248715,0.029653,03,12,0,1,
6599,2025-07-18,00,10,56,441048,0.192333,01,250,0,0,Node 01: Network 3
6600,2025-07-18,00,10,56,985964,0.544916,02,750,0,0,Node 02: Network 3
6601,2025-07-18,00,10,57,443205,0.457241,03,1250,0,0,Node 03: Network 3
6602,2025-07-18,00,10,58,440666,0.997461,01,250,0,0,Node 01: Network 3
6603,2025-07-18,00,10,58,988071,0.547405,02,750,0,0,Node 02: Network 3
6604,2025-07-18,00,10,59,444878,0.456807,03,1250,0,0,Node 03: Network 3
6605,2025-07-18,00,11,00,441326,0.996448,01,250,0,0,Node 01: Network 3
6606,2025-07-18,00,11,00,989683,0.548357,02,750,0,0,Node 02: Network 3
6607,2025-07-18,00,11,01,447358,0.457675,03,1250,0,0,Node 03: Network 3
6608,2025-07-18,00,11,02,442095,0.994737,01,250,0,0,Node 01: Network 3
6609,2025-07-18,00,11,02,990184,0.548089,02,750,0,0,Node 02: Network 3
6610,2025-07-18,00,11,03,488453,0.498269,03,1250,0,0,Node 03: Network 3
6611,2025-07-18,00,11,04,442134,0.953681,01,250,0,0,Node 01: Network 3
6612,2025-07-18,00,11,04,987272,0.545138,02,750,0,0,Node 02: Network 3
6613,2025-07-18,00,11,05,491201,0.503929,03,1250,0,0,Node 03: Network 3
6614,2025-07-18,00,11,06,443768,0.952567,01,250,0,0,Node 01: Network 3
6615,2025-07-18,00,11,06,988751,0.544983,02,750,0,0,Node 02: Network 3
6616,2025-07-18,00,11,07,494200,0.505449,03,1251,0,0,Node 03: Network 3
6617,2025-07-18,00,11,08,444237,0.950037,01,250,0,0,Node 01: Network 3
6618,2025-07-18,00,11,09,036879,0.592642,02,750,0,0,Node 02: Network 3
6619,2025-07-18,00,11,09,495997,0.459118,03,1250,0,0,Node 03: Network 3
6620,2025-07-18,00,11,10,444708,0.948711,01,250,0,0,Node 01: Network 3
6621,2025-07-18,00,11,11,039308,0.5946,02,750,0,0,Node 02: Network 3
6622,2025-07-18,00,11,11,497528,0.45822,03,1250,0,0,Node 03: Network 3
6623,2025-07-18,00,11,12,582694,1.085166,01,250,0,0,Node 01: Network 3
6624,2025-07-18,00,11,13,040667,0.457973,02,750,0,0,Node 02: Network 3
6625,2025-07-18,00,11,13,499893,0.459226,03,1250,0,0,Node 03: Network 3
6626,2025-07-18,00,11,14,583871,1.083978,01,250,0,0,Node 01: Network 3
6627,2025-07-18,00,11,15,044018,0.460147,02,750,0,0,Node 02: Network 3
6628,2025-07-18,00,11,15,631943,0.587925,03,1250,0,0,Node 03: Network 3
6629,2025-07-18,00,11,16,585698,0.953755,01,250,0,0,Node 01: Network 3
6630,2025-07-18,00,11,17,045617,0.459919,02,750,0,0,Node 02: Network 3
6631,2025-07-18,00,11,17,634014,0.588397,03,1250,0,0,Node 03: Network 3
6632,2025-07-18,00,11,18,585876,0.951862,01,250,0,0,Node 01: Network 3
6633,2025-07-18,00,11,19,047116,0.46124,02,750,0,0,Node 02: Network 3
6634,2025-07-18,00,11,19,631584,0.584468,03,1250,0,0,Node 03: Network 3
6635,2025-07-18,00,11,20,590577,0.958993,01,250,0,0,Node 01: Network 3
6636,2025-07-18,00,11,21,049574,0.458997,02,750,0,0,Node 02: Network 3
6637,2025-07-18,00,11,21,636760,0.587186,03,1250,0,0,Node 03: Network 3
6638,2025-07-18,00,11,22,591032,0.954272,01,250,0,0,Node 01: Network 3
6639,2025-07-18,00,11,23,135015,0.543983,02,750,0,0,Node 02: Network 3
6640,2025-07-18,00,11,23,639622,0.504607,03,1250,0,0,Node 03: Network 3
6641,2025-07-18,00,11,24,592302,0.95268,01,250,0,0,Node 01: Network 3
6642,2025-07-18,00,11,25,137246,0.544944,02,750,0,0,Node 02: Network 3
6643,2025-07-18,00,11,25,642604,0.505358,03,1250,0,0,Node 03: Network 3
6644,2025-07-18,00,11,26,685722,1.043118,01,250,0,0,Node 01: Network 3
6645,2025-07-18,00,11,27,138945,0.453223,02,750,0,0,Node 02: Network 3
6646,2025-07-18,00,11,27,645145,0.5062,03,1250,0,0,Node 03: Network 3
6647,2025-07-18,00,11,28,686308,1.041163,01,250,0,0,Node 01: Network 3
6648,2025-07-18,00,11,29,141807,0.455499,02,750,0,0,Node 02: Network 3
6649,2025-07-18,00,11,29,646227,0.50442,03,1250,0,0,Node 03: Network 3
6650,2025-07-18,00,11,30,687343,1.041116,01,250,0,0,Node 01: Network 3
6651,2025-07-18,00,11,31,143457,0.456114,02,750,0,0,Node 02: Network 3
6652,2025-07-18,00,11,31,734783,0.591326,03,1250,0,0,Node 03: Network 3
6653,2025-07-18,00,11,32,203220,0.468437,BB,0,1,0,
6654,2025-07-18,00,11,32,271462,0.068242,03,1131,0,1,
6655,2025-07-18,00,11,33,522595,1.251133,03,1250,0,0,Node 03: Network 3
6656,2025-07-18,00,11,34,564328,1.041733,01,250,0,0,Node 01: Network 3
6657,2025-07-18,00,11,35,066622,0.502294,02,750,0,0,Node 02: Network 3
6658,2025-07-18,00,11,35,524995,0.458373,03,1250,0,0,Node 03: Network 3
6659,2025-07-18,00,11,36,565308,1.040313,01,250,0,0,Node 01: Network 3
6660,2025-07-18,00,11,37,069140,0.503832,02,750,0,0,Node 02: Network 3
6661,2025-07-18,00,11,37,552733,0.483593,03,1250,0,0,Node 03: Network 3
6662,2025-07-18,00,11,38,567783,1.01505,01,250,0,0,Node 01: Network 3
6663,2025-07-18,00,11,39,065355,0.497572,02,750,0,0,Node 02: Network 3
6664,2025-07-18,00,11,39,528864,0.463509,03,1250,0,0,Node 03: Network 3
6665,2025-07-18,00,11,40,568248,1.039384,01,250,0,0,Node 01: Network 3
6666,2025-07-18,00,11,41,066311,0.498063,02,750,0,0,Node 02: Network 3
6667,2025-07-18,00,11,41,531260,0.464949,03,1250,0,0,Node 03: Network 3
6668,2025-07-18,00,11,42,573630,1.04237,01,250,0,0,Node 01: Network 3
6669,2025-07-18,00,11,43,069211,0.495581,02,750,0,0,Node 02: Network 3
6670,2025-07-18,00,11,43,533001,0.46379,03,1250,0,0,Node 03: Network 3
6671,2025-07-18,00,11,44,574681,1.04168,01,250,0,0,Node 01: Network 3
6672,2025-07-18,00,11,45,071433,0.496752,02,750,0,0,Node 02: Network 3
6673,2025-07-18,00,11,45,535038,0.463605,03,1250,0,0,Node 03: Network 3
6674,2025-07-18,00,11,46,615522,1.080484,01,250,0,0,Node 01: Network 3
6675,2025-07-18,00,11,47,078941,0.463419,02,750,0,0,Node 02: Network 3
6676,2025-07-18,00,11,47,537422,0.458481,03,1250,0,0,Node 03: Network 3
6677,2025-07-18,00,11,48,624170,1.086748,01,250,0,0,Node 01: Network 3
6678,2025-07-18,00,11,49,080740,0.45657,02,750,0,0,Node 02: Network 3
6679,2025-07-18,00,11,49,540016,0.459276,03,1250,0,0,Node 03: Network 3
6680,2025-07-18,00,11,50,625154,1.085138,01,250,0,0,Node 01: Network 3
6681,2025-07-18,00,11,51,083095,0.457941,02,750,0,0,Node 02: Network 3
6682,2025-07-18,00,11,51,542596,0.459501,03,1250,0,0,Node 03: Network 3
6683,2025-07-18,00,11,52,625982,1.083386,01,250,0,0,Node 01: Network 3
6684,2025-07-18,00,11,53,085197,0.459215,02,750,0,0,Node 02: Network 3
6685,2025-07-18,00,11,53,543834,0.458637,03,1250,0,0,Node 03: Network 3
6686,2025-07-18,00,11,54,626003,1.082169,01,250,0,0,Node 01: Network 3
6687,2025-07-18,00,11,55,087444,0.461441,02,750,0,0,Node 02: Network 3
6688,2025-07-18,00,11,55,545957,0.458513,03,1250,0,0,Node 03: Network 3
6689,2025-07-18,00,11,56,627210,1.081253,01,250,0,0,Node 01: Network 3
6690,2025-07-18,00,11,57,090202,0.462992,02,750,0,0,Node 02: Network 3
6691,2025-07-18,00,11,57,548803,0.458601,03,1250,0,0,Node 03: Network 3
6692,2025-07-18,00,11,58,627988,1.079185,01,250,0,0,Node 01: Network 3
6693,2025-07-18,00,11,59,092051,0.464063,02,750,0,0,Node 02: Network 3
6694,2025-07-18,00,11,59,550671,0.45862,03,1250,0,0,Node 03: Network 3
6695,2025-07-18,00,12,00,629022,1.078351,01,250,0,0,Node 01: Network 3
6696,2025-07-18,00,12,01,093521,0.464499,02,750,0,0,Node 02: Network 3
6697,2025-07-18,00,12,01,553020,0.459499,03,1250,0,0,Node 03: Network 3
6698,2025-07-18,00,12,02,629481,1.076461,01,250,0,0,Node 01: Network 3
6699,2025-07-18,00,12,03,097191,0.46771,02,751,0,0,Node 02: Network 3
6700,2025-07-18,00,12,03,555166,0.457975,03,1250,0,0,Node 03: Network 3
6701,2025-07-18,00,12,04,630697,1.075531,01,250,0,0,Node 01: Network 3
6702,2025-07-18,00,12,05,174467,0.54377,02,750,0,0,Node 02: Network 3
6703,2025-07-18,00,12,05,557590,0.383123,03,1250,0,0,Node 03: Network 3
6704,2025-07-18,00,12,06,630507,1.072917,01,250,0,0,Node 01: Network 3
6705,2025-07-18,00,12,07,176004,0.545497,02,750,0,0,Node 02: Network 3
6706,2025-07-18,00,12,07,559225,0.383221,03,1250,0,0,Node 03: Network 3
6707,2025-07-18,00,12,08,631352,1.072127,01,250,0,0,Node 01: Network 3
6708,2025-07-18,00,12,09,177913,0.546561,02,750,0,0,Node 02: Network 3
6709,2025-07-18,00,12,09,561705,0.383792,03,1250,0,0,Node 03: Network 3
6710,2025-07-18,00,12,10,631940,1.070235,01,250,0,0,Node 01: Network 3
6711,2025-07-18,00,12,11,106046,0.474106,02,750,0,0,Node 02: Network 3
6712,2025-07-18,00,12,11,563866,0.45782,03,1250,0,0,Node 03: Network 3
6713,2025-07-18,00,12,12,632879,1.069013,01,250,0,0,Node 01: Network 3
6714,2025-07-18,00,12,13,108834,0.475955,02,750,0,0,Node 02: Network 3
6715,2025-07-18,00,12,13,566450,0.457616,03,1250,0,0,Node 03: Network 3
6716,2025-07-18,00,12,14,634706,1.068256,01,250,0,0,Node 01: Network 3
6717,2025-07-18,00,12,15,111237,0.476531,02,750,0,0,Node 02: Network 3
6718,2025-07-18,00,12,15,681634,0.570397,03,1250,0,0,Node 03: Network 3
6719,2025-07-18,00,12,16,634332,0.952698,01,250,0,0,Node 01: Network 3
6720,2025-07-18,00,12,17,113473,0.479141,02,750,0,0,Node 02: Network 3
6721,2025-07-18,00,12,17,660486,0.547013,03,1250,0,0,Node 03: Network 3
6722,2025-07-18,00,12,18,635093,0.974607,01,250,0,0,Node 01: Network 3
6723,2025-07-18,00,12,19,114085,0.478992,02,750,0,0,Node 02: Network 3
6724,2025-07-18,00,12,19,662308,0.548223,03,1250,0,0,Node 03: Network 3
6725,2025-07-18,00,12,20,705501,1.043193,01,250,0,0,Node 01: Network 3
6726,2025-07-18,00,12,21,205747,0.500246,02,750,0,0,Node 02: Network 3
6727,2025-07-18,00,12,21,664768,0.459021,03,1250,0,0,Node 03: Network 3
6728,2025-07-18,00,12,22,706784,1.042016,01,250,0,0,Node 01: Network 3
6729,2025-07-18,00,12,23,207939,0.501155,02,750,0,0,Node 02: Network 3
6730,2025-07-18,00,12,23,666871,0.458932,03,1250,0,0,Node 03: Network 3
6731,2025-07-18,00,12,24,707597,1.040726,01,250,0,0,Node 01: Network 3
6732,2025-07-18,00,12,25,211164,0.503567,02,750,0,0,Node 02: Network 3
6733,2025-07-18,00,12,25,668105,0.456941,03,1250,0,0,Node 03: Network 3
6734,2025-07-18,00,12,26,755042,1.086937,01,250,0,0,Node 01: Network 3
6735,2025-07-18,00,12,27,213160,0.458118,02,750,0,0,Node 02: Network 3
6736,2025-07-18,00,12,27,801701,0.588541,03,1250,0,0,Node 03: Network 3
6737,2025-07-18,00,12,28,755953,0.954252,01,250,0,0,Node 01: Network 3
6738,2025-07-18,00,12,29,346975,0.591022,02,750,0,0,Node 02: Network 3
6739,2025-07-18,00,12,29,804282,0.457307,03,1250,0,0,Node 03: Network 3
6740,2025-07-18,00,12,30,329129,0.524847,BB,0,1,0,
6741,2025-07-18,00,12,32,333063,2.003934,BB,0,1,0,
6742,2025-07-18,00,12,32,381645,0.048582,03,1852,0,1,
6743,2025-07-18,00,12,32,405980,0.024335,01,1900,0,1,
6744,2025-07-18,00,12,32,420219,0.014239,02,1807,0,1,
6745,2025-07-18,00,12,32,648450,0.228231,01,250,0,0,Node 01: Network 3
6746,2025-07-18,00,12,33,151011,0.502561,02,750,0,0,Node 02: Network 3
6747,2025-07-18,00,12,33,651329,0.500318,03,1250,0,0,Node 03: Network 3
6748,2025-07-18,00,12,34,695143,1.043814,01,250,0,0,Node 01: Network 3
6749,2025-07-18,00,12,35,196050,0.500907,02,750,0,0,Node 02: Network 3
6750,2025-07-18,00,12,35,653338,0.457288,03,1250,0,0,Node 03: Network 3
6751,2025-07-18,00,12,36,696246,1.042908,01,250,0,0,Node 01: Network 3
6752,2025-07-18,00,12,37,198485,0.502239,02,750,0,0,Node 02: Network 3
6753,2025-07-18,00,12,37,656164,0.457679,03,1250,0,0,Node 03: Network 3
6754,2025-07-18,00,12,38,696530,1.040366,01,250,0,0,Node 01: Network 3
6755,2025-07-18,00,12,39,200456,0.503926,02,750,0,0,Node 02: Network 3
6756,2025-07-18,00,12,39,659272,0.458816,03,1250,0,0,Node 03: Network 3
6757,2025-07-18,00,12,40,697131,1.037859,01,250,0,0,Node 01: Network 3
6758,2025-07-18,00,12,41,202743,0.505612,02,750,0,0,Node 02: Network 3
6759,2025-07-18,00,12,41,744301,0.541558,03,1250,0,0,Node 03: Network 3
6760,2025-07-18,00,12,42,697799,0.953498,01,250,0,0,Node 01: Network 3
6761,2025-07-18,00,12,43,204972,0.507173,02,750,0,0,Node 02: Network 3
6762,2025-07-18,00,12,43,746230,0.541258,03,1250,0,0,Node 03: Network 3
6763,2025-07-18,00,12,44,697783,0.951553,01,250,0,0,Node 01: Network 3
6764,2025-07-18,00,12,45,208239,0.510456,02,751,0,0,Node 02: Network 3
6765,2025-07-18,00,12,45,748386,0.540147,03,1250,0,0,Node 03: Network 3
6766,2025-07-18,00,12,46,752316,1.00393,01,250,0,0,Node 01: Network 3
6767,2025-07-18,00,12,47,292147,0.539831,02,750,0,0,Node 02: Network 3
6768,2025-07-18,00,12,47,749886,0.457739,03,1250,0,0,Node 03: Network 3
6769,2025-07-18,00,12,48,837182,1.087296,01,250,0,0,Node 01: Network 3
6770,2025-07-18,00,12,49,294814,0.457632,02,750,0,0,Node 02: Network 3
6771,2025-07-18,00,12,49,752505,0.457691,03,1250,0,0,Node 03: Network 3
6772,2025-07-18,00,12,50,836824,1.084319,01,250,0,0,Node 01: Network 3
6773,2025-07-18,00,12,51,296789,0.459965,02,750,0,0,Node 02: Network 3
6774,2025-07-18,00,12,51,755081,0.458292,03,1251,0,0,Node 03: Network 3
6775,2025-07-18,00,12,52,837973,1.082892,01,250,0,0,Node 01: Network 3
6776,2025-07-18,00,12,53,297400,0.459427,02,750,0,0,Node 02: Network 3
6777,2025-07-18,00,12,53,757132,0.459732,03,1250,0,0,Node 03: Network 3
6778,2025-07-18,00,12,54,799382,1.04225,01,250,0,0,Node 01: Network 3
6779,2025-07-18,00,12,55,300351,0.500969,02,750,0,0,Node 02: Network 3
6780,2025-07-18,00,12,55,759191,0.45884,03,1250,0,0,Node 03: Network 3
6781,2025-07-18,00,12,56,800461,1.04127,01,250,0,0,Node 01: Network 3
6782,2025-07-18,00,12,57,302399,0.501938,02,750,0,0,Node 02: Network 3
6783,2025-07-18,00,12,57,848362,0.545963,03,1250,0,0,Node 03: Network 3
6784,2025-07-18,00,12,58,597013,0.748651,BB,0,1,0,03:1250:0:0:Node 03: Network 3
6785,2025-07-18,00,12,58,608620,0.011607,BB,0,1,0,
6786,2025-07-18,00,12,58,644978,0.036358,01,132,0,1,
6787,2025-07-18,00,12,58,661543,0.016565,03,85,0,1,
6788,2025-07-18,00,12,58,721990,0.060447,02,128,0,1,
6789,2025-07-18,00,12,58,748989,0.026999,BB,0,1,0,01:1200:0:1
6790,2025-07-18,00,12,58,817416,0.068427,03,1086,0,1,
6791,2025-07-18,00,12,58,947623,0.130207,03,12,0,1,1196:0:1
6792,2025-07-18,00,12,59,064112,0.116489,03,1250,0,0,Node 03: Network 3
6793,2025-07-18,00,12,59,122682,0.05857,01,250,0,0,Node 01: Network 3
6794,2025-07-18,00,12,59,206174,0.083492,03,1280,0,0,Node 03: Network 3
6795,2025-07-18,00,12,59,239369,0.033195,01,254,0,0,Node 01: Network 3
6796,2025-07-18,00,12,59,271137,0.031768,01,281,0,0,Node 01: Network 3
6797,2025-07-18,00,12,59,304200,0.033063,02,759,0,0,Node 02: Network 3
6798,2025-07-18,00,12,59,369946,0.065746,01,250,0,0,Node 01: Network 3
6799,2025-07-18,00,12,59,443493,0.073547,03,1250,0,0,Node 03: Network 3
6800,2025-07-18,00,12,59,476672,0.033179,02,750,0,0,Node 02: Network 3
6801,2025-07-18,00,12,59,510589,0.033917,01,250,0,0,Node 01: Network 3
6802,2025-07-18,00,12,59,585647,0.075058,02,750,0,0,Node 02: Network 3
6803,2025-07-18,00,12,59,646646,0.060999,03,1250,0,0,Node 03: Network 3
6804,2025-07-18,00,12,59,784240,0.137594,01,250,0,0,Node 01: Network 3
6805,2025-07-18,00,13,00,395163,0.610923,BB,0,1,0,
6806,2025-07-18,00,13,02,399318,2.004155,BB,0,1,0,
6807,2025-07-18,00,13,02,432584,0.033266,02,613,0,1,
6808,2025-07-18,00,13,02,470173,0.037589,03,611,0,1,
6809,2025-07-18,00,13,02,489925,0.019752,01,1555,0,1,
6810,2025-07-18,00,13,02,714051,0.224126,01,250,0,0,Node 01: Network 3
6811,2025-07-18,00,13,03,215181,0.50113,02,750,0,0,Node 02: Network 3
6812,2025-07-18,00,13,03,761162,0.545981,03,1250,0,0,Node 03: Network 3
6813,2025-07-18,00,13,04,715214,0.954052,01,250,0,0,Node 01: Network 3
6814,2025-07-18,00,13,05,217779,0.502565,02,750,0,0,Node 02: Network 3
6815,2025-07-18,00,13,05,762635,0.544856,03,1250,0,0,Node 03: Network 3
6816,2025-07-18,00,13,06,715885,0.95325,01,250,0,0,Node 01: Network 3
6817,2025-07-18,00,13,07,219746,0.503861,02,750,0,0,Node 02: Network 3
6818,2025-07-18,00,13,07,763950,0.544204,03,1250,0,0,Node 03: Network 3
6819,2025-07-18,00,13,08,716282,0.952332,01,250,0,0,Node 01: Network 3
6820,2025-07-18,00,13,09,220184,0.503902,02,750,0,0,Node 02: Network 3
6821,2025-07-18,00,13,10,717757,1.497573,01,250,0,0,Node 01: Network 3
6822,2025-07-18,00,13,11,223343,0.505586,02,750,0,0,Node 02: Network 3
6823,2025-07-18,00,13,11,765384,0.542041,03,1250,0,0,Node 03: Network 3
6824,2025-07-18,00,13,12,717699,0.952315,01,250,0,0,Node 01: Network 3
6825,2025-07-18,00,13,13,225265,0.507566,02,750,0,0,Node 02: Network 3
6826,2025-07-18,00,13,13,767104,0.541839,03,1250,0,0,Node 03: Network 3
6827,2025-07-18,00,13,14,718101,0.950997,01,250,0,0,Node 01: Network 3
6828,2025-07-18,00,13,15,227492,0.509391,02,750,0,0,Node 02: Network 3
6829,2025-07-18,00,13,15,773217,0.545725,03,1250,0,0,Node 03: Network 3
6830,2025-07-18,00,13,16,816610,1.043393,01,250,0,0,Node 01: Network 3
6831,2025-07-18,00,13,17,228946,0.412336,02,750,0,0,Node 02: Network 3
6832,2025-07-18,00,13,17,776054,0.547108,03,1250,0,0,Node 03: Network 3
6833,2025-07-18,00,13,18,819225,1.043171,01,250,0,0,Node 01: Network 3
6834,2025-07-18,00,13,19,231979,0.412754,02,750,0,0,Node 02: Network 3
6835,2025-07-18,00,13,19,777794,0.545815,03,1250,0,0,Node 03: Network 3
6836,2025-07-18,00,13,20,776171,0.998377,01,250,0,0,Node 01: Network 3
6837,2025-07-18,00,13,21,232878,0.456707,02,750,0,0,Node 02: Network 3
6838,2025-07-18,00,13,21,780659,0.547781,03,1250,0,0,Node 03: Network 3
6839,2025-07-18,00,13,22,776883,0.996224,01,250,0,0,Node 01: Network 3
6840,2025-07-18,00,13,23,235256,0.458373,02,750,0,0,Node 02: Network 3
6841,2025-07-18,00,13,23,783085,0.547829,03,1250,0,0,Node 03: Network 3
6842,2025-07-18,00,13,24,777387,0.994302,01,250,0,0,Node 01: Network 3
6843,2025-07-18,00,13,25,327122,0.549735,02,750,0,0,Node 02: Network 3
6844,2025-07-18,00,13,25,784381,0.457259,03,1250,0,0,Node 03: Network 3
6845,2025-07-18,00,13,26,871574,1.087193,01,250,0,0,Node 01: Network 3
6846,2025-07-18,00,13,27,329090,0.457516,02,750,0,0,Node 02: Network 3
6847,2025-07-18,00,13,27,786810,0.45772,03,1250,0,0,Node 03: Network 3
6848,2025-07-18,00,13,28,873336,1.086526,01,250,0,0,Node 01: Network 3
6849,2025-07-18,00,13,29,330421,0.457085,02,750,0,0,Node 02: Network 3
6850,2025-07-18,00,13,29,789211,0.45879,03,1250,0,0,Node 03: Network 3
6851,2025-07-18,00,13,30,872764,1.083553,01,250,0,0,Node 01: Network 3
6852,2025-07-18,00,13,31,333654,0.46089,02,751,0,0,Node 02: Network 3
6853,2025-07-18,00,13,31,918776,0.585122,03,1250,0,0,Node 03: Network 3
6854,2025-07-18,00,13,32,874364,0.955588,01,250,0,0,Node 01: Network 3
6855,2025-07-18,00,13,33,335418,0.461054,02,750,0,0,Node 02: Network 3
6856,2025-07-18,00,13,33,920978,0.58556,03,1250,0,0,Node 03: Network 3
6857,2025-07-18,00,13,34,875667,0.954689,01,250,0,0,Node 01: Network 3
6858,2025-07-18,00,13,35,337172,0.461505,02,750,0,0,Node 02: Network 3
6859,2025-07-18,00,13,35,884030,0.546858,03,1250,0,0,Node 03: Network 3
6860,2025-07-18,00,13,36,875699,0.991669,01,250,0,0,Node 01: Network 3
6861,2025-07-18,00,13,37,339679,0.46398,02,750,0,0,Node 02: Network 3
6862,2025-07-18,00,13,37,885548,0.545869,03,1250,0,0,Node 03: Network 3
6863,2025-07-18,00,13,38,929529,1.043981,01,250,0,0,Node 01: Network 3
6864,2025-07-18,00,13,39,341393,0.411864,02,750,0,0,Node 02: Network 3
6865,2025-07-18,00,13,39,887907,0.546514,03,1250,0,0,Node 03: Network 3
6866,2025-07-18,00,13,40,929519,1.041612,01,250,0,0,Node 01: Network 3
6867,2025-07-18,00,13,41,342997,0.413478,02,750,0,0,Node 02: Network 3
6868,2025-07-18,00,13,41,890229,0.547232,03,1250,0,0,Node 03: Network 3
6869,2025-07-18,00,13,42,930432,1.040203,01,250,0,0,Node 01: Network 3
6870,2025-07-18,00,13,43,344719,0.414287,02,750,0,0,Node 02: Network 3
6871,2025-07-18,00,13,43,892259,0.54754,03,1250,0,0,Node 03: Network 3
6872,2025-07-18,00,13,44,888317,0.996058,01,250,0,0,Node 01: Network 3
6873,2025-07-18,00,13,45,437430,0.549113,02,750,0,0,Node 02: Network 3
6874,2025-07-18,00,13,45,895536,0.458106,03,1250,0,0,Node 03: Network 3
6875,2025-07-18,00,13,46,890385,0.994849,01,250,0,0,Node 01: Network 3
6876,2025-07-18,00,13,47,438528,0.548143,02,750,0,0,Node 02: Network 3
6877,2025-07-18,00,13,47,896738,0.45821,03,1250,0,0,Node 03: Network 3
6878,2025-07-18,00,13,48,890233,0.993495,01,250,0,0,Node 01: Network 3
6879,2025-07-18,00,13,49,442306,0.552073,02,750,0,0,Node 02: Network 3
6880,2025-07-18,00,13,49,988163,0.545857,03,1250,0,0,Node 03: Network 3
6881,2025-07-18,00,13,50,891730,0.903567,01,250,0,0,Node 01: Network 3
6882,2025-07-18,00,13,51,533211,0.641481,02,750,0,0,Node 02: Network 3
6883,2025-07-18,00,13,51,990652,0.457441,03,1250,0,0,Node 03: Network 3
6884,2025-07-18,00,13,52,508191,0.517539,BB,0,1,0,
6885,2025-07-18,00,13,54,513804,2.005613,BB,0,1,0,
6886,2025-07-18,00,13,54,561251,0.047447,03,1846,0,1,
6887,2025-07-18,00,13,54,575001,0.01375,02,1801,0,1,
6888,2025-07-18,00,13,55,832206,1.257205,03,1250,0,0,Node 03: Network 3
6889,2025-07-18,00,13,56,874737,1.042531,01,250,0,0,Node 01: Network 3
6890,2025-07-18,00,13,57,376585,0.501848,02,750,0,0,Node 02: Network 3
6891,2025-07-18,00,13,57,833916,0.457331,03,1250,0,0,Node 03: Network 3
6892,2025-07-18,00,13,58,874929,1.041013,01,250,0,0,Node 01: Network 3
6893,2025-07-18,00,13,59,418477,0.543548,02,750,0,0,Node 02: Network 3
6894,2025-07-18,00,13,59,838056,0.419579,03,1250,0,0,Node 03: Network 3
6895,2025-07-18,00,14,00,874960,1.036904,01,250,0,0,Node 01: Network 3
6896,2025-07-18,00,14,01,420137,0.545177,02,750,0,0,Node 02: Network 3
6897,2025-07-18,00,14,01,839100,0.418963,03,1250,0,0,Node 03: Network 3
6898,2025-07-18,00,14,02,875561,1.036461,01,250,0,0,Node 01: Network 3
6899,2025-07-18,00,14,03,422298,0.546737,02,750,0,0,Node 02: Network 3
6900,2025-07-18,00,14,03,923177,0.500879,03,1250,0,0,Node 03: Network 3
6901,2025-07-18,00,14,04,878002,0.954825,01,250,0,0,Node 01: Network 3
6902,2025-07-18,00,14,05,423656,0.545654,02,750,0,0,Node 02: Network 3
6903,2025-07-18,00,14,05,924788,0.501132,03,1250,0,0,Node 03: Network 3
6904,2025-07-18,00,14,06,877812,0.953024,01,250,0,0,Node 01: Network 3
6905,2025-07-18,00,14,07,425940,0.548128,02,750,0,0,Node 02: Network 3
6906,2025-07-18,00,14,07,927483,0.501543,03,1250,0,0,Node 03: Network 3
6907,2025-07-18,00,14,08,879076,0.951593,01,250,0,0,Node 01: Network 3
6908,2025-07-18,00,14,09,424048,0.544972,02,750,0,0,Node 02: Network 3
6909,2025-07-18,00,14,09,926139,0.502091,03,1250,0,0,Node 03: Network 3
6910,2025-07-18,00,14,10,879649,0.95351,01,250,0,0,Node 01: Network 3
6911,2025-07-18,00,14,11,425136,0.545487,02,750,0,0,Node 02: Network 3
6912,2025-07-18,00,14,11,928001,0.502865,03,1250,0,0,Node 03: Network 3
6913,2025-07-18,00,14,12,969031,1.04103,01,250,0,0,Node 01: Network 3
6914,2025-07-18,00,14,13,471726,0.502695,02,750,0,0,Node 02: Network 3
6915,2025-07-18,00,14,14,969523,1.497797,01,250,0,0,Node 01: Network 3
6916,2025-07-18,00,14,15,474074,0.504551,02,750,0,0,Node 02: Network 3
6917,2025-07-18,00,14,16,016852,0.542778,03,1250,0,0,Node 03: Network 3
6918,2025-07-18,00,14,16,970589,0.953737,01,250,0,0,Node 01: Network 3
6919,2025-07-18,00,14,17,476516,0.505927,02,750,0,0,Node 02: Network 3
6920,2025-07-18,00,14,18,018722,0.542206,03,1250,0,0,Node 03: Network 3
6921,2025-07-18,00,14,19,020756,1.002034,01,250,0,0,Node 01: Network 3
6922,2025-07-18,00,14,19,477967,0.457211,02,750,0,0,Node 02: Network 3
6923,2025-07-18,00,14,20,020585,0.542618,03,1250,0,0,Node 03: Network 3
6924,2025-07-18,00,14,21,021442,1.000857,01,250,0,0,Node 01: Network 3
6925,2025-07-18,00,14,21,479077,0.457635,02,750,0,0,Node 02: Network 3
6926,2025-07-18,00,14,22,069112,0.590035,03,1250,0,0,Node 03: Network 3
6927,2025-07-18,00,14,23,021707,0.952595,01,250,0,0,Node 01: Network 3
6928,2025-07-18,00,14,23,481879,0.460172,02,750,0,0,Node 02: Network 3
6929,2025-07-18,00,14,24,067931,0.586052,03,1250,0,0,Node 03: Network 3
6930,2025-07-18,00,14,25,023413,0.955482,01,250,0,0,Node 01: Network 3
6931,2025-07-18,00,14,25,612872,0.589459,02,750,0,0,Node 02: Network 3
6932,2025-07-18,00,14,26,071122,0.45825,03,1250,0,0,Node 03: Network 3
6933,2025-07-18,00,14,26,582706,0.511584,BB,0,1,0,
6934,2025-07-18,00,14,28,587286,2.00458,BB,0,1,0,
6935,2025-07-18,00,14,28,636379,0.049093,02,1795,0,1,
6936,2025-07-18,00,14,28,653392,0.017013,03,1838,0,1,
6937,2025-07-18,00,14,28,666907,0.013515,01,1753,0,1,
6938,2025-07-18,00,14,28,903120,0.236213,01,250,0,0,Node 01: Network 3
6939,2025-07-18,00,14,29,404396,0.501276,02,750,0,0,Node 02: Network 3
6940,2025-07-18,00,14,29,906637,0.502241,03,1250,0,0,Node 03: Network 3
6941,2025-07-18,00,14,30,903002,0.996365,01,250,0,0,Node 01: Network 3
6942,2025-07-18,00,14,31,405876,0.502874,02,750,0,0,Node 02: Network 3
6943,2025-07-18,00,14,31,909287,0.503411,03,1250,0,0,Node 03: Network 3
6944,2025-07-18,00,14,32,903585,0.994298,01,250,0,0,Node 01: Network 3
6945,2025-07-18,00,14,33,408654,0.505069,02,750,0,0,Node 02: Network 3
6946,2025-07-18,00,14,33,951940,0.543286,03,1250,0,0,Node 03: Network 3
6947,2025-07-18,00,14,34,905074,0.953134,01,250,0,0,Node 01: Network 3
6948,2025-07-18,00,14,35,496611,0.591537,02,750,0,0,Node 02: Network 3
6949,2025-07-18,00,14,35,953756,0.457145,03,1250,0,0,Node 03: Network 3
6950,2025-07-18,00,14,36,905674,0.951918,01,250,0,0,Node 01: Network 3
6951,2025-07-18,00,14,37,497599,0.591925,02,750,0,0,Node 02: Network 3
6952,2025-07-18,00,14,37,955628,0.458029,03,1250,0,0,Node 03: Network 3
6953,2025-07-18,00,14,38,905336,0.949708,01,250,0,0,Node 01: Network 3
6954,2025-07-18,00,14,39,498922,0.593586,02,750,0,0,Node 02: Network 3
6955,2025-07-18,00,14,39,957265,0.458343,03,1250,0,0,Node 03: Network 3
6956,2025-07-18,00,14,40,906285,0.94902,01,250,0,0,Node 01: Network 3
6957,2025-07-18,00,14,41,501711,0.595426,02,750,0,0,Node 02: Network 3
6958,2025-07-18,00,14,41,953719,0.452008,03,1251,0,0,Node 03: Network 3
6959,2025-07-18,00,14,42,907715,0.953996,01,250,0,0,Node 01: Network 3
6960,2025-07-18,00,14,43,503102,0.595387,02,750,0,0,Node 02: Network 3
6961,2025-07-18,00,14,43,954791,0.451689,03,1250,0,0,Node 03: Network 3
6962,2025-07-18,00,14,44,908406,0.953615,01,250,0,0,Node 01: Network 3
6963,2025-07-18,00,14,45,505905,0.597499,02,750,0,0,Node 02: Network 3
6964,2025-07-18,00,14,45,958481,0.452576,03,1250,0,0,Node 03: Network 3
6965,2025-07-18,00,14,46,908144,0.949663,01,250,0,0,Node 01: Network 3
6966,2025-07-18,00,14,47,507507,0.599363,02,750,0,0,Node 02: Network 3
6967,2025-07-18,00,14,47,959545,0.452038,03,1250,0,0,Node 03: Network 3
6968,2025-07-18,00,14,48,909452,0.949907,01,250,0,0,Node 01: Network 3
6969,2025-07-18,00,14,49,509457,0.600005,02,750,0,0,Node 02: Network 3
6970,2025-07-18,00,14,49,961311,0.451854,03,1250,0,0,Node 03: Network 3
6971,2025-07-18,00,14,50,909768,0.948457,01,250,0,0,Node 01: Network 3
6972,2025-07-18,00,14,51,505633,0.595865,02,750,0,0,Node 02: Network 3
6973,2025-07-18,00,14,51,963594,0.457961,03,1250,0,0,Node 03: Network 3
6974,2025-07-18,00,14,52,911083,0.947489,01,250,0,0,Node 01: Network 3
6975,2025-07-18,00,14,53,506590,0.595507,02,750,0,0,Node 02: Network 3
6976,2025-07-18,00,14,53,965515,0.458925,03,1250,0,0,Node 03: Network 3
6977,2025-07-18,00,14,54,911129,0.945614,01,250,0,0,Node 01: Network 3
6978,2025-07-18,00,14,55,510182,0.599053,02,750,0,0,Node 02: Network 3
6979,2025-07-18,00,14,55,967321,0.457139,03,1250,0,0,Node 03: Network 3
6980,2025-07-18,00,14,56,912456,0.945135,01,250,0,0,Node 01: Network 3
6981,2025-07-18,00,14,57,512202,0.599746,02,750,0,0,Node 02: Network 3
6982,2025-07-18,00,14,57,960055,0.447853,03,1250,0,0,Node 03: Network 3
6983,2025-07-18,00,14,58,913583,0.953528,01,250,0,0,Node 01: Network 3
6984,2025-07-18,00,14,59,512785,0.599202,02,750,0,0,Node 02: Network 3
6985,2025-07-18,00,14,59,961075,0.44829,03,1250,0,0,Node 03: Network 3
6986,2025-07-18,00,15,00,913953,0.952878,01,250,0,0,Node 01: Network 3
6987,2025-07-18,00,15,01,514650,0.600697,02,750,0,0,Node 02: Network 3
6988,2025-07-18,00,15,01,963269,0.448619,03,1250,0,0,Node 03: Network 3
6989,2025-07-18,00,15,02,914420,0.951151,01,250,0,0,Node 01: Network 3
6990,2025-07-18,00,15,03,516890,0.60247,02,750,0,0,Node 02: Network 3
6991,2025-07-18,00,15,03,965746,0.448856,03,1250,0,0,Node 03: Network 3
6992,2025-07-18,00,15,04,915068,0.949322,01,250,0,0,Node 01: Network 3
6993,2025-07-18,00,15,05,518958,0.60389,02,750,0,0,Node 02: Network 3
6994,2025-07-18,00,15,05,967088,0.44813,03,1250,0,0,Node 03: Network 3
6995,2025-07-18,00,15,06,803488,0.8364,BB,0,1,0,
6996,2025-07-18,00,15,06,858090,0.054602,BB,0,1,0,02:613:0:1
6997,2025-07-18,00,15,06,916831,0.058741,01,265,0,1,
6998,2025-07-18,00,15,06,929372,0.012541,02,171,0,1,
6999,2025-07-18,00,15,06,984240,0.054868,02,750,0,0,Node 02: Network 3
7000,2025-07-18,00,15,07,043341,0.059101,03,214,0,1,
7001,2025-07-18,00,15,07,113969,0.070628,03,1250,0,0,Node 03: Network 3
7002,2025-07-18,00,15,07,186154,0.072185,03,1280,0,0,Node 03: Network 3
7003,2025-07-18,00,15,07,278406,0.092252,01,281,0,0,Node 01: Network 3
7004,2025-07-18,00,15,07,316972,0.038566,01,250,0,0,Node 01: Network 3
7005,2025-07-18,00,15,07,350029,0.033057,01,275,0,0,Node 01: Network 3
7006,2025-07-18,00,15,07,410653,0.060624,02,750,0,0,Node 02: Network 3
7007,2025-07-18,00,15,07,475830,0.065177,03,1250,0,0,Node 03: Network 3
7008,2025-07-18,00,15,07,529442,0.053612,01,250,0,0,Node 01: Network 3
7009,2025-07-18,00,15,07,615837,0.086395,02,750,0,0,Node 02: Network 3
7010,2025-07-18,00,15,07,680347,0.06451,03,1274,0,0,Node 03: Network 3
7011,2025-07-18,00,15,07,779774,0.099427,01,250,0,0,Node 01: Network 3
7012,2025-07-18,00,15,07,814454,0.03468,03,1250,0,0,Node 03: Network 3
7013,2025-07-18,00,15,07,846196,0.031742,02,751,0,0,Node 02: Network 3
7014,2025-07-18,00,15,08,636323,0.790127,03,1250,0,0,Node 03: Network 3
7015,2025-07-18,00,15,08,681250,0.044927,BB,0,1,0,
7016,2025-07-18,00,15,10,678393,1.997143,BB,0,1,0,
7017,2025-07-18,00,15,10,724861,0.046468,03,1366,0,1,
7018,2025-07-18,00,15,10,738921,0.01406,02,1837,0,1,
7019,2025-07-18,00,15,10,789503,0.050582,01,1839,0,1,
7020,2025-07-18,00,15,10,996362,0.206859,01,251,0,0,Node 01: Network 3
7021,2025-07-18,00,15,11,539113,0.542751,02,750,0,0,Node 02: Network 3
7022,2025-07-18,00,15,11,997733,0.45862,03,1250,0,0,Node 03: Network 3
7023,2025-07-18,00,15,12,995816,0.998083,01,250,0,0,Node 01: Network 3
7024,2025-07-18,00,15,13,540966,0.54515,02,750,0,0,Node 02: Network 3
7025,2025-07-18,00,15,14,000995,0.460029,03,1250,0,0,Node 03: Network 3
7026,2025-07-18,00,15,14,996336,0.995341,01,250,0,0,Node 01: Network 3
7027,2025-07-18,00,15,15,544203,0.547867,02,750,0,0,Node 02: Network 3
7028,2025-07-18,00,15,16,002373,0.45817,03,1250,0,0,Node 03: Network 3
7029,2025-07-18,00,15,17,046937,1.044564,01,250,0,0,Node 01: Network 3
7030,2025-07-18,00,15,17,547689,0.500752,02,750,0,0,Node 02: Network 3
7031,2025-07-18,00,15,18,004008,0.456319,03,1250,0,0,Node 03: Network 3
7032,2025-07-18,00,15,19,047694,1.043686,01,250,0,0,Node 01: Network 3
7033,2025-07-18,00,15,19,549270,0.501576,02,750,0,0,Node 02: Network 3
7034,2025-07-18,00,15,20,008126,0.458856,03,1250,0,0,Node 03: Network 3
7035,2025-07-18,00,15,21,047885,1.039759,01,250,0,0,Node 01: Network 3
7036,2025-07-18,00,15,21,551148,0.503263,02,750,0,0,Node 02: Network 3
7037,2025-07-18,00,15,22,009393,0.458245,03,1250,0,0,Node 03: Network 3
7038,2025-07-18,00,15,23,094725,1.085332,01,250,0,0,Node 01: Network 3
7039,2025-07-18,00,15,23,552996,0.458271,02,750,0,0,Node 02: Network 3
7040,2025-07-18,00,15,24,011658,0.458662,03,1250,0,0,Node 03: Network 3
7041,2025-07-18,00,15,25,096168,1.08451,01,250,0,0,Node 01: Network 3
7042,2025-07-18,00,15,25,555370,0.459202,02,750,0,0,Node 02: Network 3
7043,2025-07-18,00,15,26,013869,0.458499,03,1250,0,0,Node 03: Network 3
7044,2025-07-18,00,15,27,099530,1.085661,01,250,0,0,Node 01: Network 3
7045,2025-07-18,00,15,27,556021,0.456491,02,750,0,0,Node 02: Network 3
7046,2025-07-18,00,15,28,015141,0.45912,03,1250,0,0,Node 03: Network 3
7047,2025-07-18,00,15,29,101074,1.085933,01,250,0,0,Node 01: Network 3
7048,2025-07-18,00,15,29,559040,0.457966,02,750,0,0,Node 02: Network 3
7049,2025-07-18,00,15,30,017512,0.458472,03,1250,0,0,Node 03: Network 3
7050,2025-07-18,00,15,31,101911,1.084399,01,250,0,0,Node 01: Network 3
7051,2025-07-18,00,15,31,561051,0.45914,02,750,0,0,Node 02: Network 3
7052,2025-07-18,00,15,32,019672,0.458621,03,1250,0,0,Node 03: Network 3
7053,2025-07-18,00,15,33,103002,1.08333,01,250,0,0,Node 01: Network 3
7054,2025-07-18,00,15,33,562991,0.459989,02,750,0,0,Node 02: Network 3
7055,2025-07-18,00,15,34,021889,0.458898,03,1250,0,0,Node 03: Network 3
7056,2025-07-18,00,15,35,104577,1.082688,01,250,0,0,Node 01: Network 3
7057,2025-07-18,00,15,35,564594,0.460017,02,750,0,0,Node 02: Network 3
7058,2025-07-18,00,15,36,024748,0.460154,03,1250,0,0,Node 03: Network 3
7059,2025-07-18,00,15,37,105121,1.080373,01,250,0,0,Node 01: Network 3
7060,2025-07-18,00,15,37,566895,0.461774,02,750,0,0,Node 02: Network 3
7061,2025-07-18,00,15,38,025747,0.458852,03,1250,0,0,Node 03: Network 3
7062,2025-07-18,00,15,39,105629,1.079882,01,250,0,0,Node 01: Network 3
7063,2025-07-18,00,15,39,570862,0.465233,02,750,0,0,Node 02: Network 3
7064,2025-07-18,00,15,40,028011,0.457149,03,1250,0,0,Node 03: Network 3
7065,2025-07-18,00,15,41,105906,1.077895,01,250,0,0,Node 01: Network 3
7066,2025-07-18,00,15,41,573521,0.467615,02,750,0,0,Node 02: Network 3
7067,2025-07-18,00,15,42,030570,0.457049,03,1250,0,0,Node 03: Network 3
7068,2025-07-18,00,15,43,574277,1.543707,02,750,0,0,Node 02: Network 3
7069,2025-07-18,00,15,44,121463,0.547186,03,1250,0,0,Node 03: Network 3
7070,2025-07-18,00,15,45,119730,0.998267,01,250,0,0,Node 01: Network 3
7071,2025-07-18,00,15,45,576153,0.456423,02,750,0,0,Node 02: Network 3
7072,2025-07-18,00,15,46,123604,0.547451,03,1250,0,0,Node 03: Network 3
7073,2025-07-18,00,15,47,120584,0.99698,01,250,0,0,Node 01: Network 3
7074,2025-07-18,00,15,47,667074,0.54649,02,750,0,0,Node 02: Network 3
7075,2025-07-18,00,15,48,124793,0.457719,03,1250,0,0,Node 03: Network 3
7076,2025-07-18,00,15,49,120625,0.995832,01,250,0,0,Node 01: Network 3
7077,2025-07-18,00,15,49,669179,0.548554,02,750,0,0,Node 02: Network 3
7078,2025-07-18,00,15,50,126847,0.457668,03,1250,0,0,Node 03: Network 3
7079,2025-07-18,00,15,51,121161,0.994314,01,250,0,0,Node 01: Network 3
7080,2025-07-18,00,15,51,671898,0.550737,02,750,0,0,Node 02: Network 3
7081,2025-07-18,00,15,52,129564,0.457666,03,1251,0,0,Node 03: Network 3
7082,2025-07-18,00,15,53,122515,0.992951,01,251,0,0,Node 01: Network 3
7083,2025-07-18,00,15,53,673277,0.550762,02,750,0,0,Node 02: Network 3
7084,2025-07-18,00,15,54,132528,0.459251,03,1250,0,0,Node 03: Network 3
7085,2025-07-18,00,15,55,123342,0.990814,01,250,0,0,Node 01: Network 3
7086,2025-07-18,00,15,55,675902,0.55256,02,750,0,0,Node 02: Network 3
7087,2025-07-18,00,15,56,134221,0.458319,03,1250,0,0,Node 03: Network 3
7088,2025-07-18,00,15,57,123813,0.989592,01,250,0,0,Node 01: Network 3
7089,2025-07-18,00,15,57,676566,0.552753,02,750,0,0,Node 02: Network 3
7090,2025-07-18,00,15,58,135704,0.459138,03,1250,0,0,Node 03: Network 3
7091,2025-07-18,00,15,59,123695,0.987991,01,250,0,0,Node 01: Network 3
7092,2025-07-18,00,15,59,680922,0.557227,02,750,0,0,Node 02: Network 3
7093,2025-07-18,00,16,00,137843,0.456921,03,1250,0,0,Node 03: Network 3
7094,2025-07-18,00,16,01,124544,0.986701,01,250,0,0,Node 01: Network 3
7095,2025-07-18,00,16,01,682137,0.557593,02,750,0,0,Node 02: Network 3
7096,2025-07-18,00,16,02,139305,0.457168,03,1250,0,0,Node 03: Network 3
7097,2025-07-18,00,16,03,226806,1.087501,01,250,0,0,Node 01: Network 3
7098,2025-07-18,00,16,03,684399,0.457593,02,750,0,0,Node 02: Network 3
7099,2025-07-18,00,16,04,141638,0.457239,03,1250,0,0,Node 03: Network 3
7100,2025-07-18,00,16,05,227624,1.085986,01,250,0,0,Node 01: Network 3
7101,2025-07-18,00,16,05,685866,0.458242,02,750,0,0,Node 02: Network 3
7102,2025-07-18,00,16,06,143930,0.458064,03,1250,0,0,Node 03: Network 3
7103,2025-07-18,00,16,07,227632,1.083702,01,250,0,0,Node 01: Network 3
7104,2025-07-18,00,16,07,689011,0.461379,02,750,0,0,Node 02: Network 3
7105,2025-07-18,00,16,08,146374,0.457363,03,1251,0,0,Node 03: Network 3
7106,2025-07-18,00,16,09,229306,1.082932,01,250,0,0,Node 01: Network 3
7107,2025-07-18,00,16,09,774645,0.545339,02,750,0,0,Node 02: Network 3
7108,2025-07-18,00,16,10,149053,0.374408,03,1250,0,0,Node 03: Network 3
7109,2025-07-18,00,16,11,229359,1.080306,01,250,0,0,Node 01: Network 3
7110,2025-07-18,00,16,11,776208,0.546849,02,750,0,0,Node 02: Network 3
7111,2025-07-18,00,16,12,150604,0.374396,03,1250,0,0,Node 03: Network 3
7112,2025-07-18,00,16,13,230111,1.079507,01,250,0,0,Node 01: Network 3
7113,2025-07-18,00,16,13,778183,0.548072,02,750,0,0,Node 02: Network 3
7114,2025-07-18,00,16,14,152846,0.374663,03,1250,0,0,Node 03: Network 3
7115,2025-07-18,00,16,15,230941,1.078095,01,251,0,0,Node 01: Network 3
7116,2025-07-18,00,16,15,779376,0.548435,02,750,0,0,Node 02: Network 3
7117,2025-07-18,00,16,16,276487,0.497111,03,1250,0,0,Node 03: Network 3
7118,2025-07-18,00,16,17,231392,0.954905,01,250,0,0,Node 01: Network 3
7119,2025-07-18,00,16,17,781857,0.550465,02,750,0,0,Node 02: Network 3
7120,2025-07-18,00,16,18,279279,0.497422,03,1250,0,0,Node 03: Network 3
7121,2025-07-18,00,16,19,232681,0.953402,01,250,0,0,Node 01: Network 3
7122,2025-07-18,00,16,19,783750,0.551069,02,750,0,0,Node 02: Network 3
7123,2025-07-18,00,16,20,280878,0.497128,03,1250,0,0,Node 03: Network 3
7124,2025-07-18,00,16,21,233147,0.952269,01,250,0,0,Node 01: Network 3
7125,2025-07-18,00,16,21,787163,0.554016,02,751,0,0,Node 02: Network 3
7126,2025-07-18,00,16,22,284195,0.497032,03,1250,0,0,Node 03: Network 3
7127,2025-07-18,00,16,23,233548,0.949353,01,250,0,0,Node 01: Network 3
7128,2025-07-18,00,16,23,829322,0.595774,02,750,0,0,Node 02: Network 3
7129,2025-07-18,00,16,24,286034,0.456712,03,1250,0,0,Node 03: Network 3
7130,2025-07-18,00,16,25,373914,1.08788,01,250,0,0,Node 01: Network 3
7131,2025-07-18,00,16,25,829709,0.455795,02,750,0,0,Node 02: Network 3
7132,2025-07-18,00,16,26,287815,0.458106,03,1250,0,0,Node 03: Network 3
7133,2025-07-18,00,16,26,844941,0.557126,BB,0,1,0,
7134,2025-07-18,00,16,28,848808,2.003867,BB,0,1,0,
7135,2025-07-18,00,16,28,903269,0.054461,02,1839,0,1,
7136,2025-07-18,00,16,28,968107,0.064838,03,1883,0,1,
7137,2025-07-18,00,16,28,982195,0.014088,01,1797,0,1,
7138,2025-07-18,00,16,29,164241,0.182046,01,250,0,0,Node 01: Network 3
7139,2025-07-18,00,16,30,167980,1.003739,03,1250,0,0,Node 03: Network 3
7140,2025-07-18,00,16,31,210179,1.042199,01,250,0,0,Node 01: Network 3
7141,2025-07-18,00,16,31,754040,0.543861,02,750,0,0,Node 02: Network 3
7142,2025-07-18,00,16,32,257990,0.50395,03,1250,0,0,Node 03: Network 3
7143,2025-07-18,00,16,33,299426,1.041436,01,250,0,0,Node 01: Network 3
7144,2025-07-18,00,16,33,802229,0.502803,02,750,0,0,Node 02: Network 3
7145,2025-07-18,00,16,34,259890,0.457661,03,1250,0,0,Node 03: Network 3
7146,2025-07-18,00,16,35,346972,1.087082,01,250,0,0,Node 01: Network 3
7147,2025-07-18,00,16,35,804646,0.457674,02,750,0,0,Node 02: Network 3
7148,2025-07-18,00,16,36,262109,0.457463,03,1250,0,0,Node 03: Network 3
7149,2025-07-18,00,16,37,347434,1.085325,01,250,0,0,Node 01: Network 3
7150,2025-07-18,00,16,37,804283,0.456849,02,750,0,0,Node 02: Network 3
7151,2025-07-18,00,16,38,264008,0.459725,03,1250,0,0,Node 03: Network 3
7152,2025-07-18,00,16,39,347765,1.083757,01,250,0,0,Node 01: Network 3
7153,2025-07-18,00,16,39,808918,0.461153,02,750,0,0,Node 02: Network 3
7154,2025-07-18,00,16,40,267027,0.458109,03,1250,0,0,Node 03: Network 3
7155,2025-07-18,00,16,41,348775,1.081748,01,250,0,0,Node 01: Network 3
7156,2025-07-18,00,16,41,811290,0.462515,02,750,0,0,Node 02: Network 3
7157,2025-07-18,00,16,42,268881,0.457591,03,1250,0,0,Node 03: Network 3
7158,2025-07-18,00,16,43,376771,1.10789,01,250,0,0,Node 01: Network 3
7159,2025-07-18,00,16,43,813673,0.436902,02,750,0,0,Node 02: Network 3
7160,2025-07-18,00,16,44,270931,0.457258,03,1250,0,0,Node 03: Network 3
7161,2025-07-18,00,16,45,350344,1.079413,01,250,0,0,Node 01: Network 3
7162,2025-07-18,00,16,45,815316,0.464972,02,750,0,0,Node 02: Network 3
7163,2025-07-18,00,16,46,272955,0.457639,03,1250,0,0,Node 03: Network 3
7164,2025-07-18,00,16,47,351056,1.078101,01,250,0,0,Node 01: Network 3
7165,2025-07-18,00,16,47,816876,0.46582,02,750,0,0,Node 02: Network 3
7166,2025-07-18,00,16,48,274666,0.45779,03,1250,0,0,Node 03: Network 3
7167,2025-07-18,00,16,49,351035,1.076369,01,250,0,0,Node 01: Network 3
7168,2025-07-18,00,16,49,818473,0.467438,02,750,0,0,Node 02: Network 3
7169,2025-07-18,00,16,50,277261,0.458788,03,1250,0,0,Node 03: Network 3
7170,2025-07-18,00,16,51,352192,1.074931,01,250,0,0,Node 01: Network 3
7171,2025-07-18,00,16,51,821910,0.469718,02,750,0,0,Node 02: Network 3
7172,2025-07-18,00,16,52,278449,0.456539,03,1250,0,0,Node 03: Network 3
7173,2025-07-18,00,16,53,351972,1.073523,01,250,0,0,Node 01: Network 3
7174,2025-07-18,00,16,53,823889,0.471917,02,750,0,0,Node 02: Network 3
7175,2025-07-18,00,16,54,281464,0.457575,03,1250,0,0,Node 03: Network 3
7176,2025-07-18,00,16,55,353545,1.072081,01,250,0,0,Node 01: Network 3
7177,2025-07-18,00,16,55,826530,0.472985,02,750,0,0,Node 02: Network 3
7178,2025-07-18,00,16,56,284513,0.457983,03,1250,0,0,Node 03: Network 3
7179,2025-07-18,00,16,57,354759,1.070246,01,250,0,0,Node 01: Network 3
7180,2025-07-18,00,16,57,828307,0.473548,02,750,0,0,Node 02: Network 3
7181,2025-07-18,00,16,58,286028,0.457721,03,1250,0,0,Node 03: Network 3
7182,2025-07-18,00,16,59,371950,1.085922,01,250,0,0,Node 01: Network 3
7183,2025-07-18,00,16,59,830652,0.458702,02,750,0,0,Node 02: Network 3
7184,2025-07-18,00,17,00,288795,0.458143,03,1250,0,0,Node 03: Network 3
7185,2025-07-18,00,17,01,372874,1.084079,01,250,0,0,Node 01: Network 3
7186,2025-07-18,00,17,01,832486,0.459612,02,750,0,0,Node 02: Network 3
7187,2025-07-18,00,17,02,288959,0.456473,03,1250,0,0,Node 03: Network 3
7188,2025-07-18,00,17,03,374695,1.085736,01,250,0,0,Node 01: Network 3
7189,2025-07-18,00,17,03,834102,0.459407,02,750,0,0,Node 02: Network 3
7190,2025-07-18,00,17,04,290598,0.456496,03,1250,0,0,Node 03: Network 3
7191,2025-07-18,00,17,05,375269,1.084671,01,250,0,0,Node 01: Network 3
7192,2025-07-18,00,17,05,835721,0.460452,02,750,0,0,Node 02: Network 3
7193,2025-07-18,00,17,06,293103,0.457382,03,1250,0,0,Node 03: Network 3
7194,2025-07-18,00,17,07,375562,1.082459,01,250,0,0,Node 01: Network 3
7195,2025-07-18,00,17,07,837888,0.462326,02,750,0,0,Node 02: Network 3
7196,2025-07-18,00,17,08,294939,0.457051,03,1250,0,0,Node 03: Network 3
7197,2025-07-18,00,17,09,376562,1.081623,01,250,0,0,Node 01: Network 3
7198,2025-07-18,00,17,09,839591,0.463029,02,750,0,0,Node 02: Network 3
7199,2025-07-18,00,17,10,422939,0.583348,03,1250,0,0,Node 03: Network 3
7200,2025-07-18,00,17,11,376414,0.953475,01,250,0,0,Node 01: Network 3
7201,2025-07-18,00,17,11,968391,0.591977,02,750,0,0,Node 02: Network 3
7202,2025-07-18,00,17,12,425607,0.457216,03,1250,0,0,Node 03: Network 3
7203,2025-07-18,00,17,12,946413,0.520806,BB,0,1,0,
7204,2025-07-18,00,17,14,089320,1.142907,BB,0,1,0,
7205,2025-07-18,00,17,14,137177,0.047857,BB,0,1,0,1366:0:1
7206,2025-07-18,00,17,14,149164,0.011987,02,943,0,1,
7207,2025-07-18,00,17,14,162207,0.013043,03,987,0,1,
7208,2025-07-18,00,17,14,203200,0.040993,01,1034,0,1,
7209,2025-07-18,00,17,14,260416,0.057216,02,1837,0,1,01:1839:0:1
7210,2025-07-18,00,17,14,423952,0.163536,02,750,0,0,Node 02: Network 3
7211,2025-07-18,00,17,14,494550,0.070598,02,781,0,0,Node 02: Network 3
7212,2025-07-18,00,17,14,531445,0.036895,03,1250,0,0,Node 03: Network 3
7213,2025-07-18,00,17,14,601445,0.07,03,1274,0,0,Node 03: Network 3
7214,2025-07-18,00,17,14,667243,0.065798,02,751,0,0,Node 02: Network 3
7215,2025-07-18,00,17,14,721193,0.05395,03,1250,0,0,Node 03: Network 3
7216,2025-07-18,00,17,14,782839,0.061646,01,251,0,0,Node 01: Network 3
7217,2025-07-18,00,17,14,826353,0.043514,02,750,0,0,Node 02: Network 3
7218,2025-07-18,00,17,14,937292,0.110939,03,1250,0,0,Node 03: Network 3
7219,2025-07-18,00,17,14,993565,0.056273,01,250,0,0,Node 01: Network 3
7220,2025-07-18,00,17,15,053200,0.059635,02,750,0,0,Node 02: Network 3
7221,2025-07-18,00,17,15,117525,0.064325,03,1253,0,0,Node 03: Network 3
7222,2025-07-18,00,17,15,162128,0.044603,03,1250,0,0,Node 03: Network 3
7223,2025-07-18,00,17,15,964346,0.802218,01,250,0,0,Node 01: Network 3
7224,2025-07-18,00,17,16,466160,0.501814,02,750,0,0,Node 02: Network 3
7225,2025-07-18,00,17,16,954720,0.48856,BB,0,1,0,
7226,2025-07-18,00,17,17,053227,0.098507,03,1250,0,0,Node 03: Network 3
7227,2025-07-18,00,17,18,097582,1.044355,01,250,0,0,Node 01: Network 3
7228,2025-07-18,00,17,18,641092,0.54351,02,750,0,0,Node 02: Network 3
7229,2025-07-18,00,17,18,959181,0.318089,BB,0,1,0,
7230,2025-07-18,00,17,20,963146,2.003965,BB,0,1,0,
7231,2025-07-18,00,17,21,001290,0.038144,02,1142,0,1,
7232,2025-07-18,00,17,21,061102,0.059812,01,1188,0,1,
7233,2025-07-18,00,17,21,075456,0.014354,03,1142,0,1,
7234,2025-07-18,00,17,21,278579,0.203123,01,250,0,0,Node 01: Network 3
7235,2025-07-18,00,17,21,780062,0.501483,02,750,0,0,Node 02: Network 3
7236,2025-07-18,00,17,22,282892,0.50283,03,1250,0,0,Node 03: Network 3
7237,2025-07-18,00,17,23,279159,0.996267,01,250,0,0,Node 01: Network 3
7238,2025-07-18,00,17,23,782274,0.503115,02,750,0,0,Node 02: Network 3
7239,2025-07-18,00,17,24,285078,0.502804,03,1250,0,0,Node 03: Network 3
7240,2025-07-18,00,17,25,279138,0.99406,01,250,0,0,Node 01: Network 3
7241,2025-07-18,00,17,25,830310,0.551172,02,750,0,0,Node 02: Network 3
7242,2025-07-18,00,17,26,287445,0.457135,03,1250,0,0,Node 03: Network 3
7243,2025-07-18,00,17,27,280454,0.993009,01,250,0,0,Node 01: Network 3
7244,2025-07-18,00,17,27,831977,0.551523,02,750,0,0,Node 02: Network 3
7245,2025-07-18,00,17,28,326151,0.494174,03,1250,0,0,Node 03: Network 3
7246,2025-07-18,00,17,29,281727,0.955576,01,250,0,0,Node 01: Network 3
7247,2025-07-18,00,17,29,833344,0.551617,02,750,0,0,Node 02: Network 3
7248,2025-07-18,00,17,30,328945,0.495601,03,1250,0,0,Node 03: Network 3
7249,2025-07-18,00,17,31,282357,0.953412,01,250,0,0,Node 01: Network 3
7250,2025-07-18,00,17,31,872088,0.589731,02,750,0,0,Node 02: Network 3
7251,2025-07-18,00,17,32,330254,0.458166,03,1250,0,0,Node 03: Network 3
7252,2025-07-18,00,17,33,283322,0.953068,01,250,0,0,Node 01: Network 3
7253,2025-07-18,00,17,33,876221,0.592899,02,750,0,0,Node 02: Network 3
7254,2025-07-18,00,17,34,332335,0.456114,03,1250,0,0,Node 03: Network 3
7255,2025-07-18,00,17,35,283485,0.95115,01,250,0,0,Node 01: Network 3
7256,2025-07-18,00,17,35,876195,0.59271,02,750,0,0,Node 02: Network 3
7257,2025-07-18,00,17,36,334132,0.457937,03,1250,0,0,Node 03: Network 3
7258,2025-07-18,00,17,37,283913,0.949781,01,250,0,0,Node 01: Network 3
7259,2025-07-18,00,17,37,878923,0.59501,02,750,0,0,Node 02: Network 3
7260,2025-07-18,00,17,38,336534,0.457611,03,1250,0,0,Node 03: Network 3
7261,2025-07-18,00,17,39,284396,0.947862,01,250,0,0,Node 01: Network 3
7262,2025-07-18,00,17,39,880876,0.59648,02,750,0,0,Node 02: Network 3
7263,2025-07-18,00,17,40,339092,0.458216,03,1250,0,0,Node 03: Network 3
7264,2025-07-18,00,17,41,285637,0.946545,01,250,0,0,Node 01: Network 3
7265,2025-07-18,00,17,41,882785,0.597148,02,750,0,0,Node 02: Network 3
7266,2025-07-18,00,17,42,331685,0.4489,03,1250,0,0,Node 03: Network 3
7267,2025-07-18,00,17,43,285494,0.953809,01,250,0,0,Node 01: Network 3
7268,2025-07-18,00,17,43,884630,0.599136,02,750,0,0,Node 02: Network 3
7269,2025-07-18,00,17,44,334922,0.450292,03,1250,0,0,Node 03: Network 3
7270,2025-07-18,00,17,45,287630,0.952708,01,250,0,0,Node 01: Network 3
7271,2025-07-18,00,17,45,886745,0.599115,02,750,0,0,Node 02: Network 3
7272,2025-07-18,00,17,46,337919,0.451174,03,1250,0,0,Node 03: Network 3
7273,2025-07-18,00,17,47,287732,0.949813,01,250,0,0,Node 01: Network 3
7274,2025-07-18,00,17,47,889084,0.601352,02,750,0,0,Node 02: Network 3
7275,2025-07-18,00,17,48,338730,0.449646,03,1250,0,0,Node 03: Network 3
7276,2025-07-18,00,17,49,288600,0.94987,01,250,0,0,Node 01: Network 3
7277,2025-07-18,00,17,49,882907,0.594307,02,750,0,0,Node 02: Network 3
7278,2025-07-18,00,17,50,341480,0.458573,03,1250,0,0,Node 03: Network 3
7279,2025-07-18,00,17,51,426823,1.085343,01,250,0,0,Node 01: Network 3
7280,2025-07-18,00,17,51,885462,0.458639,02,750,0,0,Node 02: Network 3
7281,2025-07-18,00,17,52,342933,0.457471,03,1250,0,0,Node 03: Network 3
7282,2025-07-18,00,17,53,427508,1.084575,01,250,0,0,Node 01: Network 3
7283,2025-07-18,00,17,53,888647,0.461139,02,750,0,0,Node 02: Network 3
7284,2025-07-18,00,17,54,345840,0.457193,03,1250,0,0,Node 03: Network 3
7285,2025-07-18,00,17,55,428701,1.082861,01,250,0,0,Node 01: Network 3
7286,2025-07-18,00,17,55,889667,0.460966,02,750,0,0,Node 02: Network 3
7287,2025-07-18,00,17,57,429061,1.539394,01,250,0,0,Node 01: Network 3
7288,2025-07-18,00,17,57,891545,0.462484,02,750,0,0,Node 02: Network 3
7289,2025-07-18,00,17,58,474781,0.583236,03,1250,0,0,Node 03: Network 3
7290,2025-07-18,00,17,59,429540,0.954759,01,250,0,0,Node 01: Network 3
7291,2025-07-18,00,17,59,893542,0.464002,02,750,0,0,Node 02: Network 3
7292,2025-07-18,00,18,00,478647,0.585105,03,1250,0,0,Node 03: Network 3
7293,2025-07-18,00,18,01,429933,0.951286,01,250,0,0,Node 01: Network 3
7294,2025-07-18,00,18,01,896674,0.466741,02,751,0,0,Node 02: Network 3
7295,2025-07-18,00,18,02,480078,0.583404,03,1250,0,0,Node 03: Network 3
7296,2025-07-18,00,18,03,440578,0.9605,01,250,0,0,Node 01: Network 3
7297,2025-07-18,00,18,03,898412,0.457834,02,750,0,0,Node 02: Network 3
7298,2025-07-18,00,18,04,487678,0.589266,03,1250,0,0,Node 03: Network 3
7299,2025-07-18,00,18,05,441360,0.953682,01,250,0,0,Node 01: Network 3
7300,2025-07-18,00,18,06,031717,0.590357,02,750,0,0,Node 02: Network 3
7301,2025-07-18,00,18,06,489612,0.457895,03,1250,0,0,Node 03: Network 3
7302,2025-07-18,00,18,07,442126,0.952514,01,250,0,0,Node 01: Network 3
7303,2025-07-18,00,18,08,034729,0.592603,02,750,0,0,Node 02: Network 3
7304,2025-07-18,00,18,08,491685,0.456956,03,1250,0,0,Node 03: Network 3
7305,2025-07-18,00,18,09,443573,0.951888,01,250,0,0,Node 01: Network 3
7306,2025-07-18,00,18,10,036736,0.593163,02,750,0,0,Node 02: Network 3
7307,2025-07-18,00,18,10,494265,0.457529,03,1250,0,0,Node 03: Network 3
7308,2025-07-18,00,18,11,443398,0.949133,01,250,0,0,Node 01: Network 3
7309,2025-07-18,00,18,12,038554,0.595156,02,750,0,0,Node 02: Network 3
7310,2025-07-18,00,18,12,495100,0.456546,03,1250,0,0,Node 03: Network 3
7311,2025-07-18,00,18,13,444431,0.949331,01,250,0,0,Node 01: Network 3
7312,2025-07-18,00,18,14,040941,0.59651,02,750,0,0,Node 02: Network 3
7313,2025-07-18,00,18,14,497676,0.456735,03,1250,0,0,Node 03: Network 3
7314,2025-07-18,00,18,15,549046,1.05137,01,250,0,0,Node 01: Network 3
7315,2025-07-18,00,18,16,043217,0.494171,02,750,0,0,Node 02: Network 3
7316,2025-07-18,00,18,16,499873,0.456656,03,1250,0,0,Node 03: Network 3
7317,2025-07-18,00,18,17,541053,1.04118,01,250,0,0,Node 01: Network 3
7318,2025-07-18,00,18,18,045345,0.504292,02,750,0,0,Node 02: Network 3
7319,2025-07-18,00,18,18,503011,0.457666,03,1250,0,0,Node 03: Network 3
7320,2025-07-18,00,18,19,542114,1.039103,01,250,0,0,Node 01: Network 3
7321,2025-07-18,00,18,20,047767,0.505653,02,750,0,0,Node 02: Network 3
7322,2025-07-18,00,18,20,590318,0.542551,03,1250,0,0,Node 03: Network 3
7323,2025-07-18,00,18,21,543198,0.95288,01,250,0,0,Node 01: Network 3
7324,2025-07-18,00,18,22,049044,0.505846,02,750,0,0,Node 02: Network 3
7325,2025-07-18,00,18,22,590999,0.541955,03,1250,0,0,Node 03: Network 3
7326,2025-07-18,00,18,23,543396,0.952397,01,250,0,0,Node 01: Network 3
7327,2025-07-18,00,18,24,051332,0.507936,02,750,0,0,Node 02: Network 3
7328,2025-07-18,00,18,24,593331,0.541999,03,1250,0,0,Node 03: Network 3
7329,2025-07-18,00,18,25,544599,0.951268,01,250,0,0,Node 01: Network 3
7330,2025-07-18,00,18,26,052070,0.507471,02,750,0,0,Node 02: Network 3
7331,2025-07-18,00,18,26,595519,0.543449,03,1250,0,0,Node 03: Network 3
7332,2025-07-18,00,18,27,596894,1.001375,01,250,0,0,Node 01: Network 3
7333,2025-07-18,00,18,28,140042,0.543148,02,750,0,0,Node 02: Network 3
7334,2025-07-18,00,18,28,597529,0.457487,03,1250,0,0,Node 03: Network 3
7335,2025-07-18,00,18,29,113008,0.515479,BB,0,1,0,
7336,2025-07-18,00,18,31,116570,2.003562,BB,0,1,0,
7337,2025-07-18,00,18,31,183385,0.066815,02,1795,0,1,
7338,2025-07-18,00,18,31,199650,0.016265,03,1841,0,1,
7339,2025-07-18,00,18,31,213665,0.014015,01,1755,0,1,
7340,2025-07-18,00,18,31,432092,0.218427,01,250,0,0,Node 01: Network 3
7341,2025-07-18,00,18,31,976624,0.544532,02,750,0,0,Node 02: Network 3
7342,2025-07-18,00,18,32,435296,0.458672,03,1250,0,0,Node 03: Network 3
7343,2025-07-18,00,18,33,433551,0.998255,01,250,0,0,Node 01: Network 3
7344,2025-07-18,00,18,33,976812,0.543261,02,750,0,0,Node 02: Network 3
7345,2025-07-18,00,18,34,437977,0.461165,03,1251,0,0,Node 03: Network 3
7346,2025-07-18,00,18,35,522348,1.084371,01,250,0,0,Node 01: Network 3
7347,2025-07-18,00,18,35,979295,0.456947,02,750,0,0,Node 02: Network 3
7348,2025-07-18,00,18,36,438565,0.45927,03,1250,0,0,Node 03: Network 3
7349,2025-07-18,00,18,37,522093,1.083528,01,250,0,0,Node 01: Network 3
7350,2025-07-18,00,18,37,982436,0.460343,02,750,0,0,Node 02: Network 3
7351,2025-07-18,00,18,38,570145,0.587709,03,1250,0,0,Node 03: Network 3
7352,2025-07-18,00,18,39,523538,0.953393,01,250,0,0,Node 01: Network 3
7353,2025-07-18,00,18,39,984186,0.460648,02,750,0,0,Node 02: Network 3
7354,2025-07-18,00,18,40,572504,0.588318,03,1250,0,0,Node 03: Network 3
7355,2025-07-18,00,18,41,524381,0.951877,01,250,0,0,Node 01: Network 3
7356,2025-07-18,00,18,41,985815,0.461434,02,750,0,0,Node 02: Network 3
7357,2025-07-18,00,18,42,574332,0.588517,03,1250,0,0,Node 03: Network 3
7358,2025-07-18,00,18,43,524642,0.95031,01,250,0,0,Node 01: Network 3
7359,2025-07-18,00,18,43,988576,0.463934,02,750,0,0,Node 02: Network 3
7360,2025-07-18,00,18,44,576164,0.587588,03,1250,0,0,Node 03: Network 3
7361,2025-07-18,00,18,45,525096,0.948932,01,250,0,0,Node 01: Network 3
7362,2025-07-18,00,18,45,990003,0.464907,02,750,0,0,Node 02: Network 3
7363,2025-07-18,00,18,46,578936,0.588933,03,1250,0,0,Node 03: Network 3
7364,2025-07-18,00,18,47,525538,0.946602,01,250,0,0,Node 01: Network 3
7365,2025-07-18,00,18,47,992188,0.46665,02,750,0,0,Node 02: Network 3
7366,2025-07-18,00,18,48,580353,0.588165,03,1250,0,0,Node 03: Network 3
7367,2025-07-18,00,18,49,536364,0.956011,01,250,0,0,Node 01: Network 3
7368,2025-07-18,00,18,50,081275,0.544911,02,750,0,0,Node 02: Network 3
7369,2025-07-18,00,18,50,583391,0.502116,03,1251,0,0,Node 03: Network 3
7370,2025-07-18,00,18,51,536815,0.953424,01,250,0,0,Node 01: Network 3
7371,2025-07-18,00,18,52,082059,0.545244,02,750,0,0,Node 02: Network 3
7372,2025-07-18,00,18,52,584811,0.502752,03,1250,0,0,Node 03: Network 3
7373,2025-07-18,00,18,53,537100,0.952289,01,250,0,0,Node 01: Network 3
7374,2025-07-18,00,18,54,085517,0.548417,02,750,0,0,Node 02: Network 3
7375,2025-07-18,00,18,54,587354,0.501837,03,1250,0,0,Node 03: Network 3
7376,2025-07-18,00,18,55,539435,0.952081,01,250,0,0,Node 01: Network 3
7377,2025-07-18,00,18,56,087725,0.54829,02,750,0,0,Node 02: Network 3
7378,2025-07-18,00,18,56,588837,0.501112,03,1250,0,0,Node 03: Network 3
7379,2025-07-18,00,18,57,631010,1.042173,01,250,0,0,Node 01: Network 3
7380,2025-07-18,00,18,58,088851,0.457841,02,750,0,0,Node 02: Network 3
7381,2025-07-18,00,18,58,591125,0.502274,03,1250,0,0,Node 03: Network 3
7382,2025-07-18,00,18,59,631833,1.040708,01,250,0,0,Node 01: Network 3
7383,2025-07-18,00,19,00,090982,0.459149,02,750,0,0,Node 02: Network 3
7384,2025-07-18,00,19,00,592937,0.501955,03,1250,0,0,Node 03: Network 3
7385,2025-07-18,00,19,01,632630,1.039693,01,250,0,0,Node 01: Network 3
7386,2025-07-18,00,19,02,092764,0.460134,02,750,0,0,Node 02: Network 3
7387,2025-07-18,00,19,02,595676,0.502912,03,1250,0,0,Node 03: Network 3
7388,2025-07-18,00,19,03,633935,1.038259,01,250,0,0,Node 01: Network 3
7389,2025-07-18,00,19,04,094353,0.460418,02,750,0,0,Node 02: Network 3
7390,2025-07-18,00,19,04,680066,0.585713,03,1250,0,0,Node 03: Network 3
7391,2025-07-18,00,19,05,634181,0.954115,01,250,0,0,Node 01: Network 3
7392,2025-07-18,00,19,06,225069,0.590888,02,750,0,0,Node 02: Network 3
7393,2025-07-18,00,19,06,683551,0.458482,03,1250,0,0,Node 03: Network 3
7394,2025-07-18,00,19,07,194771,0.51122,BB,0,1,0,
7395,2025-07-18,00,19,09,199605,2.004834,BB,0,1,0,
7396,2025-07-18,00,19,09,256775,0.05717,03,1838,0,1,
7397,2025-07-18,00,19,09,270287,0.013512,02,1794,0,1,
7398,2025-07-18,00,19,09,346630,0.076343,01,1886,0,1,
7399,2025-07-18,00,19,10,016755,0.670125,02,750,0,0,Node 02: Network 3
7400,2025-07-18,00,19,10,563635,0.54688,03,1250,0,0,Node 03: Network 3
7401,2025-07-18,00,19,11,606299,1.042664,01,250,0,0,Node 01: Network 3
7402,2025-07-18,00,19,12,018278,0.411979,02,750,0,0,Node 02: Network 3
7403,2025-07-18,00,19,12,566288,0.54801,03,1250,0,0,Node 03: Network 3
7404,2025-07-18,00,19,13,606840,1.040552,01,250,0,0,Node 01: Network 3
7405,2025-07-18,00,19,14,020115,0.413275,02,750,0,0,Node 02: Network 3
7406,2025-07-18,00,19,14,653098,0.632983,03,1250,0,0,Node 03: Network 3
7407,2025-07-18,00,19,15,607684,0.954586,01,250,0,0,Node 01: Network 3
7408,2025-07-18,00,19,16,022065,0.414381,02,750,0,0,Node 02: Network 3
7409,2025-07-18,00,19,16,655541,0.633476,03,1250,0,0,Node 03: Network 3
7410,2025-07-18,00,19,17,609692,0.954151,01,250,0,0,Node 01: Network 3
7411,2025-07-18,00,19,18,024218,0.414526,02,750,0,0,Node 02: Network 3
7412,2025-07-18,00,19,18,657903,0.633685,03,1250,0,0,Node 03: Network 3
7413,2025-07-18,00,19,19,610021,0.952118,01,250,0,0,Node 01: Network 3
7414,2025-07-18,00,19,20,153457,0.543436,02,750,0,0,Node 02: Network 3
7415,2025-07-18,00,19,20,660221,0.506764,03,1250,0,0,Node 03: Network 3
7416,2025-07-18,00,19,21,698441,1.03822,01,250,0,0,Node 01: Network 3
7417,2025-07-18,00,19,22,155751,0.45731,02,750,0,0,Node 02: Network 3
7418,2025-07-18,00,19,22,370894,0.215143,BB,0,1,0,
7419,2025-07-18,00,19,22,409705,0.038811,BB,0,1,0,
7420,2025-07-18,00,19,22,492062,0.082357,BB,0,1,0,1142:0:1
7421,2025-07-18,00,19,22,514600,0.022538,02,1076,0,1,
7422,2025-07-18,00,19,22,538416,0.023816,01,1188,0,1,1142:0:1
7423,2025-07-18,00,19,22,552448,0.014032,01,1036,0,1,
7424,2025-07-18,00,19,22,565468,0.01302,03,1072,0,1,
7425,2025-07-18,00,19,22,598520,0.033052,01,250,0,0,Node 01: Network 3
7426,2025-07-18,00,19,22,806929,0.208409,03,1253,0,0,Node 03: Network 3
7427,2025-07-18,00,19,22,840474,0.033545,02,750,0,0,Node 02: Network 3
7428,2025-07-18,00,19,22,873215,0.032741,01,250,0,0,Node 01: Network 3
7429,2025-07-18,00,19,22,907270,0.034055,02,750,0,0,Node 02: Network 3
7430,2025-07-18,00,19,22,990398,0.083128,03,1250,0,0,Node 03: Network 3
7431,2025-07-18,00,19,23,023956,0.033558,01,250,0,0,Node 01: Network 3
7432,2025-07-18,00,19,23,081429,0.057473,02,750,0,0,Node 02: Network 3
7433,2025-07-18,00,19,23,175520,0.094091,01,250,0,0,Node 01: Network 3
7434,2025-07-18,00,19,23,254391,0.078871,02,750,0,0,Node 02: Network 3
7435,2025-07-18,00,19,23,286789,0.032398,02,751,0,0,Node 02: Network 3
7436,2025-07-18,00,19,23,319324,0.032535,02,751,0,0,Node 02: Network 3
7437,2025-07-18,00,19,23,352887,0.033563,03,1250,0,0,Node 03: Network 3
7438,2025-07-18,00,19,23,447049,0.094162,BB,0,1,0,
7439,2025-07-18,00,19,23,554296,0.107247,03,1266,0,0,Node 03: Network 3
7440,2025-07-18,00,19,24,582026,1.02773,01,250,0,0,Node 01: Network 3
7441,2025-07-18,00,19,25,083243,0.501217,02,750,0,0,Node 02: Network 3
7442,2025-07-18,00,19,25,232777,0.149534,BB,0,1,0,
7443,2025-07-18,00,19,27,238089,2.005312,BB,0,1,0,
7444,2025-07-18,00,19,27,290689,0.0526,03,932,0,1,
7445,2025-07-18,00,19,27,317749,0.02706,02,976,0,1,
7446,2025-07-18,00,19,27,330280,0.012531,01,978,0,1,
7447,2025-07-18,00,19,27,554598,0.224318,01,251,0,0,Node 01: Network 3
7448,2025-07-18,00,19,28,054383,0.499785,02,750,0,0,Node 02: Network 3
7449,2025-07-18,00,19,28,600253,0.54587,03,1250,0,0,Node 03: Network 3
7450,2025-07-18,00,19,29,598722,0.998469,01,250,0,0,Node 01: Network 3
7451,2025-07-18,00,19,30,056636,0.457914,02,750,0,0,Node 02: Network 3
7452,2025-07-18,00,19,30,603958,0.547322,03,1250,0,0,Node 03: Network 3
7453,2025-07-18,00,19,31,599674,0.995716,01,250,0,0,Node 01: Network 3
7454,2025-07-18,00,19,32,058028,0.458354,02,750,0,0,Node 02: Network 3
7455,2025-07-18,00,19,32,605473,0.547445,03,1250,0,0,Node 03: Network 3
7456,2025-07-18,00,19,33,600593,0.99512,01,250,0,0,Node 01: Network 3
7457,2025-07-18,00,19,34,061694,0.461101,02,750,0,0,Node 02: Network 3
7458,2025-07-18,00,19,34,607222,0.545528,03,1250,0,0,Node 03: Network 3
7459,2025-07-18,00,19,36,063212,1.45599,02,750,0,0,Node 02: Network 3
7460,2025-07-18,00,19,36,609943,0.546731,03,1250,0,0,Node 03: Network 3
7461,2025-07-18,00,19,37,608093,0.99815,01,250,0,0,Node 01: Network 3
7462,2025-07-18,00,19,38,153651,0.545558,02,750,0,0,Node 02: Network 3
7463,2025-07-18,00,19,38,611762,0.458111,03,1250,0,0,Node 03: Network 3
7464,2025-07-18,00,19,39,698336,1.086574,01,250,0,0,Node 01: Network 3
7465,2025-07-18,00,19,40,156185,0.457849,02,750,0,0,Node 02: Network 3
7466,2025-07-18,00,19,40,614695,0.45851,03,1250,0,0,Node 03: Network 3
7467,2025-07-18,00,19,41,698345,1.08365,01,250,0,0,Node 01: Network 3
7468,2025-07-18,00,19,42,157900,0.459555,02,750,0,0,Node 02: Network 3
7469,2025-07-18,00,19,42,616836,0.458936,03,1250,0,0,Node 03: Network 3
7470,2025-07-18,00,19,43,702343,1.085507,01,250,0,0,Node 01: Network 3
7471,2025-07-18,00,19,44,161178,0.458835,02,750,0,0,Node 02: Network 3
7472,2025-07-18,00,19,44,618094,0.456916,03,1250,0,0,Node 03: Network 3
7473,2025-07-18,00,19,45,703167,1.085073,01,250,0,0,Node 01: Network 3
7474,2025-07-18,00,19,46,162957,0.45979,02,750,0,0,Node 02: Network 3
7475,2025-07-18,00,19,46,621458,0.458501,03,1251,0,0,Node 03: Network 3
7476,2025-07-18,00,19,47,704163,1.082705,01,250,0,0,Node 01: Network 3
7477,2025-07-18,00,19,48,163891,0.459728,02,750,0,0,Node 02: Network 3
7478,2025-07-18,00,19,48,623024,0.459133,03,1250,0,0,Node 03: Network 3
7479,2025-07-18,00,19,49,704705,1.081681,01,250,0,0,Node 01: Network 3
7480,2025-07-18,00,19,50,166157,0.461452,02,750,0,0,Node 02: Network 3
7481,2025-07-18,00,19,50,625426,0.459269,03,1250,0,0,Node 03: Network 3
7482,2025-07-18,00,19,51,705945,1.080519,01,250,0,0,Node 01: Network 3
7483,2025-07-18,00,19,52,169014,0.463069,02,750,0,0,Node 02: Network 3
7484,2025-07-18,00,19,52,628028,0.459014,03,1250,0,0,Node 03: Network 3
7485,2025-07-18,00,19,53,706919,1.078891,01,250,0,0,Node 01: Network 3
7486,2025-07-18,00,19,54,171492,0.464573,02,750,0,0,Node 02: Network 3
7487,2025-07-18,00,19,54,718018,0.546526,03,1250,0,0,Node 03: Network 3
7488,2025-07-18,00,19,55,707820,0.989802,01,250,0,0,Node 01: Network 3
7489,2025-07-18,00,19,56,172334,0.464514,02,750,0,0,Node 02: Network 3
7490,2025-07-18,00,19,56,753700,0.581366,03,1250,0,0,Node 03: Network 3
7491,2025-07-18,00,19,57,707625,0.953925,01,250,0,0,Node 01: Network 3
7492,2025-07-18,00,19,58,175469,0.467844,02,750,0,0,Node 02: Network 3
7493,2025-07-18,00,19,58,721933,0.546464,03,1250,0,0,Node 03: Network 3
7494,2025-07-18,00,19,59,708117,0.986184,01,250,0,0,Node 01: Network 3
7495,2025-07-18,00,20,00,176578,0.468461,02,750,0,0,Node 02: Network 3
7496,2025-07-18,00,20,00,754867,0.578289,03,1250,0,0,Node 03: Network 3
7497,2025-07-18,00,20,01,708836,0.953969,01,250,0,0,Node 01: Network 3
7498,2025-07-18,00,20,02,178637,0.469801,02,750,0,0,Node 02: Network 3
7499,2025-07-18,00,20,02,757858,0.579221,03,1250,0,0,Node 03: Network 3
7500,2025-07-18,00,20,03,708926,0.951068,01,250,0,0,Node 01: Network 3
7501,2025-07-18,00,20,04,180394,0.471468,02,750,0,0,Node 02: Network 3
7502,2025-07-18,00,20,04,760081,0.579687,03,1250,0,0,Node 03: Network 3
7503,2025-07-18,00,20,05,725506,0.965425,01,250,0,0,Node 01: Network 3
7504,2025-07-18,00,20,06,182098,0.456592,02,750,0,0,Node 02: Network 3
7505,2025-07-18,00,20,06,772367,0.590269,03,1250,0,0,Node 03: Network 3
7506,2025-07-18,00,20,07,725020,0.952653,01,250,0,0,Node 01: Network 3
7507,2025-07-18,00,20,08,185880,0.46086,02,750,0,0,Node 02: Network 3
7508,2025-07-18,00,20,08,774838,0.588958,03,1250,0,0,Node 03: Network 3
7509,2025-07-18,00,20,09,726120,0.951282,01,250,0,0,Node 01: Network 3
7510,2025-07-18,00,20,10,186885,0.460765,02,750,0,0,Node 02: Network 3
7511,2025-07-18,00,20,10,776575,0.58969,03,1250,0,0,Node 03: Network 3
7512,2025-07-18,00,20,11,730652,0.954077,01,250,0,0,Node 01: Network 3
7513,2025-07-18,00,20,12,326582,0.59593,02,750,0,0,Node 02: Network 3
7514,2025-07-18,00,20,12,779112,0.45253,03,1250,0,0,Node 03: Network 3
7515,2025-07-18,00,20,13,841719,1.062607,01,250,0,0,Node 01: Network 3
7516,2025-07-18,00,20,14,322592,0.480873,02,750,0,0,Node 02: Network 3
7517,2025-07-18,00,20,14,781287,0.458695,03,1250,0,0,Node 03: Network 3
7518,2025-07-18,00,20,15,841104,1.059817,01,250,0,0,Node 01: Network 3
7519,2025-07-18,00,20,16,324740,0.483636,02,750,0,0,Node 02: Network 3
7520,2025-07-18,00,20,16,783069,0.458329,03,1250,0,0,Node 03: Network 3
7521,2025-07-18,00,20,17,841815,1.058746,01,250,0,0,Node 01: Network 3
7522,2025-07-18,00,20,18,356807,0.514992,02,750,0,0,Node 02: Network 3
7523,2025-07-18,00,20,18,785003,0.428196,03,1250,0,0,Node 03: Network 3
7524,2025-07-18,00,20,19,842753,1.05775,01,250,0,0,Node 01: Network 3
7525,2025-07-18,00,20,20,328249,0.485496,02,750,0,0,Node 02: Network 3
7526,2025-07-18,00,20,20,889804,0.561555,03,1250,0,0,Node 03: Network 3
7527,2025-07-18,00,20,21,356570,0.466766,BB,0,1,0,
7528,2025-07-18,00,20,23,360697,2.004127,BB,0,1,0,
7529,2025-07-18,00,20,23,420573,0.059876,01,1840,0,1,
7530,2025-07-18,00,20,23,446615,0.026042,03,1793,0,1,
7531,2025-07-18,00,20,23,459640,0.013025,02,1851,0,1,
7532,2025-07-18,00,20,23,677184,0.217544,01,250,0,0,Node 01: Network 3
7533,2025-07-18,00,20,24,176989,0.499805,02,750,0,0,Node 02: Network 3
7534,2025-07-18,00,20,24,679615,0.502626,03,1250,0,0,Node 03: Network 3
7535,2025-07-18,00,20,25,677559,0.997944,01,250,0,0,Node 01: Network 3
7536,2025-07-18,00,20,26,178529,0.50097,02,750,0,0,Node 02: Network 3
7537,2025-07-18,00,20,26,682588,0.504059,03,1250,0,0,Node 03: Network 3
7538,2025-07-18,00,20,27,722393,1.039805,01,250,0,0,Node 01: Network 3
7539,2025-07-18,00,20,28,180852,0.458459,02,750,0,0,Node 02: Network 3
7540,2025-07-18,00,20,28,684885,0.504033,03,1250,0,0,Node 03: Network 3
7541,2025-07-18,00,20,29,722761,1.037876,01,250,0,0,Node 01: Network 3
7542,2025-07-18,00,20,30,183574,0.460813,02,751,0,0,Node 02: Network 3
7543,2025-07-18,00,20,30,685837,0.502263,03,1250,0,0,Node 03: Network 3
7544,2025-07-18,00,20,31,723748,1.037911,01,250,0,0,Node 01: Network 3
7545,2025-07-18,00,20,32,185522,0.461774,02,750,0,0,Node 02: Network 3
7546,2025-07-18,00,20,32,688468,0.502946,03,1250,0,0,Node 03: Network 3
7547,2025-07-18,00,20,33,730517,1.042049,01,250,0,0,Node 01: Network 3
7548,2025-07-18,00,20,34,186982,0.456465,02,750,0,0,Node 02: Network 3
7549,2025-07-18,00,20,34,691299,0.504317,03,1250,0,0,Node 03: Network 3
7550,2025-07-18,00,20,35,730549,1.03925,01,250,0,0,Node 01: Network 3
7551,2025-07-18,00,20,36,188299,0.45775,02,750,0,0,Node 02: Network 3
7552,2025-07-18,00,20,36,691920,0.503621,03,1250,0,0,Node 03: Network 3
7553,2025-07-18,00,20,37,731336,1.039416,01,250,0,0,Node 01: Network 3
7554,2025-07-18,00,20,38,191074,0.459738,02,750,0,0,Node 02: Network 3
7555,2025-07-18,00,20,38,694147,0.503073,03,1250,0,0,Node 03: Network 3
7556,2025-07-18,00,20,39,732189,1.038042,01,250,0,0,Node 01: Network 3
7557,2025-07-18,00,20,40,192027,0.459838,02,750,0,0,Node 02: Network 3
7558,2025-07-18,00,20,40,697284,0.505257,03,1250,0,0,Node 03: Network 3
7559,2025-07-18,00,20,41,733260,1.035976,01,250,0,0,Node 01: Network 3
7560,2025-07-18,00,20,42,195164,0.461904,02,750,0,0,Node 02: Network 3
7561,2025-07-18,00,20,42,698719,0.503555,03,1250,0,0,Node 03: Network 3
7562,2025-07-18,00,20,43,734350,1.035631,01,250,0,0,Node 01: Network 3
7563,2025-07-18,00,20,44,195909,0.461559,02,750,0,0,Node 02: Network 3
7564,2025-07-18,00,20,44,701685,0.505776,03,1250,0,0,Node 03: Network 3
7565,2025-07-18,00,20,45,735358,1.033673,01,250,0,0,Node 01: Network 3
7566,2025-07-18,00,20,46,245858,0.5105,02,750,0,0,Node 02: Network 3
7567,2025-07-18,00,20,47,735403,1.489545,01,250,0,0,Node 01: Network 3
7568,2025-07-18,00,20,48,247862,0.512459,02,750,0,0,Node 02: Network 3
7569,2025-07-18,00,20,48,782270,0.534408,03,1250,0,0,Node 03: Network 3
7570,2025-07-18,00,20,49,736382,0.954112,01,250,0,0,Node 01: Network 3
7571,2025-07-18,00,20,50,251155,0.514773,02,750,0,0,Node 02: Network 3
7572,2025-07-18,00,20,50,783226,0.532071,03,1250,0,0,Node 03: Network 3
7573,2025-07-18,00,20,51,794216,1.01099,01,250,0,0,Node 01: Network 3
7574,2025-07-18,00,20,52,252040,0.457824,02,750,0,0,Node 02: Network 3
7575,2025-07-18,00,20,52,785389,0.533349,03,1250,0,0,Node 03: Network 3
7576,2025-07-18,00,20,53,795118,1.009729,01,250,0,0,Node 01: Network 3
7577,2025-07-18,00,20,54,330036,0.534918,02,750,0,0,Node 02: Network 3
7578,2025-07-18,00,20,54,841404,0.511368,03,1250,0,0,Node 03: Network 3
7579,2025-07-18,00,20,55,795962,0.954558,01,250,0,0,Node 01: Network 3
7580,2025-07-18,00,20,56,331834,0.535872,02,750,0,0,Node 02: Network 3
7581,2025-07-18,00,20,56,843835,0.512001,03,1250,0,0,Node 03: Network 3
7582,2025-07-18,00,20,57,796568,0.952733,01,250,0,0,Node 01: Network 3
7583,2025-07-18,00,20,58,389159,0.592591,02,750,0,0,Node 02: Network 3
7584,2025-07-18,00,20,58,846954,0.457795,03,1250,0,0,Node 03: Network 3
7585,2025-07-18,00,20,59,932998,1.086044,01,250,0,0,Node 01: Network 3
7586,2025-07-18,00,21,00,390527,0.457529,02,750,0,0,Node 02: Network 3
7587,2025-07-18,00,21,00,849933,0.459406,03,1250,0,0,Node 03: Network 3
7588,2025-07-18,00,21,01,947175,1.097242,01,250,0,0,Node 01: Network 3
7589,2025-07-18,00,21,02,393113,0.445938,02,750,0,0,Node 02: Network 3
7590,2025-07-18,00,21,02,851056,0.457943,03,1250,0,0,Node 03: Network 3
7591,2025-07-18,00,21,03,933965,1.082909,01,250,0,0,Node 01: Network 3
7592,2025-07-18,00,21,04,394022,0.460057,02,750,0,0,Node 02: Network 3
7593,2025-07-18,00,21,04,853605,0.459583,03,1250,0,0,Node 03: Network 3
7594,2025-07-18,00,21,05,936019,1.082414,01,251,0,0,Node 01: Network 3
7595,2025-07-18,00,21,06,397988,0.461969,02,750,0,0,Node 02: Network 3
7596,2025-07-18,00,21,06,855071,0.457083,03,1250,0,0,Node 03: Network 3
7597,2025-07-18,00,21,07,898117,1.043046,01,250,0,0,Node 01: Network 3
7598,2025-07-18,00,21,08,399701,0.501584,02,750,0,0,Node 02: Network 3
7599,2025-07-18,00,21,08,856512,0.456811,03,1250,0,0,Node 03: Network 3
7600,2025-07-18,00,21,09,898784,1.042272,01,250,0,0,Node 01: Network 3
7601,2025-07-18,00,21,10,400949,0.502165,02,750,0,0,Node 02: Network 3
7602,2025-07-18,00,21,10,859498,0.458549,03,1250,0,0,Node 03: Network 3
7603,2025-07-18,00,21,11,898337,1.038839,01,250,0,0,Node 01: Network 3
7604,2025-07-18,00,21,12,404164,0.505827,02,750,0,0,Node 02: Network 3
7605,2025-07-18,00,21,12,860945,0.456781,03,1250,0,0,Node 03: Network 3
7606,2025-07-18,00,21,13,948646,1.087701,01,250,0,0,Node 01: Network 3
7607,2025-07-18,00,21,14,405200,0.456554,02,750,0,0,Node 02: Network 3
7608,2025-07-18,00,21,14,863798,0.458598,03,1250,0,0,Node 03: Network 3
7609,2025-07-18,00,21,15,948264,1.084466,01,250,0,0,Node 01: Network 3
7610,2025-07-18,00,21,16,492903,0.544639,02,750,0,0,Node 02: Network 3
7611,2025-07-18,00,21,16,866191,0.373288,03,1250,0,0,Node 03: Network 3
7612,2025-07-18,00,21,17,478363,0.612172,BB,0,1,0,
7613,2025-07-18,00,21,17,532698,0.054335,02,1827,0,1,
7614,2025-07-18,00,21,18,293544,0.760846,02,750,0,0,Node 02: Network 3
7615,2025-07-18,00,21,18,839816,0.546272,03,1250,0,0,Node 03: Network 3
7616,2025-07-18,00,21,19,837853,0.998037,01,250,0,0,Node 01: Network 3
7617,2025-07-18,00,21,20,295188,0.457335,02,750,0,0,Node 02: Network 3
7618,2025-07-18,00,21,21,838900,1.543712,01,250,0,0,Node 01: Network 3
7619,2025-07-18,00,21,22,296982,0.458082,02,750,0,0,Node 02: Network 3
7620,2025-07-18,00,21,22,885442,0.58846,03,1250,0,0,Node 03: Network 3
7621,2025-07-18,00,21,23,860184,0.974742,01,250,0,0,Node 01: Network 3
7622,2025-07-18,00,21,24,428884,0.5687,02,750,0,0,Node 02: Network 3
7623,2025-07-18,00,21,24,887524,0.45864,03,1250,0,0,Node 03: Network 3
7624,2025-07-18,00,21,25,971911,1.084387,01,250,0,0,Node 01: Network 3
7625,2025-07-18,00,21,26,516915,0.545004,02,750,0,0,Node 02: Network 3
7626,2025-07-18,00,21,26,889650,0.372735,03,1250,0,0,Node 03: Network 3
7627,2025-07-18,00,21,27,500677,0.611027,BB,0,1,0,
7628,2025-07-18,00,21,29,506117,2.00544,BB,0,1,0,
7629,2025-07-18,00,21,29,548484,0.042367,01,1766,0,1,
7630,2025-07-18,00,21,29,588749,0.040265,03,1938,0,1,
7631,2025-07-18,00,21,29,629357,0.040608,02,1808,0,1,
7632,2025-07-18,00,21,29,729523,0.100166,BB,0,1,0,
7633,2025-07-18,00,21,29,782788,0.053265,BB,0,1,0,
7634,2025-07-18,00,21,29,818032,0.035244,BB,0,1,0,03:932:0:1
7635,2025-07-18,00,21,29,864975,0.046943,02,976,0,1,978:0:1
7636,2025-07-18,00,21,29,883044,0.018069,03,280,0,1,
7637,2025-07-18,00,21,29,915829,0.032785,01,250,0,0,Node 01: Network 3
7638,2025-07-18,00,21,29,928868,0.013039,01,284,0,1,
7639,2025-07-18,00,21,29,963301,0.034433,02,750,0,0,Node 02: Network 3
7640,2025-07-18,00,21,29,975861,0.01256,02,284,0,1,
7641,2025-07-18,00,21,30,141904,0.166043,02,751,0,0,Node 02: Network 3
7642,2025-07-18,00,21,30,295527,0.153623,02,751,0,0,Node 02: 01:281:0:0:Node 01: Network 3
7643,2025-07-18,00,21,30,308879,0.013352,Network 3,,,,
7644,2025-07-18,00,21,30,403735,0.094856,03,1266,0,0,Node 03: Network 3
7645,2025-07-18,00,21,30,475510,0.071775,01,250,0,0,Node 01: Network 3
7646,2025-07-18,00,21,30,508451,0.032941,02,767,0,0,Node 02: Network 3
7647,2025-07-18,00,21,30,541660,0.033209,02,750,0,0,Node 02: Network 3
7648,2025-07-18,00,21,30,646361,0.104701,02,750,0,0,Node 02: Network 3
7649,2025-07-18,00,21,30,791345,0.144984,01,251,0,0,Node 01: Network 3
7650,2025-07-18,00,21,30,891085,0.09974,03,1250,0,0,Node 03: Network 3
7651,2025-07-18,00,21,30,962566,0.071481,01,250,0,0,Node 01: Network 3
7652,2025-07-18,00,21,31,011836,0.04927,03,1256,0,0,Node 03: Network 3
7653,2025-07-18,00,21,31,508528,0.496692,BB,0,1,0,
7654,2025-07-18,00,21,33,514528,2.006,BB,0,1,0,
7655,2025-07-18,00,21,33,568258,0.05373,03,1877,0,1,
7656,2025-07-18,00,21,33,589843,0.021585,01,1877,0,1,
7657,2025-07-18,00,21,33,637677,0.047834,02,1875,0,1,
7658,2025-07-18,00,21,33,829565,0.191888,01,250,0,0,Node 01: Network 3
7659,2025-07-18,00,21,34,331983,0.502418,02,750,0,0,Node 02: Network 3
7660,2025-07-18,00,21,34,832604,0.500621,03,1250,0,0,Node 03: Network 3
7661,2025-07-18,00,21,35,830813,0.998209,01,250,0,0,Node 01: Network 3
7662,2025-07-18,00,21,36,333543,0.50273,02,750,0,0,Node 02: Network 3
7663,2025-07-18,00,21,36,835400,0.501857,03,1250,0,0,Node 03: Network 3
7664,2025-07-18,00,21,37,831527,0.996127,01,250,0,0,Node 01: Network 3
7665,2025-07-18,00,21,38,335840,0.504313,02,750,0,0,Node 02: Network 3
7666,2025-07-18,00,21,38,877926,0.542086,03,1250,0,0,Node 03: Network 3
7667,2025-07-18,00,21,39,831110,0.953184,01,250,0,0,Node 01: Network 3
7668,2025-07-18,00,21,40,337500,0.50639,02,750,0,0,Node 02: Network 3
7669,2025-07-18,00,21,40,878583,0.541083,03,1250,0,0,Node 03: Network 3
7670,2025-07-18,00,21,41,831702,0.953119,01,250,0,0,Node 01: Network 3
7671,2025-07-18,00,21,42,338885,0.507183,02,750,0,0,Node 02: Network 3
7672,2025-07-18,00,21,42,882311,0.543426,03,1250,0,0,Node 03: Network 3
7673,2025-07-18,00,21,43,834040,0.951729,01,250,0,0,Node 01: Network 3
7674,2025-07-18,00,21,44,341235,0.507195,02,750,0,0,Node 02: Network 3
7675,2025-07-18,00,21,44,881888,0.540653,03,1250,0,0,Node 03: Network 3
7676,2025-07-18,00,21,45,833741,0.951853,01,250,0,0,Node 01: Network 3
7677,2025-07-18,00,21,46,342932,0.509191,02,750,0,0,Node 02: Network 3
7678,2025-07-18,00,21,46,883371,0.540439,03,1250,0,0,Node 03: Network 3
7679,2025-07-18,00,21,47,834576,0.951205,01,250,0,0,Node 01: Network 3
7680,2025-07-18,00,21,48,343407,0.508831,02,750,0,0,Node 02: Network 3
7681,2025-07-18,00,21,48,885898,0.542491,03,1250,0,0,Node 03: Network 3
7682,2025-07-18,00,21,49,835309,0.949411,01,250,0,0,Node 01: Network 3
7683,2025-07-18,00,21,50,347530,0.512221,02,750,0,0,Node 02: Network 3
7684,2025-07-18,00,21,50,881731,0.534201,03,1250,0,0,Node 03: Network 3
7685,2025-07-18,00,21,51,835110,0.953379,01,250,0,0,Node 01: Network 3
7686,2025-07-18,00,21,52,426489,0.591379,02,750,0,0,Node 02: Network 3
7687,2025-07-18,00,21,52,883649,0.45716,03,1250,0,0,Node 03: Network 3
7688,2025-07-18,00,21,53,971630,1.087981,01,250,0,0,Node 01: Network 3
7689,2025-07-18,00,21,54,429179,0.457549,02,750,0,0,Node 02: Network 3
7690,2025-07-18,00,21,54,887235,0.458056,03,1251,0,0,Node 03: Network 3
7691,2025-07-18,00,21,55,973310,1.086075,01,250,0,0,Node 01: Network 3
7692,2025-07-18,00,21,56,429920,0.45661,02,750,0,0,Node 02: Network 3
7693,2025-07-18,00,21,56,888860,0.45894,03,1250,0,0,Node 03: Network 3
7694,2025-07-18,00,21,57,973444,1.084584,01,250,0,0,Node 01: Network 3
7695,2025-07-18,00,21,58,432428,0.458984,02,750,0,0,Node 02: Network 3
7696,2025-07-18,00,21,59,020821,0.588393,03,1250,0,0,Node 03: Network 3
7697,2025-07-18,00,21,59,975233,0.954412,01,250,0,0,Node 01: Network 3
7698,2025-07-18,00,22,00,434161,0.458928,02,750,0,0,Node 02: Network 3
7699,2025-07-18,00,22,01,021703,0.587542,03,1250,0,0,Node 03: Network 3
7700,2025-07-18,00,22,01,976766,0.955063,01,251,0,0,Node 01: Network 3
7701,2025-07-18,00,22,02,434850,0.458084,02,750,0,0,Node 02: Network 3
7702,2025-07-18,00,22,03,024302,0.589452,03,1250,0,0,Node 03: Network 3
7703,2025-07-18,00,22,04,438229,1.413927,02,750,0,0,Node 02: Network 3
7704,2025-07-18,00,22,05,026606,0.588377,03,1250,0,0,Node 03: Network 3
7705,2025-07-18,00,22,06,070058,1.043452,01,250,0,0,Node 01: Network 3
7706,2025-07-18,00,22,06,440757,0.370699,02,750,0,0,Node 02: Network 3
7707,2025-07-18,00,22,07,028281,0.587524,03,1250,0,0,Node 03: Network 3
7708,2025-07-18,00,22,08,070660,1.042379,01,250,0,0,Node 01: Network 3
7709,2025-07-18,00,22,08,572845,0.502185,02,750,0,0,Node 02: Network 3
7710,2025-07-18,00,22,09,031098,0.458253,03,1250,0,0,Node 03: Network 3
7711,2025-07-18,00,22,10,118427,1.087329,01,250,0,0,Node 01: Network 3
7712,2025-07-18,00,22,10,575397,0.45697,02,750,0,0,Node 02: Network 3
7713,2025-07-18,00,22,11,031750,0.456353,03,1250,0,0,Node 03: Network 3
7714,2025-07-18,00,22,11,597090,0.56534,BB,0,1,0,
7715,2025-07-18,00,22,13,600906,2.003816,BB,0,1,0,
7716,2025-07-18,00,22,13,655249,0.054343,02,1847,0,1,
7717,2025-07-18,00,22,13,669358,0.014109,01,1807,0,1,
7718,2025-07-18,00,22,13,750411,0.081053,03,1890,0,1,
7719,2025-07-18,00,22,13,916270,0.165859,01,250,0,0,Node 01: Network 3
7720,2025-07-18,00,22,14,419501,0.503231,02,750,0,0,Node 02: Network 3
7721,2025-07-18,00,22,14,920337,0.500836,03,1250,0,0,Node 03: Network 3
7722,2025-07-18,00,22,15,918037,0.9977,01,250,0,0,Node 01: Network 3
7723,2025-07-18,00,22,16,420901,0.502864,02,750,0,0,Node 02: Network 3
7724,2025-07-18,00,22,16,923045,0.502144,03,1250,0,0,Node 03: Network 3
7725,2025-07-18,00,22,17,917900,0.994855,01,250,0,0,Node 01: Network 3
7726,2025-07-18,00,22,18,423107,0.505207,02,750,0,0,Node 02: Network 3
7727,2025-07-18,00,22,18,924848,0.501741,03,1250,0,0,Node 03: Network 3
7728,2025-07-18,00,22,19,918157,0.993309,01,250,0,0,Node 01: Network 3
7729,2025-07-18,00,22,20,424919,0.506762,02,750,0,0,Node 02: Network 3
7730,2025-07-18,00,22,20,966901,0.541982,03,1250,0,0,Node 03: Network 3
7731,2025-07-18,00,22,21,919097,0.952196,01,250,0,0,Node 01: Network 3
7732,2025-07-18,00,22,22,426421,0.507324,02,750,0,0,Node 02: Network 3
7733,2025-07-18,00,22,22,968131,0.54171,03,1250,0,0,Node 03: Network 3
7734,2025-07-18,00,22,23,919490,0.951359,01,250,0,0,Node 01: Network 3
7735,2025-07-18,00,22,24,429725,0.510235,02,750,0,0,Node 02: Network 3
7736,2025-07-18,00,22,24,970255,0.54053,03,1250,0,0,Node 03: Network 3
7737,2025-07-18,00,22,25,920719,0.950464,01,251,0,0,Node 01: Network 3
7738,2025-07-18,00,22,26,431325,0.510606,02,750,0,0,Node 02: Network 3
7739,2025-07-18,00,22,26,967070,0.535745,03,1250,0,0,Node 03: Network 3
7740,2025-07-18,00,22,28,010556,1.043486,01,250,0,0,Node 01: Network 3
7741,2025-07-18,00,22,28,432991,0.422435,02,750,0,0,Node 02: Network 3
7742,2025-07-18,00,22,28,970480,0.537489,03,1250,0,0,Node 03: Network 3
7743,2025-07-18,00,22,30,009108,1.038628,01,250,0,0,Node 01: Network 3
7744,2025-07-18,00,22,30,435526,0.426418,02,750,0,0,Node 02: Network 3
7745,2025-07-18,00,22,30,972763,0.537237,03,1250,0,0,Node 03: Network 3
7746,2025-07-18,00,22,32,010675,1.037912,01,250,0,0,Node 01: Network 3
7747,2025-07-18,00,22,32,554819,0.544144,02,750,0,0,Node 02: Network 3
7748,2025-07-18,00,22,32,973714,0.418895,03,1250,0,0,Node 03: Network 3
7749,2025-07-18,00,22,34,011746,1.038032,01,250,0,0,Node 01: Network 3
7750,2025-07-18,00,22,34,556455,0.544709,02,750,0,0,Node 02: Network 3
7751,2025-07-18,00,22,34,976436,0.419981,03,1250,0,0,Node 03: Network 3
7752,2025-07-18,00,22,36,011789,1.035353,01,250,0,0,Node 01: Network 3
7753,2025-07-18,00,22,36,559678,0.547889,02,750,0,0,Node 02: Network 3
7754,2025-07-18,00,22,36,978502,0.418824,03,1250,0,0,Node 03: Network 3
7755,2025-07-18,00,22,38,013039,1.034537,01,250,0,0,Node 01: Network 3
7756,2025-07-18,00,22,38,558075,0.545036,02,750,0,0,Node 02: Network 3
7757,2025-07-18,00,22,38,980187,0.422112,03,1250,0,0,Node 03: Network 3
7758,2025-07-18,00,22,40,013885,1.033698,01,250,0,0,Node 01: Network 3
7759,2025-07-18,00,22,40,556606,0.542721,02,750,0,0,Node 02: Network 3
7760,2025-07-18,00,22,40,982275,0.425669,03,1250,0,0,Node 03: Network 3
7761,2025-07-18,00,22,42,013806,1.031531,01,250,0,0,Node 01: Network 3
7762,2025-07-18,00,22,42,559585,0.545779,02,750,0,0,Node 02: Network 3
7763,2025-07-18,00,22,42,984748,0.425163,03,1250,0,0,Node 03: Network 3
7764,2025-07-18,00,22,44,015666,1.030918,01,250,0,0,Node 01: Network 3
7765,2025-07-18,00,22,44,529295,0.513629,02,750,0,0,Node 02: Network 3
7766,2025-07-18,00,22,44,986774,0.457479,03,1250,0,0,Node 03: Network 3
7767,2025-07-18,00,22,46,030581,1.043807,01,250,0,0,Node 01: Network 3
7768,2025-07-18,00,22,46,531366,0.500785,02,750,0,0,Node 02: Network 3
7769,2025-07-18,00,22,47,077184,0.545818,03,1250,0,0,Node 03: Network 3
7770,2025-07-18,00,22,48,031076,0.953892,01,251,0,0,Node 01: Network 3
7771,2025-07-18,00,22,48,532794,0.501718,02,750,0,0,Node 02: Network 3
7772,2025-07-18,00,22,49,077811,0.545017,03,1250,0,0,Node 03: Network 3
7773,2025-07-18,00,22,50,031486,0.953675,01,250,0,0,Node 01: Network 3
7774,2025-07-18,00,22,50,535157,0.503671,02,750,0,0,Node 02: Network 3
7775,2025-07-18,00,22,51,079465,0.544308,03,1250,0,0,Node 03: Network 3
7776,2025-07-18,00,22,52,032351,0.952886,01,250,0,0,Node 01: Network 3
7777,2025-07-18,00,22,52,576312,0.543961,02,751,0,0,Node 02: Network 3
7778,2025-07-18,00,22,53,081897,0.505585,03,1250,0,0,Node 03: Network 3
7779,2025-07-18,00,22,54,032433,0.950536,01,250,0,0,Node 01: Network 3
7780,2025-07-18,00,22,54,625242,0.592809,02,750,0,0,Node 02: Network 3
7781,2025-07-18,00,22,55,083335,0.458093,03,1250,0,0,Node 03: Network 3
7782,2025-07-18,00,22,56,034244,0.950909,01,250,0,0,Node 01: Network 3
7783,2025-07-18,00,22,56,627591,0.593347,02,750,0,0,Node 02: Network 3
7784,2025-07-18,00,22,57,084749,0.457158,03,1250,0,0,Node 03: Network 3
7785,2025-07-18,00,22,58,173170,1.088421,01,250,0,0,Node 01: Network 3
7786,2025-07-18,00,22,58,629370,0.4562,02,750,0,0,Node 02: Network 3
7787,2025-07-18,00,22,59,218507,0.589137,03,1250,0,0,Node 03: Network 3
7788,2025-07-18,00,22,59,702958,0.484451,BB,0,1,0,
7789,2025-07-18,00,23,01,706782,2.003824,BB,0,1,0,
7790,2025-07-18,00,23,01,769659,0.062877,03,1810,0,1,
7791,2025-07-18,00,23,01,811023,0.041364,02,1897,0,1,
7792,2025-07-18,00,23,01,864474,0.053451,01,1856,0,1,
7793,2025-07-18,00,23,02,524135,0.659661,02,750,0,0,Node 02: Network 3
7794,2025-07-18,00,23,03,025232,0.501097,03,1250,0,0,Node 03: Network 3
7795,2025-07-18,00,23,04,068381,1.043149,01,250,0,0,Node 01: Network 3
7796,2025-07-18,00,23,04,524790,0.456409,02,750,0,0,Node 02: Network 3
7797,2025-07-18,00,23,05,027053,0.502263,03,1250,0,0,Node 03: Network 3
7798,2025-07-18,00,23,06,070153,1.0431,01,250,0,0,Node 01: Network 3
7799,2025-07-18,00,23,06,527640,0.457487,02,750,0,0,Node 02: Network 3
7800,2025-07-18,00,23,07,116073,0.588433,03,1250,0,0,Node 03: Network 3
7801,2025-07-18,00,23,08,070546,0.954473,01,250,0,0,Node 01: Network 3
7802,2025-07-18,00,23,08,529327,0.458781,02,750,0,0,Node 02: Network 3
7803,2025-07-18,00,23,09,119267,0.58994,03,1250,0,0,Node 03: Network 3
7804,2025-07-18,00,23,10,072066,0.952799,01,250,0,0,Node 01: Network 3
7805,2025-07-18,00,23,10,530508,0.458442,02,750,0,0,Node 02: Network 3
7806,2025-07-18,00,23,11,121337,0.590829,03,1250,0,0,Node 03: Network 3
7807,2025-07-18,00,23,12,071302,0.949965,01,250,0,0,Node 01: Network 3
7808,2025-07-18,00,23,12,533309,0.462007,02,750,0,0,Node 02: Network 3
7809,2025-07-18,00,23,13,123680,0.590371,03,1250,0,0,Node 03: Network 3
7810,2025-07-18,00,23,14,071453,0.947773,01,250,0,0,Node 01: Network 3
7811,2025-07-18,00,23,14,682426,0.610973,02,750,0,0,Node 02: Network 3
7812,2025-07-18,00,23,15,124141,0.441715,03,1250,0,0,Node 03: Network 3
7813,2025-07-18,00,23,16,072918,0.948777,01,250,0,0,Node 01: Network 3
7814,2025-07-18,00,23,16,670181,0.597263,02,750,0,0,Node 02: Network 3
7815,2025-07-18,00,23,17,120908,0.450727,03,1250,0,0,Node 03: Network 3
7816,2025-07-18,00,23,18,073974,0.953066,01,250,0,0,Node 01: Network 3
7817,2025-07-18,00,23,18,672064,0.59809,02,750,0,0,Node 02: Network 3
7818,2025-07-18,00,23,19,217905,0.545841,03,1250,0,0,Node 03: Network 3
7819,2025-07-18,00,23,20,075585,0.85768,01,250,0,0,Node 01: Network 3
7820,2025-07-18,00,23,20,674958,0.599373,02,750,0,0,Node 02: Network 3
7821,2025-07-18,00,23,21,219605,0.544647,03,1250,0,0,Node 03: Network 3
7822,2025-07-18,00,23,22,262391,1.042786,01,250,0,0,Node 01: Network 3
7823,2025-07-18,00,23,22,806287,0.543896,02,750,0,0,Node 02: Network 3
7824,2025-07-18,00,23,23,351649,0.545362,03,1250,0,0,Node 03: Network 3
7825,2025-07-18,00,23,23,755082,0.403433,BB,0,1,0,
7826,2025-07-18,00,23,25,757873,2.002791,BB,0,1,0,
7827,2025-07-18,00,23,25,816383,0.05851,02,1772,0,1,
7828,2025-07-18,00,23,25,829479,0.013096,03,1728,0,1,
7829,2025-07-18,00,23,25,842870,0.013391,01,1817,0,1,
7830,2025-07-18,00,23,26,074024,0.231154,01,250,0,0,Node 01: Network 3
7831,2025-07-18,00,23,26,574877,0.500853,02,750,0,0,Node 02: Network 3
7832,2025-07-18,00,23,27,118122,0.543245,03,1250,0,0,Node 03: Network 3
7833,2025-07-18,00,23,28,119879,1.001757,01,250,0,0,Node 01: Network 3
7834,2025-07-18,00,23,28,576961,0.457082,02,750,0,0,Node 02: Network 3
7835,2025-07-18,00,23,29,121856,0.544895,03,1250,0,0,Node 03: Network 3
7836,2025-07-18,00,23,30,119914,0.998058,01,250,0,0,Node 01: Network 3
7837,2025-07-18,00,23,30,580269,0.460355,02,750,0,0,Node 02: Network 3
7838,2025-07-18,00,23,31,124280,0.544011,03,1250,0,0,Node 03: Network 3
7839,2025-07-18,00,23,32,120596,0.996316,01,250,0,0,Node 01: Network 3
7840,2025-07-18,00,23,32,581550,0.460954,02,750,0,0,Node 02: Network 3
7841,2025-07-18,00,23,33,127855,0.546305,03,1251,0,0,Node 03: Network 3
7842,2025-07-18,00,23,34,122731,0.994876,01,250,0,0,Node 01: Network 3
7843,2025-07-18,00,23,34,583271,0.46054,02,750,0,0,Node 02: Network 3
7844,2025-07-18,00,23,35,129736,0.546465,03,1250,0,0,Node 03: Network 3
7845,2025-07-18,00,23,36,127514,0.997778,01,250,0,0,Node 01: Network 3
7846,2025-07-18,00,23,36,584940,0.457426,02,750,0,0,Node 02: Network 3
7847,2025-07-18,00,23,36,923434,0.338494,BB,0,1,0,
7848,2025-07-18,00,23,36,987734,0.0643,BB,0,1,0,03:1877:0:1
7849,2025-07-18,00,23,37,047251,0.059517,01,1877,0,1,02:1875:0:1
7850,2025-07-18,00,23,37,060280,0.013029,01,1183,0,1,
7851,2025-07-18,00,23,37,104874,0.044594,02,750,0,0,Node 02: Network 3
7852,2025-07-18,00,23,37,118294,0.01342,03,1182,0,1,
7853,2025-07-18,00,23,37,131831,0.013537,02,1225,0,1,
7854,2025-07-18,00,23,37,228518,0.096687,03,1250,0,0,Node 03: Network 3
7855,2025-07-18,00,23,37,330352,0.101834,01,281,0,0,Node 01: Network 3
7856,2025-07-18,00,23,37,422552,0.0922,01,261,0,0,Node 01: Network 3
7857,2025-07-18,00,23,37,455848,0.033296,02,767,0,0,Node 02: Network 3
7858,2025-07-18,00,23,37,523147,0.067299,03,1256,0,0,Node 03: Network 3
7859,2025-07-18,00,23,37,579817,0.05667,01,250,0,0,Node 01: Network 3
7860,2025-07-18,00,23,37,691734,0.111917,02,750,0,0,Node 02: Network 3
7861,2025-07-18,00,23,37,766858,0.075124,03,1250,0,0,Node 03: Network 3
7862,2025-07-18,00,23,37,860368,0.09351,02,750,0,0,Node 02: Network 3
7863,2025-07-18,00,23,37,896941,0.036573,01,250,0,0,Node 01: Network 3
7864,2025-07-18,00,23,37,907126,0.010185,BB,0,1,0,
7865,2025-07-18,00,23,37,969657,0.062531,02,750,0,0,Node 02: Network 3
7866,2025-07-18,00,23,38,027671,0.058014,03,1250,0,0,Node 03: Network 3
7867,2025-07-18,00,23,38,201492,0.173821,02,781,0,0,Node 02: Network 3
7868,2025-07-18,00,23,38,291881,0.090389,03,1282,0,0,Node 03: Network 3
7869,2025-07-18,00,23,39,512826,1.220945,01,250,0,0,Node 01: Network 3
7870,2025-07-18,00,23,39,789094,0.276268,BB,0,1,0,
7871,2025-07-18,00,23,39,854864,0.06577,01,1498,0,1,
7872,2025-07-18,00,23,40,105155,0.250291,01,250,0,0,Node 01: Network 3
7873,2025-07-18,00,23,40,648610,0.543455,02,750,0,0,Node 02: Network 3
7874,2025-07-18,00,23,41,152963,0.504353,03,1250,0,0,Node 03: Network 3
7875,2025-07-18,00,23,42,106448,0.953485,01,250,0,0,Node 01: Network 3
7876,2025-07-18,00,23,42,651394,0.544946,02,750,0,0,Node 02: Network 3
7877,2025-07-18,00,23,43,141931,0.490537,03,1250,0,0,Node 03: Network 3
7878,2025-07-18,00,23,44,196822,1.054891,01,250,0,0,Node 01: Network 3
7879,2025-07-18,00,23,44,652815,0.455993,02,750,0,0,Node 02: Network 3
7880,2025-07-18,00,23,45,156707,0.503892,03,1250,0,0,Node 03: Network 3
7881,2025-07-18,00,23,46,196716,1.040009,01,250,0,0,Node 01: Network 3
7882,2025-07-18,00,23,46,655152,0.458436,02,750,0,0,Node 02: Network 3
7883,2025-07-18,00,23,47,158954,0.503802,03,1250,0,0,Node 03: Network 3
7884,2025-07-18,00,23,48,219315,1.060361,01,250,0,0,Node 01: Network 3
7885,2025-07-18,00,23,48,704055,0.48474,02,750,0,0,Node 02: Network 3
7886,2025-07-18,00,23,49,161640,0.457585,03,1250,0,0,Node 03: Network 3
7887,2025-07-18,00,23,50,197947,1.036307,01,250,0,0,Node 01: Network 3
7888,2025-07-18,00,23,50,706290,0.508343,02,750,0,0,Node 02: Network 3
7889,2025-07-18,00,23,51,162154,0.455864,03,1250,0,0,Node 03: Network 3
7890,2025-07-18,00,23,52,197786,1.035632,01,250,0,0,Node 01: Network 3
7891,2025-07-18,00,23,52,708275,0.510489,02,750,0,0,Node 02: Network 3
7892,2025-07-18,00,23,53,165345,0.45707,03,1250,0,0,Node 03: Network 3
7893,2025-07-18,00,23,54,252750,1.087405,01,250,0,0,Node 01: Network 3
7894,2025-07-18,00,23,54,709636,0.456886,02,750,0,0,Node 02: Network 3
7895,2025-07-18,00,23,55,167140,0.457504,03,1250,0,0,Node 03: Network 3
7896,2025-07-18,00,23,56,253230,1.08609,01,250,0,0,Node 01: Network 3
7897,2025-07-18,00,23,56,711386,0.458156,02,750,0,0,Node 02: Network 3
7898,2025-07-18,00,23,57,169388,0.458002,03,1250,0,0,Node 03: Network 3
7899,2025-07-18,00,23,58,254599,1.085211,01,250,0,0,Node 01: Network 3
7900,2025-07-18,00,23,58,798509,0.54391,02,750,0,0,Node 02: Network 3
7901,2025-07-18,00,23,59,172179,0.37367,03,1250,0,0,Node 03: Network 3
7902,2025-07-18,00,24,00,254759,1.08258,01,250,0,0,Node 01: Network 3
7903,2025-07-18,00,24,00,800299,0.54554,02,750,0,0,Node 02: Network 3
7904,2025-07-18,00,24,01,348445,0.548146,03,1250,0,0,Node 03: Network 3
7905,2025-07-18,00,24,01,837389,0.488944,BB,0,1,0,
7906,2025-07-18,00,24,03,842288,2.004899,BB,0,1,0,
7907,2025-07-18,00,24,03,885871,0.043583,02,1772,0,1,
7908,2025-07-18,00,24,03,905306,0.019435,03,1816,0,1,
7909,2025-07-18,00,24,03,924615,0.019309,01,1909,0,1,
7910,2025-07-18,00,24,04,159448,0.234833,01,250,0,0,Node 01: Network 3
7911,2025-07-18,00,24,04,659332,0.499884,02,750,0,0,Node 02: Network 3
7912,2025-07-18,00,24,05,162727,0.503395,03,1251,0,0,Node 03: Network 3
7913,2025-07-18,00,24,06,204817,1.04209,01,250,0,0,Node 01: Network 3
7914,2025-07-18,00,24,06,661228,0.456411,02,750,0,0,Node 02: Network 3
7915,2025-07-18,00,24,07,164042,0.502814,03,1250,0,0,Node 03: Network 3
7916,2025-07-18,00,24,08,204206,1.040164,01,250,0,0,Node 01: Network 3
7917,2025-07-18,00,24,08,707570,0.503364,02,750,0,0,Node 02: Network 3
7918,2025-07-18,00,24,09,252191,0.544621,03,1250,0,0,Node 03: Network 3
7919,2025-07-18,00,24,10,252509,1.000318,01,250,0,0,Node 01: Network 3
7920,2025-07-18,00,24,10,710338,0.457829,02,750,0,0,Node 02: Network 3
7921,2025-07-18,00,24,11,253669,0.543331,03,1250,0,0,Node 03: Network 3
7922,2025-07-18,00,24,12,254536,1.000867,01,250,0,0,Node 01: Network 3
7923,2025-07-18,00,24,12,711308,0.456772,02,750,0,0,Node 02: Network 3
7924,2025-07-18,00,24,13,257400,0.546092,03,1250,0,0,Node 03: Network 3
7925,2025-07-18,00,24,14,255170,0.99777,01,250,0,0,Node 01: Network 3
7926,2025-07-18,00,24,14,714152,0.458982,02,750,0,0,Node 02: Network 3
7927,2025-07-18,00,24,15,259990,0.545838,03,1250,0,0,Node 03: Network 3
7928,2025-07-18,00,24,16,254895,0.994905,01,250,0,0,Node 01: Network 3
7929,2025-07-18,00,24,16,716059,0.461164,02,750,0,0,Node 02: Network 3
7930,2025-07-18,00,24,17,279090,0.563031,03,1250,0,0,Node 03: Network 3
7931,2025-07-18,00,24,18,256940,0.97785,01,250,0,0,Node 01: Network 3
7932,2025-07-18,00,24,18,801519,0.544579,02,750,0,0,Node 02: Network 3
7933,2025-07-18,00,24,19,263684,0.462165,03,1250,0,0,Node 03: Network 3
7934,2025-07-18,00,24,20,257371,0.993687,01,250,0,0,Node 01: Network 3
7935,2025-07-18,00,24,20,803638,0.546267,02,750,0,0,Node 02: Network 3
7936,2025-07-18,00,24,21,265953,0.462315,03,1250,0,0,Node 03: Network 3
7937,2025-07-18,00,24,22,258405,0.992452,01,250,0,0,Node 01: Network 3
7938,2025-07-18,00,24,22,805510,0.547105,02,750,0,0,Node 02: Network 3
7939,2025-07-18,00,24,23,270156,0.464646,03,1250,0,0,Node 03: Network 3
7940,2025-07-18,00,24,24,258142,0.987986,01,250,0,0,Node 01: Network 3
7941,2025-07-18,00,24,24,808087,0.549945,02,750,0,0,Node 02: Network 3
7942,2025-07-18,00,24,25,271162,0.463075,03,1250,0,0,Node 03: Network 3
7943,2025-07-18,00,24,26,352556,1.081394,01,250,0,0,Node 01: Network 3
7944,2025-07-18,00,24,26,809581,0.457025,02,750,0,0,Node 02: Network 3
7945,2025-07-18,00,24,27,273630,0.464049,03,1250,0,0,Node 03: Network 3
7946,2025-07-18,00,24,28,352790,1.07916,01,250,0,0,Node 01: Network 3
7947,2025-07-18,00,24,28,810250,0.45746,02,750,0,0,Node 02: Network 3
7948,2025-07-18,00,24,29,274947,0.464697,03,1250,0,0,Node 03: Network 3
7949,2025-07-18,00,24,30,353377,1.07843,01,250,0,0,Node 01: Network 3
7950,2025-07-18,00,24,30,813361,0.459984,02,750,0,0,Node 02: Network 3
7951,2025-07-18,00,24,31,401108,0.587747,03,1250,0,0,Node 03: Network 3
7952,2025-07-18,00,24,32,357235,0.956127,01,250,0,0,Node 01: Network 3
7953,2025-07-18,00,24,32,814602,0.457367,02,750,0,0,Node 02: Network 3
7954,2025-07-18,00,24,33,402563,0.587961,03,1250,0,0,Node 03: Network 3
7955,2025-07-18,00,24,34,357389,0.954826,01,250,0,0,Node 01: Network 3
7956,2025-07-18,00,24,34,818298,0.460909,02,750,0,0,Node 02: Network 3
7957,2025-07-18,00,24,35,404340,0.586042,03,1250,0,0,Node 03: Network 3
7958,2025-07-18,00,24,36,358374,0.954034,01,250,0,0,Node 01: Network 3
7959,2025-07-18,00,24,36,819572,0.461198,02,750,0,0,Node 02: Network 3
7960,2025-07-18,00,24,37,408004,0.588432,03,1250,0,0,Node 03: Network 3
7961,2025-07-18,00,24,38,363067,0.955063,01,250,0,0,Node 01: Network 3
7962,2025-07-18,00,24,38,821202,0.458135,02,750,0,0,Node 02: Network 3
7963,2025-07-18,00,24,39,410164,0.588962,03,1250,0,0,Node 03: Network 3
7964,2025-07-18,00,24,40,365635,0.955471,01,250,0,0,Node 01: Network 3
7965,2025-07-18,00,24,40,955093,0.589458,02,750,0,0,Node 02: Network 3
7966,2025-07-18,00,24,41,501868,0.546775,03,1250,0,0,Node 03: Network 3
7967,2025-07-18,00,24,41,925749,0.423881,BB,0,1,0,
7968,2025-07-18,00,24,43,929292,2.003543,BB,0,1,0,
7969,2025-07-18,00,24,43,972905,0.043613,01,1887,0,1,
7970,2025-07-18,00,24,43,985938,0.013033,03,1750,0,1,
7971,2025-07-18,00,24,44,076778,0.09084,02,1794,0,1,
7972,2025-07-18,00,24,44,244312,0.167534,01,250,0,0,Node 01: Network 3
7973,2025-07-18,00,24,44,745276,0.500964,02,750,0,0,Node 02: Network 3
7974,2025-07-18,00,24,45,292835,0.547559,03,1250,0,0,Node 03: Network 3
7975,2025-07-18,00,24,46,245469,0.952634,01,250,0,0,Node 01: Network 3
7976,2025-07-18,00,24,46,747547,0.502078,02,750,0,0,Node 02: Network 3
7977,2025-07-18,00,24,47,294300,0.546753,03,1250,0,0,Node 03: Network 3
7978,2025-07-18,00,24,48,291635,0.997335,01,250,0,0,Node 01: Network 3
7979,2025-07-18,00,24,48,749138,0.457503,02,750,0,0,Node 02: Network 3
7980,2025-07-18,00,24,49,296673,0.547535,03,1250,0,0,Node 03: Network 3
7981,2025-07-18,00,24,50,292611,0.995938,01,250,0,0,Node 01: Network 3
7982,2025-07-18,00,24,50,750893,0.458282,02,750,0,0,Node 02: Network 3
7983,2025-07-18,00,24,51,298351,0.547458,03,1250,0,0,Node 03: Network 3
7984,2025-07-18,00,24,52,292411,0.99406,01,250,0,0,Node 01: Network 3
7985,2025-07-18,00,24,52,753874,0.461463,02,750,0,0,Node 02: Network 3
7986,2025-07-18,00,24,53,300392,0.546518,03,1250,0,0,Node 03: Network 3
7987,2025-07-18,00,24,54,293226,0.992834,01,250,0,0,Node 01: Network 3
7988,2025-07-18,00,24,54,755528,0.462302,02,750,0,0,Node 02: Network 3
7989,2025-07-18,00,24,55,340160,0.584632,03,1250,0,0,Node 03: Network 3
7990,2025-07-18,00,24,56,293794,0.953634,01,250,0,0,Node 01: Network 3
7991,2025-07-18,00,24,56,757678,0.463884,02,750,0,0,Node 02: Network 3
7992,2025-07-18,00,24,57,342806,0.585128,03,1250,0,0,Node 03: Network 3
7993,2025-07-18,00,24,58,295419,0.952613,01,251,0,0,Node 01: Network 3
7994,2025-07-18,00,24,58,759082,0.463663,02,750,0,0,Node 02: Network 3
7995,2025-07-18,00,24,59,345498,0.586416,03,1250,0,0,Node 03: Network 3
7996,2025-07-18,00,25,00,295615,0.950117,01,250,0,0,Node 01: Network 3
7997,2025-07-18,00,25,00,761151,0.465536,02,750,0,0,Node 02: Network 3
7998,2025-07-18,00,25,01,347256,0.586105,03,1250,0,0,Node 03: Network 3
7999,2025-07-18,00,25,02,296861,0.949605,01,250,0,0,Node 01: Network 3
8000,2025-07-18,00,25,02,891480,0.594619,02,750,0,0,Node 02: Network 3
8001,2025-07-18,00,25,03,349565,0.458085,03,1250,0,0,Node 03: Network 3
8002,2025-07-18,00,25,04,435771,1.086206,01,250,0,0,Node 01: Network 3
8003,2025-07-18,00,25,04,893163,0.457392,02,750,0,0,Node 02: Network 3
8004,2025-07-18,00,25,05,350244,0.457081,03,1250,0,0,Node 03: Network 3
8005,2025-07-18,00,25,06,437701,1.087457,01,250,0,0,Node 01: Network 3
8006,2025-07-18,00,25,06,895756,0.458055,02,750,0,0,Node 02: Network 3
8007,2025-07-18,00,25,07,352959,0.457203,03,1250,0,0,Node 03: Network 3
8008,2025-07-18,00,25,08,438168,1.085209,01,250,0,0,Node 01: Network 3
8009,2025-07-18,00,25,08,898035,0.459867,02,750,0,0,Node 02: Network 3
8010,2025-07-18,00,25,09,486548,0.588513,03,1250,0,0,Node 03: Network 3
8011,2025-07-18,00,25,10,438863,0.952315,01,250,0,0,Node 01: Network 3
8012,2025-07-18,00,25,10,899320,0.460457,02,750,0,0,Node 02: Network 3
8013,2025-07-18,00,25,11,504527,0.605207,03,1250,0,0,Node 03: Network 3
8014,2025-07-18,00,25,12,439557,0.93503,01,250,0,0,Node 01: Network 3
8015,2025-07-18,00,25,12,901533,0.461976,02,750,0,0,Node 02: Network 3
8016,2025-07-18,00,25,13,490617,0.589084,03,1250,0,0,Node 03: Network 3
8017,2025-07-18,00,25,14,440471,0.949854,01,250,0,0,Node 01: Network 3
8018,2025-07-18,00,25,14,903114,0.462643,02,750,0,0,Node 02: Network 3
8019,2025-07-18,00,25,15,491608,0.588494,03,1250,0,0,Node 03: Network 3
8020,2025-07-18,00,25,16,441793,0.950185,01,250,0,0,Node 01: Network 3
8021,2025-07-18,00,25,16,905914,0.464121,02,750,0,0,Node 02: Network 3
8022,2025-07-18,00,25,17,494336,0.588422,03,1250,0,0,Node 03: Network 3
8023,2025-07-18,00,25,18,441176,0.94684,01,250,0,0,Node 01: Network 3
8024,2025-07-18,00,25,18,906663,0.465487,02,750,0,0,Node 02: Network 3
8025,2025-07-18,00,25,19,495870,0.589207,03,1250,0,0,Node 03: Network 3
8026,2025-07-18,00,25,20,442589,0.946719,01,250,0,0,Node 01: Network 3
8027,2025-07-18,00,25,21,039129,0.59654,02,750,0,0,Node 02: Network 3
8028,2025-07-18,00,25,21,497998,0.458869,03,1250,0,0,Node 03: Network 3
8029,2025-07-18,00,25,22,012257,0.514259,BB,0,1,0,
8030,2025-07-18,00,25,24,018396,2.006139,BB,0,1,0,
8031,2025-07-18,00,25,24,073053,0.054657,02,1798,0,1,
8032,2025-07-18,00,25,24,100615,0.027562,03,1841,0,1,
8033,2025-07-18,00,25,24,149202,0.048587,01,1757,0,1,
8034,2025-07-18,00,25,24,333603,0.184401,01,250,0,0,Node 01: Network 3
8035,2025-07-18,00,25,24,878328,0.544725,02,751,0,0,Node 02: Network 3
8036,2025-07-18,00,25,25,380200,0.501872,03,1250,0,0,Node 03: Network 3
8037,2025-07-18,00,25,26,335178,0.954978,01,250,0,0,Node 01: Network 3
8038,2025-07-18,00,25,26,880266,0.545088,02,750,0,0,Node 02: Network 3
8039,2025-07-18,00,25,27,382501,0.502235,03,1250,0,0,Node 03: Network 3
8040,2025-07-18,00,25,28,336329,0.953828,01,250,0,0,Node 01: Network 3
8041,2025-07-18,00,25,28,899154,0.562825,02,750,0,0,Node 02: Network 3
8042,2025-07-18,00,25,29,384965,0.485811,03,1250,0,0,Node 03: Network 3
8043,2025-07-18,00,25,30,336912,0.951947,01,250,0,0,Node 01: Network 3
8044,2025-07-18,00,25,30,883824,0.546912,02,750,0,0,Node 02: Network 3
8045,2025-07-18,00,25,31,385623,0.501799,03,1250,0,0,Node 03: Network 3
8046,2025-07-18,00,25,32,336939,0.951316,01,250,0,0,Node 01: Network 3
8047,2025-07-18,00,25,32,885604,0.548665,02,750,0,0,Node 02: Network 3
8048,2025-07-18,00,25,33,384173,0.498569,03,1250,0,0,Node 03: Network 3
8049,2025-07-18,00,25,34,337576,0.953403,01,250,0,0,Node 01: Network 3
8050,2025-07-18,00,25,34,888114,0.550538,02,750,0,0,Node 02: Network 3
8051,2025-07-18,00,25,35,387177,0.499063,03,1250,0,0,Node 03: Network 3
8052,2025-07-18,00,25,36,430393,1.043216,01,250,0,0,Node 01: Network 3
8053,2025-07-18,00,25,36,931225,0.500832,02,750,0,0,Node 02: Network 3
8054,2025-07-18,00,25,37,476043,0.544818,03,1250,0,0,Node 03: Network 3
8055,2025-07-18,00,25,38,476025,0.999982,01,250,0,0,Node 01: Network 3
8056,2025-07-18,00,25,38,933159,0.457134,02,750,0,0,Node 02: Network 3
8057,2025-07-18,00,25,39,478284,0.545125,03,1250,0,0,Node 03: Network 3
8058,2025-07-18,00,25,40,477060,0.998776,01,250,0,0,Node 01: Network 3
8059,2025-07-18,00,25,41,021715,0.544655,02,750,0,0,Node 02: Network 3
8060,2025-07-18,00,25,41,480901,0.459186,03,1250,0,0,Node 03: Network 3
8061,2025-07-18,00,25,42,477030,0.996129,01,250,0,0,Node 01: Network 3
8062,2025-07-18,00,25,42,739539,0.262509,BB,0,1,0,
8063,2025-07-18,00,25,42,794482,0.054943,BB,0,1,0,01:1498:0:1
8064,2025-07-18,00,25,42,864542,0.07006,01,250,0,0,Node 01: Network 3
8065,2025-07-18,00,25,42,877198,0.012656,02,597,0,1,
8066,2025-07-18,00,25,42,889224,0.012026,03,640,0,1,
8067,2025-07-18,00,25,42,902371,0.013147,01,644,0,1,
8068,2025-07-18,00,25,43,033669,0.131298,02,750,0,0,Node 02: Network 3
8069,2025-07-18,00,25,43,198549,0.16488,01,262,0,0,Node 01: Network 3
8070,2025-07-18,00,25,43,232255,0.033706,02,750,0,0,Node 02: Network 3
8071,2025-07-18,00,25,43,264818,0.032563,02,781,0,0,Node 02: Network 3
8072,2025-07-18,00,25,43,323423,0.058605,03,1282,0,0,Node 03: Network 3
8073,2025-07-18,00,25,43,405804,0.082381,01,250,0,0,Node 01: Network 3
8074,2025-07-18,00,25,43,457710,0.051906,01,250,0,0,Node 01: Network 3
8075,2025-07-18,00,25,43,528049,0.070339,02,750,0,0,Node 02: Network 3
8076,2025-07-18,00,25,43,563099,0.03505,03,1250,0,0,Node 03: Network 3
8077,2025-07-18,00,25,43,594657,0.031558,02,750,0,0,Node 02: Network 3
8078,2025-07-18,00,25,43,721387,0.12673,01,250,0,0,Node 01: Network 3
8079,2025-07-18,00,25,43,806540,0.085153,02,750,0,0,Node 02: Network 3
8080,2025-07-18,00,25,44,061025,0.254485,BB,0,1,0,
8081,2025-07-18,00,25,44,134598,0.073573,03,1250,0,0,Node 03: Network 3
8082,2025-07-18,00,25,45,177178,1.04258,01,250,0,0,Node 01: Network 3
8083,2025-07-18,00,25,45,677938,0.50076,02,750,0,0,Node 02: Network 3
8084,2025-07-18,00,25,46,064999,0.387061,BB,0,1,0,
8085,2025-07-18,00,25,48,069480,2.004481,BB,0,1,0,
8086,2025-07-18,00,25,48,119882,0.050402,02,1211,0,1,
8087,2025-07-18,00,25,48,135811,0.015929,01,1213,0,1,
8088,2025-07-18,00,25,48,157737,0.021926,03,1168,0,1,
8089,2025-07-18,00,25,48,385006,0.227269,01,250,0,0,Node 01: Network 3
8090,2025-07-18,00,25,48,929430,0.544424,02,750,0,0,Node 02: Network 3
8091,2025-07-18,00,25,49,431182,0.501752,03,1250,0,0,Node 03: Network 3
8092,2025-07-18,00,25,50,385960,0.954778,01,250,0,0,Node 01: Network 3
8093,2025-07-18,00,25,50,930911,0.544951,02,750,0,0,Node 02: Network 3
8094,2025-07-18,00,25,51,433378,0.502467,03,1250,0,0,Node 03: Network 3
8095,2025-07-18,00,25,52,385884,0.952506,01,250,0,0,Node 01: Network 3
8096,2025-07-18,00,25,52,933770,0.547886,02,750,0,0,Node 02: Network 3
8097,2025-07-18,00,25,53,436572,0.502802,03,1250,0,0,Node 03: Network 3
8098,2025-07-18,00,25,54,385986,0.949414,01,250,0,0,Node 01: Network 3
8099,2025-07-18,00,25,54,936011,0.550025,02,750,0,0,Node 02: Network 3
8100,2025-07-18,00,25,55,437910,0.501899,03,1250,0,0,Node 03: Network 3
8101,2025-07-18,00,25,56,480777,1.042867,01,250,0,0,Node 01: Network 3
8102,2025-07-18,00,25,56,937768,0.456991,02,750,0,0,Node 02: Network 3
8103,2025-07-18,00,25,57,440874,0.503106,03,1250,0,0,Node 03: Network 3
8104,2025-07-18,00,25,58,480994,1.04012,01,250,0,0,Node 01: Network 3
8105,2025-07-18,00,25,58,985873,0.504879,02,750,0,0,Node 02: Network 3
8106,2025-07-18,00,25,59,442861,0.456988,03,1250,0,0,Node 03: Network 3
8107,2025-07-18,00,26,00,480998,1.038137,01,250,0,0,Node 01: Network 3
8108,2025-07-18,00,26,00,987442,0.506444,02,750,0,0,Node 02: Network 3
8109,2025-07-18,00,26,01,529898,0.542456,03,1250,0,0,Node 03: Network 3
8110,2025-07-18,00,26,02,531803,1.001905,01,251,0,0,Node 01: Network 3
8111,2025-07-18,00,26,02,989178,0.457375,02,750,0,0,Node 02: Network 3
8112,2025-07-18,00,26,03,577655,0.588477,03,1250,0,0,Node 03: Network 3
8113,2025-07-18,00,26,04,532545,0.95489,01,250,0,0,Node 01: Network 3
8114,2025-07-18,00,26,04,991454,0.458909,02,750,0,0,Node 02: Network 3
8115,2025-07-18,00,26,05,578173,0.586719,03,1250,0,0,Node 03: Network 3
8116,2025-07-18,00,26,06,533628,0.955455,01,250,0,0,Node 01: Network 3
8117,2025-07-18,00,26,07,122433,0.588805,02,750,0,0,Node 02: Network 3
8118,2025-07-18,00,26,07,579701,0.457268,03,1250,0,0,Node 03: Network 3
8119,2025-07-18,00,26,08,112801,0.5331,BB,0,1,0,
8120,2025-07-18,00,26,10,117708,2.004907,BB,0,1,0,
8121,2025-07-18,00,26,10,176309,0.058601,01,1906,0,1,
8122,2025-07-18,00,26,10,209647,0.033338,02,1814,0,1,
8123,2025-07-18,00,26,10,244288,0.034641,03,1860,0,1,
8124,2025-07-18,00,26,10,933483,0.689195,02,750,0,0,Node 02: Network 3
8125,2025-07-18,00,26,11,436876,0.503393,03,1250,0,0,Node 03: Network 3
8126,2025-07-18,00,26,12,477258,1.040382,01,250,0,0,Node 01: Network 3
8127,2025-07-18,00,26,12,934784,0.457526,02,750,0,0,Node 02: Network 3
8128,2025-07-18,00,26,13,438379,0.503595,03,1250,0,0,Node 03: Network 3
8129,2025-07-18,00,26,14,479872,1.041493,01,250,0,0,Node 01: Network 3
8130,2025-07-18,00,26,14,983485,0.503613,02,750,0,0,Node 02: Network 3
8131,2025-07-18,00,26,15,440184,0.456699,03,1250,0,0,Node 03: Network 3
8132,2025-07-18,00,26,16,480166,1.039982,01,250,0,0,Node 01: Network 3
8133,2025-07-18,00,26,16,985229,0.505063,02,750,0,0,Node 02: Network 3
8134,2025-07-18,00,26,17,443020,0.457791,03,1250,0,0,Node 03: Network 3
8135,2025-07-18,00,26,18,481153,1.038133,01,250,0,0,Node 01: Network 3
8136,2025-07-18,00,26,18,987948,0.506795,02,750,0,0,Node 02: Network 3
8137,2025-07-18,00,26,19,445322,0.457374,03,1250,0,0,Node 03: Network 3
8138,2025-07-18,00,26,20,482188,1.036866,01,250,0,0,Node 01: Network 3
8139,2025-07-18,00,26,21,025268,0.54308,02,750,0,0,Node 02: Network 3
8140,2025-07-18,00,26,21,448123,0.422855,03,1250,0,0,Node 03: Network 3
8141,2025-07-18,00,26,22,483031,1.034908,01,250,0,0,Node 01: Network 3
8142,2025-07-18,00,26,23,027394,0.544363,02,750,0,0,Node 02: Network 3
8143,2025-07-18,00,26,23,490688,0.463294,03,1250,0,0,Node 03: Network 3
8144,2025-07-18,00,26,24,482405,0.991717,01,250,0,0,Node 01: Network 3
8145,2025-07-18,00,26,25,028600,0.546195,02,750,0,0,Node 02: Network 3
8146,2025-07-18,00,26,25,575395,0.546795,03,1250,0,0,Node 03: Network 3
8147,2025-07-18,00,26,26,483712,0.908317,01,250,0,0,Node 01: Network 3
8148,2025-07-18,00,26,27,031165,0.547453,02,750,0,0,Node 02: Network 3
8149,2025-07-18,00,26,27,529974,0.498809,03,1250,0,0,Node 03: Network 3
8150,2025-07-18,00,26,28,576787,1.046813,01,250,0,0,Node 01: Network 3
8151,2025-07-18,00,26,29,073349,0.496562,02,750,0,0,Node 02: Network 3
8152,2025-07-18,00,26,29,532299,0.45895,03,1250,0,0,Node 03: Network 3
8153,2025-07-18,00,26,30,577609,1.04531,01,250,0,0,Node 01: Network 3
8154,2025-07-18,00,26,31,076784,0.499175,02,751,0,0,Node 02: Network 3
8155,2025-07-18,00,26,31,536170,0.459386,03,1250,0,0,Node 03: Network 3
8156,2025-07-18,00,26,32,579444,1.043274,01,250,0,0,Node 01: Network 3
8157,2025-07-18,00,26,33,123743,0.544299,02,750,0,0,Node 02: Network 3
8158,2025-07-18,00,26,33,627323,0.50358,03,1250,0,0,Node 03: Network 3
8159,2025-07-18,00,26,34,578935,0.951612,01,250,0,0,Node 01: Network 3
8160,2025-07-18,00,26,35,125108,0.546173,02,750,0,0,Node 02: Network 3
8161,2025-07-18,00,26,35,628787,0.503679,03,1250,0,0,Node 03: Network 3
8162,2025-07-18,00,26,36,579926,0.951139,01,250,0,0,Node 01: Network 3
8163,2025-07-18,00,26,37,128269,0.548343,02,750,0,0,Node 02: Network 3
8164,2025-07-18,00,26,37,631007,0.502738,03,1250,0,0,Node 03: Network 3
8165,2025-07-18,00,26,38,580229,0.949222,01,250,0,0,Node 01: Network 3
8166,2025-07-18,00,26,39,175759,0.59553,02,750,0,0,Node 02: Network 3
8167,2025-07-18,00,26,39,627892,0.452133,03,1250,0,0,Node 03: Network 3
8168,2025-07-18,00,26,40,720725,1.092833,01,250,0,0,Node 01: Network 3
8169,2025-07-18,00,26,41,177356,0.456631,02,750,0,0,Node 02: Network 3
8170,2025-07-18,00,26,41,722891,0.545535,03,1250,0,0,Node 03: Network 3
8171,2025-07-18,00,26,42,186669,0.463778,BB,0,1,0,
8172,2025-07-18,00,26,44,192816,2.006147,BB,0,1,0,
8173,2025-07-18,00,26,44,245989,0.053173,03,1793,0,1,
8174,2025-07-18,00,26,44,261142,0.015153,02,1836,0,1,
8175,2025-07-18,00,26,44,330566,0.069424,01,1794,0,1,
8176,2025-07-18,00,26,44,508398,0.177832,01,250,0,0,Node 01: Network 3
8177,2025-07-18,00,26,45,009573,0.501175,02,750,0,0,Node 02: Network 3
8178,2025-07-18,00,26,45,511911,0.502338,03,1250,0,0,Node 03: Network 3
8179,2025-07-18,00,26,46,509528,0.997617,01,250,0,0,Node 01: Network 3
8180,2025-07-18,00,26,47,011153,0.501625,02,750,0,0,Node 02: Network 3
8181,2025-07-18,00,26,47,555941,0.544788,03,1250,0,0,Node 03: Network 3
8182,2025-07-18,00,26,48,510114,0.954173,01,250,0,0,Node 01: Network 3
8183,2025-07-18,00,26,49,013863,0.503749,02,750,0,0,Node 02: Network 3
8184,2025-07-18,00,26,49,559090,0.545227,03,1250,0,0,Node 03: Network 3
8185,2025-07-18,00,26,50,509848,0.950758,01,250,0,0,Node 01: Network 3
8186,2025-07-18,00,26,51,015816,0.505968,02,750,0,0,Node 02: Network 3
8187,2025-07-18,00,26,51,560869,0.545053,03,1250,0,0,Node 03: Network 3
8188,2025-07-18,00,26,52,603027,1.042158,01,250,0,0,Node 01: Network 3
8189,2025-07-18,00,26,53,017875,0.414848,02,750,0,0,Node 02: Network 3
8190,2025-07-18,00,26,53,650511,0.632636,03,1250,0,0,Node 03: Network 3
8191,2025-07-18,00,26,54,603216,0.952705,01,250,0,0,Node 01: Network 3
8192,2025-07-18,00,26,55,019679,0.416463,02,750,0,0,Node 02: Network 3
8193,2025-07-18,00,26,55,652428,0.632749,03,1250,0,0,Node 03: Network 3
8194,2025-07-18,00,26,56,604557,0.952129,01,250,0,0,Node 01: Network 3
8195,2025-07-18,00,26,57,021631,0.417074,02,750,0,0,Node 02: Network 3
8196,2025-07-18,00,26,57,654388,0.632757,03,1250,0,0,Node 03: Network 3
8197,2025-07-18,00,26,58,605057,0.950669,01,250,0,0,Node 01: Network 3
8198,2025-07-18,00,26,59,198858,0.593801,02,750,0,0,Node 02: Network 3
8199,2025-07-18,00,26,59,655846,0.456988,03,1250,0,0,Node 03: Network 3
8200,2025-07-18,00,27,00,605912,0.950066,01,250,0,0,Node 01: Network 3
8201,2025-07-18,00,27,01,201078,0.595166,02,750,0,0,Node 02: Network 3
8202,2025-07-18,00,27,01,658497,0.457419,03,1250,0,0,Node 03: Network 3
8203,2025-07-18,00,27,02,607285,0.948788,01,250,0,0,Node 01: Network 3
8204,2025-07-18,00,27,03,202615,0.59533,02,750,0,0,Node 02: Network 3
8205,2025-07-18,00,27,03,661156,0.458541,03,1250,0,0,Node 03: Network 3
8206,2025-07-18,00,27,04,607784,0.946628,01,250,0,0,Node 01: Network 3
8207,2025-07-18,00,27,05,205114,0.59733,02,750,0,0,Node 02: Network 3
8208,2025-07-18,00,27,05,662819,0.457705,03,1250,0,0,Node 03: Network 3
8209,2025-07-18,00,27,06,607844,0.945025,01,250,0,0,Node 01: Network 3
8210,2025-07-18,00,27,07,207631,0.599787,02,750,0,0,Node 02: Network 3
8211,2025-07-18,00,27,07,664901,0.45727,03,1250,0,0,Node 03: Network 3
8212,2025-07-18,00,27,08,609032,0.944131,01,250,0,0,Node 01: Network 3
8213,2025-07-18,00,27,09,208769,0.599737,02,750,0,0,Node 02: Network 3
8214,2025-07-18,00,27,09,655215,0.446446,03,1250,0,0,Node 03: Network 3
8215,2025-07-18,00,27,10,752571,1.097356,01,250,0,0,Node 01: Network 3
8216,2025-07-18,00,27,11,211558,0.458987,02,750,0,0,Node 02: Network 3
8217,2025-07-18,00,27,11,656858,0.4453,03,1250,0,0,Node 03: Network 3
8218,2025-07-18,00,27,12,252183,0.595325,BB,0,1,0,
8219,2025-07-18,00,27,14,257395,2.005212,BB,0,1,0,
8220,2025-07-18,00,27,14,321866,0.064471,02,1866,0,1,
8221,2025-07-18,00,27,14,349941,0.028075,01,1826,0,1,
8222,2025-07-18,00,27,14,363462,0.013521,03,1921,0,1,
8223,2025-07-18,00,27,14,573654,0.210192,01,250,0,0,Node 01: Network 3
8224,2025-07-18,00,27,15,073520,0.499866,02,750,0,0,Node 02: Network 3
8225,2025-07-18,00,27,15,575663,0.502143,03,1250,0,0,Node 03: Network 3
8226,2025-07-18,00,27,16,574331,0.998668,01,250,0,0,Node 01: Network 3
8227,2025-07-18,00,27,17,119842,0.545511,02,750,0,0,Node 02: Network 3
8228,2025-07-18,00,27,17,578472,0.45863,03,1250,0,0,Node 03: Network 3
8229,2025-07-18,00,27,18,574677,0.996205,01,250,0,0,Node 01: Network 3
8230,2025-07-18,00,27,19,122122,0.547445,02,750,0,0,Node 02: Network 3
8231,2025-07-18,00,27,19,580231,0.458109,03,1250,0,0,Node 03: Network 3
8232,2025-07-18,00,27,20,666912,1.086681,01,250,0,0,Node 01: Network 3
8233,2025-07-18,00,27,21,123609,0.456697,02,750,0,0,Node 02: Network 3
8234,2025-07-18,00,27,21,582615,0.459006,03,1250,0,0,Node 03: Network 3
8235,2025-07-18,00,27,22,667725,1.08511,01,250,0,0,Node 01: Network 3
8236,2025-07-18,00,27,23,127347,0.459622,02,750,0,0,Node 02: Network 3
8237,2025-07-18,00,27,23,584070,0.456723,03,1250,0,0,Node 03: Network 3
8238,2025-07-18,00,27,24,668552,1.084482,01,250,0,0,Node 01: Network 3
8239,2025-07-18,00,27,25,128536,0.459984,02,750,0,0,Node 02: Network 3
8240,2025-07-18,00,27,25,586905,0.458369,03,1250,0,0,Node 03: Network 3
8241,2025-07-18,00,27,26,668365,1.08146,01,250,0,0,Node 01: Network 3
8242,2025-07-18,00,27,27,130903,0.462538,02,750,0,0,Node 02: Network 3
8243,2025-07-18,00,27,27,715299,0.584396,03,1250,0,0,Node 03: Network 3
8244,2025-07-18,00,27,28,668585,0.953286,01,250,0,0,Node 01: Network 3
8245,2025-07-18,00,27,29,132483,0.463898,02,750,0,0,Node 02: Network 3
8246,2025-07-18,00,27,29,716443,0.58396,03,1250,0,0,Node 03: Network 3
8247,2025-07-18,00,27,30,669755,0.953312,01,250,0,0,Node 01: Network 3
8248,2025-07-18,00,27,31,213466,0.543711,02,750,0,0,Node 02: Network 3
8249,2025-07-18,00,27,31,719137,0.505671,03,1250,0,0,Node 03: Network 3
8250,2025-07-18,00,27,32,762877,1.04374,01,250,0,0,Node 01: Network 3
8251,2025-07-18,00,27,33,217133,0.454256,02,750,0,0,Node 02: Network 3
8252,2025-07-18,00,27,33,721542,0.504409,03,1250,0,0,Node 03: Network 3
8253,2025-07-18,00,27,34,763081,1.041539,01,250,0,0,Node 01: Network 3
8254,2025-07-18,00,27,35,218429,0.455348,02,750,0,0,Node 02: Network 3
8255,2025-07-18,00,27,35,724479,0.50605,03,1250,0,0,Node 03: Network 3
8256,2025-07-18,00,27,36,764330,1.039851,01,250,0,0,Node 01: Network 3
8257,2025-07-18,00,27,37,219898,0.455568,02,750,0,0,Node 02: Network 3
8258,2025-07-18,00,27,37,725910,0.506012,03,1250,0,0,Node 03: Network 3
8259,2025-07-18,00,27,38,764320,1.03841,01,250,0,0,Node 01: Network 3
8260,2025-07-18,00,27,39,221983,0.457663,02,750,0,0,Node 02: Network 3
8261,2025-07-18,00,27,39,727373,0.50539,03,1250,0,0,Node 03: Network 3
8262,2025-07-18,00,27,40,766715,1.039342,01,250,0,0,Node 01: Network 3
8263,2025-07-18,00,27,41,223670,0.456955,02,750,0,0,Node 02: Network 3
8264,2025-07-18,00,27,41,730098,0.506428,03,1250,0,0,Node 03: Network 3
8265,2025-07-18,00,27,42,767025,1.036927,01,250,0,0,Node 01: Network 3
8266,2025-07-18,00,27,43,225452,0.458427,02,750,0,0,Node 02: Network 3
8267,2025-07-18,00,27,43,731964,0.506512,03,1250,0,0,Node 03: Network 3
8268,2025-07-18,00,27,44,769441,1.037477,01,250,0,0,Node 01: Network 3
8269,2025-07-18,00,27,45,228161,0.45872,02,750,0,0,Node 02: Network 3
8270,2025-07-18,00,27,45,734296,0.506135,03,1250,0,0,Node 03: Network 3
8271,2025-07-18,00,27,46,772172,1.037876,01,250,0,0,Node 01: Network 3
8272,2025-07-18,00,27,47,229914,0.457742,02,750,0,0,Node 02: Network 3
8273,2025-07-18,00,27,47,737069,0.507155,03,1250,0,0,Node 03: Network 3
8274,2025-07-18,00,27,48,770191,1.033122,01,250,0,0,Node 01: Network 3
8275,2025-07-18,00,27,49,232640,0.462449,02,750,0,0,Node 02: Network 3
8276,2025-07-18,00,27,49,738972,0.506332,03,1250,0,0,Node 03: Network 3
8277,2025-07-18,00,27,50,774031,1.035059,01,250,0,0,Node 01: Network 3
8278,2025-07-18,00,27,51,234847,0.460816,02,750,0,0,Node 02: Network 3
8279,2025-07-18,00,27,51,590058,0.355211,BB,0,1,0,03:1250:0:0:Node 03: Network 3
8280,2025-07-18,00,27,51,605628,0.01557,BB,0,1,0,
8281,2025-07-18,00,27,51,662682,0.057054,BB,0,1,0,02:1211:0:1
8282,2025-07-18,00,27,51,676124,0.013442,03,1190,0,1,
8283,2025-07-18,00,27,51,689649,0.013525,01,1154,0,1,
8284,2025-07-18,00,27,51,712926,0.023277,03,1168,0,1,1213:0:1
8285,2025-07-18,00,27,51,727070,0.014144,02,1194,0,1,
8286,2025-07-18,00,27,51,840985,0.113915,03,1250,0,0,Node 03: Network 3
8287,2025-07-18,00,27,51,907854,0.066869,01,250,0,0,Node 01: Network 3
8288,2025-07-18,00,27,51,941990,0.034136,02,750,0,0,Node 02: Network 3
8289,2025-07-18,00,27,52,072686,0.130696,01,250,0,0,Node 01: Network 3
8290,2025-07-18,00,27,52,112711,0.040025,01,280,0,0,Node 01: Network 3
8291,2025-07-18,00,27,52,146096,0.033385,02,750,0,0,Node 02: Network 3
8292,2025-07-18,00,27,52,179819,0.033723,01,250,0,0,Node 01: Network 3
8293,2025-07-18,00,27,52,260839,0.08102,02,750,0,0,Node 02: Network 3
8294,2025-07-18,00,27,52,330896,0.070057,03,1250,0,0,Node 03: Network 3
8295,2025-07-18,00,27,52,385623,0.054727,01,250,0,0,Node 01: Network 3
8296,2025-07-18,00,27,52,395628,0.010005,BB,0,1,0,
8297,2025-07-18,00,27,52,428934,0.033306,02,750,0,0,Node 02: Network 3
8298,2025-07-18,00,27,52,492933,0.063999,03,1250,0,0,Node 03: Network 3
8299,2025-07-18,00,27,52,614930,0.121997,02,759,0,0,Node 02: Network 3
8300,2025-07-18,00,27,52,729196,0.114266,02,760,0,0,Node 02: Network 3
8301,2025-07-18,00,27,52,974662,0.245466,03,1250,0,0,Node 03: Network 3
8302,2025-07-18,00,27,53,973937,0.999275,01,250,0,0,Node 01: Network 3
8303,2025-07-18,00,27,54,345557,0.37162,BB,0,1,0,
8304,2025-07-18,00,27,54,393341,0.047784,01,1964,0,1,
8305,2025-07-18,00,27,54,661330,0.267989,01,250,0,0,Node 01: Network 3
8306,2025-07-18,00,27,55,206835,0.545505,02,750,0,0,Node 02: Network 3
8307,2025-07-18,00,27,55,708030,0.501195,03,1250,0,0,Node 03: Network 3
8308,2025-07-18,00,27,56,662611,0.954581,01,251,0,0,Node 01: Network 3
8309,2025-07-18,00,27,57,208055,0.545444,02,750,0,0,Node 02: Network 3
8310,2025-07-18,00,27,57,711053,0.502998,03,1250,0,0,Node 03: Network 3
8311,2025-07-18,00,27,58,663468,0.952415,01,250,0,0,Node 01: Network 3
8312,2025-07-18,00,27,59,210892,0.547424,02,750,0,0,Node 02: Network 3
8313,2025-07-18,00,27,59,711783,0.500891,03,1250,0,0,Node 03: Network 3
8314,2025-07-18,00,28,00,664219,0.952436,01,250,0,0,Node 01: Network 3
8315,2025-07-18,00,28,01,212353,0.548134,02,750,0,0,Node 02: Network 3
8316,2025-07-18,00,28,01,714479,0.502126,03,1250,0,0,Node 03: Network 3
8317,2025-07-18,00,28,02,757432,1.042953,01,250,0,0,Node 01: Network 3
8318,2025-07-18,00,28,03,213309,0.455877,02,750,0,0,Node 02: Network 3
8319,2025-07-18,00,28,03,716932,0.503623,03,1250,0,0,Node 03: Network 3
8320,2025-07-18,00,28,04,756810,1.039878,01,250,0,0,Node 01: Network 3
8321,2025-07-18,00,28,05,216039,0.459229,02,750,0,0,Node 02: Network 3
8322,2025-07-18,00,28,05,719076,0.503037,03,1251,0,0,Node 03: Network 3
8323,2025-07-18,00,28,06,757889,1.038813,01,250,0,0,Node 01: Network 3
8324,2025-07-18,00,28,07,217235,0.459346,02,750,0,0,Node 02: Network 3
8325,2025-07-18,00,28,07,721895,0.50466,03,1250,0,0,Node 03: Network 3
8326,2025-07-18,00,28,08,765386,1.043491,01,250,0,0,Node 01: Network 3
8327,2025-07-18,00,28,09,265830,0.500444,02,750,0,0,Node 02: Network 3
8328,2025-07-18,00,28,09,724051,0.458221,03,1250,0,0,Node 03: Network 3
8329,2025-07-18,00,28,10,809794,1.085743,01,250,0,0,Node 01: Network 3
8330,2025-07-18,00,28,11,268080,0.458286,02,750,0,0,Node 02: Network 3
8331,2025-07-18,00,28,11,725434,0.457354,03,1250,0,0,Node 03: Network 3
8332,2025-07-18,00,28,12,811110,1.085676,01,250,0,0,Node 01: Network 3
8333,2025-07-18,00,28,13,268780,0.45767,02,750,0,0,Node 02: Network 3
8334,2025-07-18,00,28,13,727879,0.459099,03,1250,0,0,Node 03: Network 3
8335,2025-07-18,00,28,14,811959,1.08408,01,250,0,0,Node 01: Network 3
8336,2025-07-18,00,28,15,271438,0.459479,02,750,0,0,Node 02: Network 3
8337,2025-07-18,00,28,15,730008,0.45857,03,1250,0,0,Node 03: Network 3
8338,2025-07-18,00,28,16,833419,1.103411,01,250,0,0,Node 01: Network 3
8339,2025-07-18,00,28,17,273216,0.439797,02,750,0,0,Node 02: Network 3
8340,2025-07-18,00,28,17,838922,0.565706,03,1250,0,0,Node 03: Network 3
8341,2025-07-18,00,28,18,812553,0.973631,01,250,0,0,Node 01: Network 3
8342,2025-07-18,00,28,19,273933,0.46138,02,750,0,0,Node 02: Network 3
8343,2025-07-18,00,28,19,840222,0.566289,03,1250,0,0,Node 03: Network 3
8344,2025-07-18,00,28,20,814422,0.9742,01,250,0,0,Node 01: Network 3
8345,2025-07-18,00,28,21,277296,0.462874,02,750,0,0,Node 02: Network 3
8346,2025-07-18,00,28,21,841762,0.564466,03,1250,0,0,Node 03: Network 3
8347,2025-07-18,00,28,22,814655,0.972893,01,250,0,0,Node 01: Network 3
8348,2025-07-18,00,28,23,278752,0.464097,02,750,0,0,Node 02: Network 3
8349,2025-07-18,00,28,23,825746,0.546994,03,1250,0,0,Node 03: Network 3
8350,2025-07-18,00,28,24,823032,0.997286,01,250,0,0,Node 01: Network 3
8351,2025-07-18,00,28,25,367613,0.544581,02,750,0,0,Node 02: Network 3
8352,2025-07-18,00,28,25,827763,0.46015,03,1250,0,0,Node 03: Network 3
8353,2025-07-18,00,28,26,824401,0.996638,01,250,0,0,Node 01: Network 3
8354,2025-07-18,00,28,27,370606,0.546205,02,750,0,0,Node 02: Network 3
8355,2025-07-18,00,28,27,829983,0.459377,03,1250,0,0,Node 03: Network 3
8356,2025-07-18,00,28,28,824462,0.994479,01,250,0,0,Node 01: Network 3
8357,2025-07-18,00,28,29,372318,0.547856,02,750,0,0,Node 02: Network 3
8358,2025-07-18,00,28,29,872182,0.499864,03,1250,0,0,Node 03: Network 3
8359,2025-07-18,00,28,30,825921,0.953739,01,250,0,0,Node 01: Network 3
8360,2025-07-18,00,28,31,374617,0.548696,02,750,0,0,Node 02: Network 3
8361,2025-07-18,00,28,31,873414,0.498797,03,1250,0,0,Node 03: Network 3
8362,2025-07-18,00,28,32,825142,0.951728,01,250,0,0,Node 01: Network 3
8363,2025-07-18,00,28,33,375545,0.550403,02,750,0,0,Node 02: Network 3
8364,2025-07-18,00,28,33,877209,0.501664,03,1250,0,0,Node 03: Network 3
8365,2025-07-18,00,28,34,826615,0.949406,01,250,0,0,Node 01: Network 3
8366,2025-07-18,00,28,35,378577,0.551962,02,750,0,0,Node 02: Network 3
8367,2025-07-18,00,28,35,874692,0.496115,03,1251,0,0,Node 03: Network 3
8368,2025-07-18,00,28,36,827083,0.952391,01,250,0,0,Node 01: Network 3
8369,2025-07-18,00,28,37,379670,0.552587,02,750,0,0,Node 02: Network 3
8370,2025-07-18,00,28,37,877528,0.497858,03,1250,0,0,Node 03: Network 3
8371,2025-07-18,00,28,38,828901,0.951373,01,250,0,0,Node 01: Network 3
8372,2025-07-18,00,28,39,373200,0.544299,02,750,0,0,Node 02: Network 3
8373,2025-07-18,00,28,39,879454,0.506254,03,1250,0,0,Node 03: Network 3
8374,2025-07-18,00,28,40,829266,0.949812,01,250,0,0,Node 01: Network 3
8375,2025-07-18,00,28,41,376177,0.546911,02,750,0,0,Node 02: Network 3
8376,2025-07-18,00,28,41,881229,0.505052,03,1250,0,0,Node 03: Network 3
8377,2025-07-18,00,28,42,829239,0.94801,01,250,0,0,Node 01: Network 3
8378,2025-07-18,00,28,43,377758,0.548519,02,750,0,0,Node 02: Network 3
8379,2025-07-18,00,28,43,882796,0.505038,03,1250,0,0,Node 03: Network 3
8380,2025-07-18,00,28,44,829727,0.946931,01,250,0,0,Node 01: Network 3
8381,2025-07-18,00,28,45,378806,0.549079,02,750,0,0,Node 02: Network 3
8382,2025-07-18,00,28,45,885682,0.506876,03,1250,0,0,Node 03: Network 3
8383,2025-07-18,00,28,46,831177,0.945495,01,250,0,0,Node 01: Network 3
8384,2025-07-18,00,28,47,429182,0.598005,02,750,0,0,Node 02: Network 3
8385,2025-07-18,00,28,47,887906,0.458724,03,1250,0,0,Node 03: Network 3
8386,2025-07-18,00,28,48,972897,1.084991,01,250,0,0,Node 01: Network 3
8387,2025-07-18,00,28,49,432339,0.459442,02,750,0,0,Node 02: Network 3
8388,2025-07-18,00,28,49,889449,0.45711,03,1250,0,0,Node 03: Network 3
8389,2025-07-18,00,28,50,468480,0.579031,BB,0,1,0,
8390,2025-07-18,00,28,52,472702,2.004222,BB,0,1,0,
8391,2025-07-18,00,28,52,542252,0.06955,03,1905,0,1,
8392,2025-07-18,00,28,52,555904,0.013652,02,1860,0,1,
8393,2025-07-18,00,28,52,578340,0.022436,01,1821,0,1,
8394,2025-07-18,00,28,52,789184,0.210844,01,251,0,0,Node 01: Network 3
8395,2025-07-18,00,28,53,288586,0.499402,02,750,0,0,Node 02: Network 3
8396,2025-07-18,00,28,53,790990,0.502404,03,1250,0,0,Node 03: Network 3
8397,2025-07-18,00,28,54,790196,0.999206,01,250,0,0,Node 01: Network 3
8398,2025-07-18,00,28,55,291699,0.501503,02,750,0,0,Node 02: Network 3
8399,2025-07-18,00,28,55,793542,0.501843,03,1250,0,0,Node 03: Network 3
8400,2025-07-18,00,28,56,836145,1.042603,01,250,0,0,Node 01: Network 3
8401,2025-07-18,00,28,57,293434,0.457289,02,750,0,0,Node 02: Network 3
8402,2025-07-18,00,28,57,796074,0.50264,03,1250,0,0,Node 03: Network 3
8403,2025-07-18,00,28,58,837394,1.04132,01,250,0,0,Node 01: Network 3
8404,2025-07-18,00,28,59,294861,0.457467,02,750,0,0,Node 02: Network 3
8405,2025-07-18,00,28,59,798373,0.503512,03,1250,0,0,Node 03: Network 3
8406,2025-07-18,00,29,00,837816,1.039443,01,250,0,0,Node 01: Network 3
8407,2025-07-18,00,29,01,297633,0.459817,02,750,0,0,Node 02: Network 3
8408,2025-07-18,00,29,01,800952,0.503319,03,1250,0,0,Node 03: Network 3
8409,2025-07-18,00,29,02,841049,1.040097,01,250,0,0,Node 01: Network 3
8410,2025-07-18,00,29,03,298411,0.457362,02,750,0,0,Node 02: Network 3
8411,2025-07-18,00,29,03,803227,0.504816,03,1250,0,0,Node 03: Network 3
8412,2025-07-18,00,29,04,842483,1.039256,01,250,0,0,Node 01: Network 3
8413,2025-07-18,00,29,05,302026,0.459543,02,751,0,0,Node 02: Network 3
8414,2025-07-18,00,29,05,804369,0.502343,03,1250,0,0,Node 03: Network 3
8415,2025-07-18,00,29,06,843477,1.039108,01,250,0,0,Node 01: Network 3
8416,2025-07-18,00,29,07,303965,0.460488,02,750,0,0,Node 02: Network 3
8417,2025-07-18,00,29,07,807278,0.503313,03,1250,0,0,Node 03: Network 3
8418,2025-07-18,00,29,08,843940,1.036662,01,250,0,0,Node 01: Network 3
8419,2025-07-18,00,29,09,305140,0.4612,02,750,0,0,Node 02: Network 3
8420,2025-07-18,00,29,09,852752,0.547612,03,1250,0,0,Node 03: Network 3
8421,2025-07-18,00,29,10,843959,0.991207,01,250,0,0,Node 01: Network 3
8422,2025-07-18,00,29,11,306872,0.462913,02,750,0,0,Node 02: Network 3
8423,2025-07-18,00,29,11,889545,0.582673,03,1250,0,0,Node 03: Network 3
8424,2025-07-18,00,29,12,845983,0.956438,01,250,0,0,Node 01: Network 3
8425,2025-07-18,00,29,13,309947,0.463964,02,750,0,0,Node 02: Network 3
8426,2025-07-18,00,29,13,891842,0.581895,03,1250,0,0,Node 03: Network 3
8427,2025-07-18,00,29,14,846064,0.954222,01,250,0,0,Node 01: Network 3
8428,2025-07-18,00,29,15,311706,0.465642,02,750,0,0,Node 02: Network 3
8429,2025-07-18,00,29,15,895239,0.583533,03,1250,0,0,Node 03: Network 3
8430,2025-07-18,00,29,16,847083,0.951844,01,250,0,0,Node 01: Network 3
8431,2025-07-18,00,29,17,313005,0.465922,02,750,0,0,Node 02: Network 3
8432,2025-07-18,00,29,17,896683,0.583678,03,1250,0,0,Node 03: Network 3
8433,2025-07-18,00,29,18,846348,0.949665,01,250,0,0,Node 01: Network 3
8434,2025-07-18,00,29,19,314600,0.468252,02,750,0,0,Node 02: Network 3
8435,2025-07-18,00,29,19,898810,0.58421,03,1250,0,0,Node 03: Network 3
8436,2025-07-18,00,29,20,847473,0.948663,01,250,0,0,Node 01: Network 3
8437,2025-07-18,00,29,21,317770,0.470297,02,751,0,0,Node 02: Network 3
8438,2025-07-18,00,29,21,901786,0.584016,03,1250,0,0,Node 03: Network 3
8439,2025-07-18,00,29,22,944420,1.042634,01,250,0,0,Node 01: Network 3
8440,2025-07-18,00,29,23,319807,0.375387,02,750,0,0,Node 02: Network 3
8441,2025-07-18,00,29,23,992062,0.672255,03,1250,0,0,Node 03: Network 3
8442,2025-07-18,00,29,24,945860,0.953798,01,250,0,0,Node 01: Network 3
8443,2025-07-18,00,29,25,536765,0.590905,02,750,0,0,Node 02: Network 3
8444,2025-07-18,00,29,25,995271,0.458506,03,1250,0,0,Node 03: Network 3
8445,2025-07-18,00,29,27,081703,1.086432,01,250,0,0,Node 01: Network 3
8446,2025-07-18,00,29,27,538808,0.457105,02,750,0,0,Node 02: Network 3
8447,2025-07-18,00,29,27,997351,0.458543,03,1250,0,0,Node 03: Network 3
8448,2025-07-18,00,29,28,551977,0.554626,BB,0,1,0,
8449,2025-07-18,00,29,30,555541,2.003564,BB,0,1,0,
8450,2025-07-18,00,29,30,619211,0.06367,02,1837,0,1,
8451,2025-07-18,00,29,30,666054,0.046843,03,1880,0,1,
8452,2025-07-18,00,29,30,752482,0.086428,01,1796,0,1,
8453,2025-07-18,00,29,30,871735,0.119253,01,250,0,0,Node 01: Network 3
8454,2025-07-18,00,29,31,415266,0.543531,02,750,0,0,Node 02: Network 3
8455,2025-07-18,00,29,31,873931,0.458665,03,1250,0,0,Node 03: Network 3
8456,2025-07-18,00,29,32,871758,0.997827,01,250,0,0,Node 01: Network 3
8457,2025-07-18,00,29,33,417088,0.54533,02,750,0,0,Node 02: Network 3
8458,2025-07-18,00,29,33,876380,0.459292,03,1250,0,0,Node 03: Network 3
8459,2025-07-18,00,29,34,873604,0.997224,01,251,0,0,Node 01: Network 3
8460,2025-07-18,00,29,35,419087,0.545483,02,750,0,0,Node 02: Network 3
8461,2025-07-18,00,29,35,878899,0.459812,03,1250,0,0,Node 03: Network 3
8462,2025-07-18,00,29,36,874394,0.995495,01,250,0,0,Node 01: Network 3
8463,2025-07-18,00,29,37,421645,0.547251,02,750,0,0,Node 02: Network 3
8464,2025-07-18,00,29,37,968654,0.547009,03,1250,0,0,Node 03: Network 3
8465,2025-07-18,00,29,38,875629,0.906975,01,250,0,0,Node 01: Network 3
8466,2025-07-18,00,29,39,422927,0.547298,02,750,0,0,Node 02: Network 3
8467,2025-07-18,00,29,39,971055,0.548128,03,1250,0,0,Node 03: Network 3
8468,2025-07-18,00,29,40,968020,0.996965,01,250,0,0,Node 01: Network 3
8469,2025-07-18,00,29,41,425712,0.457692,02,750,0,0,Node 02: Network 3
8470,2025-07-18,00,29,41,973227,0.547515,03,1250,0,0,Node 03: Network 3
8471,2025-07-18,00,29,42,968644,0.995417,01,250,0,0,Node 01: Network 3
8472,2025-07-18,00,29,43,427601,0.458957,02,750,0,0,Node 02: Network 3
8473,2025-07-18,00,29,43,975361,0.54776,03,1250,0,0,Node 03: Network 3
8474,2025-07-18,00,29,44,968931,0.99357,01,250,0,0,Node 01: Network 3
8475,2025-07-18,00,29,45,519239,0.550308,02,750,0,0,Node 02: Network 3
8476,2025-07-18,00,29,45,976508,0.457269,03,1250,0,0,Node 03: Network 3
8477,2025-07-18,00,29,46,970220,0.993712,01,250,0,0,Node 01: Network 3
8478,2025-07-18,00,29,47,521738,0.551518,02,750,0,0,Node 02: Network 3
8479,2025-07-18,00,29,47,978877,0.457139,03,1250,0,0,Node 03: Network 3
8480,2025-07-18,00,29,48,971103,0.992226,01,250,0,0,Node 01: Network 3
8481,2025-07-18,00,29,49,523715,0.552612,02,750,0,0,Node 02: Network 3
8482,2025-07-18,00,29,49,982344,0.458629,03,1251,0,0,Node 03: Network 3
8483,2025-07-18,00,29,50,970885,0.988541,01,250,0,0,Node 01: Network 3
8484,2025-07-18,00,29,51,515336,0.544451,02,750,0,0,Node 02: Network 3
8485,2025-07-18,00,29,51,983277,0.467941,03,1250,0,0,Node 03: Network 3
8486,2025-07-18,00,29,52,971956,0.988679,01,250,0,0,Node 01: Network 3
8487,2025-07-18,00,29,53,517731,0.545775,02,750,0,0,Node 02: Network 3
8488,2025-07-18,00,29,53,986573,0.468842,03,1250,0,0,Node 03: Network 3
8489,2025-07-18,00,29,55,063016,1.076443,01,251,0,0,Node 01: Network 3
8490,2025-07-18,00,29,55,529342,0.466326,02,750,0,0,Node 02: Network 3
8491,2025-07-18,00,29,56,109266,0.579924,03,1250,0,0,Node 03: Network 3
8492,2025-07-18,00,29,57,063057,0.953791,01,250,0,0,Node 01: Network 3
8493,2025-07-18,00,29,57,296441,0.233384,BB,0,1,0,
8494,2025-07-18,00,29,57,364316,0.067875,BB,0,1,0,01:1964:0:1
8495,2025-07-18,00,29,57,435015,0.070699,01,250,0,0,Node 01: Network 3
8496,2025-07-18,00,29,57,448088,0.013073,01,624,0,1,
8497,2025-07-18,00,29,57,460584,0.012496,03,579,0,1,
8498,2025-07-18,00,29,57,493138,0.032554,02,750,0,0,Node 02: Network 3
8499,2025-07-18,00,29,57,505651,0.012513,02,655,0,1,
8500,2025-07-18,00,29,57,626725,0.121074,02,759,0,0,Node 02: Network 3
8501,2025-07-18,00,29,57,669949,0.043224,01,280,0,0,Node 01: Network 3
8502,2025-07-18,00,29,57,703412,0.033463,02,760,0,0,Node 02: Network 3
8503,2025-07-18,00,29,57,737906,0.034494,03,1250,0,0,Node 03: Network 3
8504,2025-07-18,00,29,57,770449,0.032543,01,250,0,0,Node 01: Network 3
8505,2025-07-18,00,29,57,849175,0.078726,01,250,0,0,Node 01: Network 3
8506,2025-07-18,00,29,58,003012,0.153837,02,750,0,0,Node 02: Network 3
8507,2025-07-18,00,29,58,038066,0.035054,03,1250,0,0,Node 03: Network 3
8508,2025-07-18,00,29,58,117711,0.079645,01,251,0,0,Node 01: Network 3
8509,2025-07-18,00,29,58,289014,0.171303,02,750,0,0,Node 02: Network 3
8510,2025-07-18,00,29,58,337281,0.048267,02,774,0,0,Node 02: Network 3
8511,2025-07-18,00,29,58,616327,0.279046,BB,0,1,0,
8512,2025-07-18,00,29,58,717427,0.1011,03,1250,0,0,Node 03: Network 3
8513,2025-07-18,00,30,00,262027,1.5446,02,750,0,0,Node 02: Network 3
8514,2025-07-18,00,30,00,620663,0.358636,BB,0,1,0,
8515,2025-07-18,00,30,00,669693,0.04903,02,446,0,1,
8516,2025-07-18,00,30,01,437629,0.767936,02,750,0,0,Node 02: Network 3
8517,2025-07-18,00,30,01,984263,0.546634,03,1250,0,0,Node 03: Network 3
8518,2025-07-18,00,30,02,982115,0.997852,01,250,0,0,Node 01: Network 3
8519,2025-07-18,00,30,03,438649,0.456534,02,750,0,0,Node 02: Network 3
8520,2025-07-18,00,30,03,987525,0.548876,03,1250,0,0,Node 03: Network 3
8521,2025-07-18,00,30,04,983195,0.99567,01,250,0,0,Node 01: Network 3
8522,2025-07-18,00,30,05,441833,0.458638,02,750,0,0,Node 02: Network 3
8523,2025-07-18,00,30,05,989916,0.548083,03,1250,0,0,Node 03: Network 3
8524,2025-07-18,00,30,06,983958,0.994042,01,250,0,0,Node 01: Network 3
8525,2025-07-18,00,30,07,444289,0.460331,02,751,0,0,Node 02: Network 3
8526,2025-07-18,00,30,07,991163,0.546874,03,1250,0,0,Node 03: Network 3
8527,2025-07-18,00,30,08,983985,0.992822,01,250,0,0,Node 01: Network 3
8528,2025-07-18,00,30,09,535408,0.551423,02,750,0,0,Node 02: Network 3
8529,2025-07-18,00,30,09,993276,0.457868,03,1250,0,0,Node 03: Network 3
8530,2025-07-18,00,30,10,984712,0.991436,01,250,0,0,Node 01: Network 3
8531,2025-07-18,00,30,11,537397,0.552685,02,750,0,0,Node 02: Network 3
8532,2025-07-18,00,30,11,995174,0.457777,03,1250,0,0,Node 03: Network 3
8533,2025-07-18,00,30,12,986541,0.991367,01,250,0,0,Node 01: Network 3
8534,2025-07-18,00,30,13,538787,0.552246,02,750,0,0,Node 02: Network 3
8535,2025-07-18,00,30,13,996754,0.457967,03,1250,0,0,Node 03: Network 3
8536,2025-07-18,00,30,15,081565,1.084811,01,250,0,0,Node 01: Network 3
8537,2025-07-18,00,30,15,539911,0.458346,02,750,0,0,Node 02: Network 3
8538,2025-07-18,00,30,16,128446,0.588535,03,1250,0,0,Node 03: Network 3
8539,2025-07-18,00,30,17,083346,0.9549,01,250,0,0,Node 01: Network 3
8540,2025-07-18,00,30,17,542554,0.459208,02,750,0,0,Node 02: Network 3
8541,2025-07-18,00,30,18,130379,0.587825,03,1250,0,0,Node 03: Network 3
8542,2025-07-18,00,30,19,174791,1.044412,01,250,0,0,Node 01: Network 3
8543,2025-07-18,00,30,19,544023,0.369232,02,750,0,0,Node 02: Network 3
8544,2025-07-18,00,30,20,133835,0.589812,03,1250,0,0,Node 03: Network 3
8545,2025-07-18,00,30,20,664691,0.530856,BB,0,1,0,
8546,2025-07-18,00,30,20,748366,0.083675,03,379,0,1,
8547,2025-07-18,00,30,21,983347,1.234981,03,1250,0,0,Node 03: Network 3
8548,2025-07-18,00,30,23,528378,1.545031,02,750,0,0,Node 02: Network 3
8549,2025-07-18,00,30,23,986203,0.457825,03,1250,0,0,Node 03: Network 3
8550,2025-07-18,00,30,25,071437,1.085234,01,250,0,0,Node 01: Network 3
8551,2025-07-18,00,30,25,529936,0.458499,02,750,0,0,Node 02: Network 3
8552,2025-07-18,00,30,25,989780,0.459844,03,1251,0,0,Node 03: Network 3
8553,2025-07-18,00,30,27,073472,1.083692,01,251,0,0,Node 01: Network 3
8554,2025-07-18,00,30,27,531195,0.457723,02,750,0,0,Node 02: Network 3
8555,2025-07-18,00,30,27,990933,0.459738,03,1250,0,0,Node 03: Network 3
8556,2025-07-18,00,30,29,074753,1.08382,01,250,0,0,Node 01: Network 3
8557,2025-07-18,00,30,29,533406,0.458653,02,750,0,0,Node 02: Network 3
8558,2025-07-18,00,30,29,993068,0.459662,03,1250,0,0,Node 03: Network 3
8559,2025-07-18,00,30,31,036076,1.043008,01,250,0,0,Node 01: Network 3
8560,2025-07-18,00,30,31,535853,0.499777,02,750,0,0,Node 02: Network 3
8561,2025-07-18,00,30,32,082090,0.546237,03,1250,0,0,Node 03: Network 3
8562,2025-07-18,00,30,33,037653,0.955563,01,250,0,0,Node 01: Network 3
8563,2025-07-18,00,30,33,538456,0.500803,02,750,0,0,Node 02: Network 3
8564,2025-07-18,00,30,34,083675,0.545219,03,1250,0,0,Node 03: Network 3
8565,2025-07-18,00,30,35,036787,0.953112,01,250,0,0,Node 01: Network 3
8566,2025-07-18,00,30,35,540138,0.503351,02,750,0,0,Node 02: Network 3
8567,2025-07-18,00,30,36,086500,0.546362,03,1250,0,0,Node 03: Network 3
8568,2025-07-18,00,30,37,038586,0.952086,01,250,0,0,Node 01: Network 3
8569,2025-07-18,00,30,37,542600,0.504014,02,750,0,0,Node 02: Network 3
8570,2025-07-18,00,30,38,087945,0.545345,03,1250,0,0,Node 03: Network 3
8571,2025-07-18,00,30,39,039470,0.951525,01,250,0,0,Node 01: Network 3
8572,2025-07-18,00,30,39,544233,0.504763,02,750,0,0,Node 02: Network 3
8573,2025-07-18,00,30,41,039341,1.495108,01,250,0,0,Node 01: Network 3
8574,2025-07-18,00,30,41,545560,0.506219,02,750,0,0,Node 02: Network 3
8575,2025-07-18,00,30,42,091065,0.545505,03,1250,0,0,Node 03: Network 3
8576,2025-07-18,00,30,43,040183,0.949118,01,250,0,0,Node 01: Network 3
8577,2025-07-18,00,30,43,547940,0.507757,02,750,0,0,Node 02: Network 3
8578,2025-07-18,00,30,44,094095,0.546155,03,1250,0,0,Node 03: Network 3
8579,2025-07-18,00,30,45,041589,0.947494,01,250,0,0,Node 01: Network 3
8580,2025-07-18,00,30,45,549630,0.508041,02,750,0,0,Node 02: Network 3
8581,2025-07-18,00,30,46,097115,0.547485,03,1250,0,0,Node 03: Network 3
8582,2025-07-18,00,30,47,041792,0.944677,01,250,0,0,Node 01: Network 3
8583,2025-07-18,00,30,47,551563,0.509771,02,750,0,0,Node 02: Network 3
8584,2025-07-18,00,30,48,098014,0.546451,03,1250,0,0,Node 03: Network 3
8585,2025-07-18,00,30,49,042569,0.944555,01,250,0,0,Node 01: Network 3
8586,2025-07-18,00,30,49,554302,0.511733,02,750,0,0,Node 02: Network 3
8587,2025-07-18,00,30,50,100773,0.546471,03,1250,0,0,Node 03: Network 3
8588,2025-07-18,00,30,51,043492,0.942719,01,250,0,0,Node 01: Network 3
8589,2025-07-18,00,30,51,556396,0.512904,02,750,0,0,Node 02: Network 3
8590,2025-07-18,00,30,52,103285,0.546889,03,1250,0,0,Node 03: Network 3
8591,2025-07-18,00,30,53,100317,0.997032,01,250,0,0,Node 01: Network 3
8592,2025-07-18,00,30,53,557375,0.457058,02,750,0,0,Node 02: Network 3
8593,2025-07-18,00,30,54,146260,0.588885,03,1250,0,0,Node 03: Network 3
8594,2025-07-18,00,30,55,101249,0.954989,01,250,0,0,Node 01: Network 3
8595,2025-07-18,00,30,55,560551,0.459302,02,750,0,0,Node 02: Network 3
8596,2025-07-18,00,30,56,148338,0.587787,03,1250,0,0,Node 03: Network 3
8597,2025-07-18,00,30,57,101673,0.953335,01,250,0,0,Node 01: Network 3
8598,2025-07-18,00,30,57,561955,0.460282,02,750,0,0,Node 02: Network 3
8599,2025-07-18,00,30,58,151044,0.589089,03,1251,0,0,Node 03: Network 3
8600,2025-07-18,00,30,59,101943,0.950899,01,250,0,0,Node 01: Network 3
8601,2025-07-18,00,30,59,563133,0.46119,02,750,0,0,Node 02: Network 3
8602,2025-07-18,00,31,00,154377,0.591244,03,1250,0,0,Node 03: Network 3
8603,2025-07-18,00,31,01,102144,0.947767,01,250,0,0,Node 01: Network 3
8604,2025-07-18,00,31,01,566517,0.464373,02,750,0,0,Node 02: Network 3
8605,2025-07-18,00,31,02,155179,0.588662,03,1250,0,0,Node 03: Network 3
8606,2025-07-18,00,31,03,103020,0.947841,01,250,0,0,Node 01: Network 3
8607,2025-07-18,00,31,03,567910,0.46489,02,750,0,0,Node 02: Network 3
8608,2025-07-18,00,31,04,157909,0.589999,03,1250,0,0,Node 03: Network 3
8609,2025-07-18,00,31,05,102875,0.944966,01,250,0,0,Node 01: Network 3
8610,2025-07-18,00,31,05,569939,0.467064,02,750,0,0,Node 02: Network 3
8611,2025-07-18,00,31,06,159679,0.58974,03,1250,0,0,Node 03: Network 3
8612,2025-07-18,00,31,07,105047,0.945368,01,250,0,0,Node 01: Network 3
8613,2025-07-18,00,31,07,572438,0.467391,02,750,0,0,Node 02: Network 3
8614,2025-07-18,00,31,08,152131,0.579693,03,1250,0,0,Node 03: Network 3
8615,2025-07-18,00,31,09,105575,0.953444,01,250,0,0,Node 01: Network 3
8616,2025-07-18,00,31,09,574206,0.468631,02,750,0,0,Node 02: Network 3
8617,2025-07-18,00,31,10,154210,0.580004,03,1251,0,0,Node 03: Network 3
8618,2025-07-18,00,31,11,106221,0.952011,01,250,0,0,Node 01: Network 3
8619,2025-07-18,00,31,11,696293,0.590072,02,750,0,0,Node 02: Network 3
8620,2025-07-18,00,31,12,156558,0.460265,03,1250,0,0,Node 03: Network 3
8621,2025-07-18,00,31,13,107131,0.950573,01,250,0,0,Node 01: Network 3
8622,2025-07-18,00,31,13,701507,0.594376,02,750,0,0,Node 02: Network 3
8623,2025-07-18,00,31,14,157502,0.455995,03,1250,0,0,Node 03: Network 3
8624,2025-07-18,00,31,15,107895,0.950393,01,250,0,0,Node 01: Network 3
8625,2025-07-18,00,31,15,701964,0.594069,02,750,0,0,Node 02: Network 3
8626,2025-07-18,00,31,16,159459,0.457495,03,1250,0,0,Node 03: Network 3
8627,2025-07-18,00,31,17,108460,0.949001,01,250,0,0,Node 01: Network 3
8628,2025-07-18,00,31,17,702963,0.594503,02,750,0,0,Node 02: Network 3
8629,2025-07-18,00,31,18,161830,0.458867,03,1250,0,0,Node 03: Network 3
8630,2025-07-18,00,31,19,108778,0.946948,01,250,0,0,Node 01: Network 3
8631,2025-07-18,00,31,19,706924,0.598146,02,750,0,0,Node 02: Network 3
8632,2025-07-18,00,31,20,163322,0.456398,03,1250,0,0,Node 03: Network 3
8633,2025-07-18,00,31,21,109091,0.945769,01,250,0,0,Node 01: Network 3
8634,2025-07-18,00,31,21,708924,0.599833,02,750,0,0,Node 02: Network 3
8635,2025-07-18,00,31,22,154846,0.445922,03,1250,0,0,Node 03: Network 3
8636,2025-07-18,00,31,23,111380,0.956534,01,250,0,0,Node 01: Network 3
8637,2025-07-18,00,31,23,656161,0.544781,02,750,0,0,Node 02: Network 3
8638,2025-07-18,00,31,24,158252,0.502091,03,1250,0,0,Node 03: Network 3
8639,2025-07-18,00,31,25,111836,0.953584,01,250,0,0,Node 01: Network 3
8640,2025-07-18,00,31,25,702611,0.590775,02,750,0,0,Node 02: Network 3
8641,2025-07-18,00,31,26,160714,0.458103,03,1250,0,0,Node 03: Network 3
8642,2025-07-18,00,31,27,112642,0.951928,01,250,0,0,Node 01: Network 3
8643,2025-07-18,00,31,27,704728,0.592086,02,750,0,0,Node 02: Network 3
8644,2025-07-18,00,31,28,162910,0.458182,03,1250,0,0,Node 03: Network 3
8645,2025-07-18,00,31,29,112947,0.950037,01,250,0,0,Node 01: Network 3
8646,2025-07-18,00,31,29,707053,0.594106,02,750,0,0,Node 02: Network 3
8647,2025-07-18,00,31,30,163986,0.456933,03,1250,0,0,Node 03: Network 3
8648,2025-07-18,00,31,31,112946,0.94896,01,250,0,0,Node 01: Network 3
8649,2025-07-18,00,31,31,709962,0.597016,02,751,0,0,Node 02: Network 3
8650,2025-07-18,00,31,32,166548,0.456586,03,1250,0,0,Node 03: Network 3
8651,2025-07-18,00,31,33,114299,0.947751,01,250,0,0,Node 01: Network 3
8652,2025-07-18,00,31,33,711739,0.59744,02,750,0,0,Node 02: Network 3
8653,2025-07-18,00,31,34,168295,0.456556,03,1250,0,0,Node 03: Network 3
8654,2025-07-18,00,31,35,256009,1.087714,01,250,0,0,Node 01: Network 3
8655,2025-07-18,00,31,35,714102,0.458093,02,750,0,0,Node 02: Network 3
8656,2025-07-18,00,31,36,170930,0.456828,03,1250,0,0,Node 03: Network 3
8657,2025-07-18,00,31,37,257039,1.086109,01,250,0,0,Node 01: Network 3
8658,2025-07-18,00,31,37,714914,0.457875,02,750,0,0,Node 02: Network 3
8659,2025-07-18,00,31,38,172704,0.45779,03,1250,0,0,Node 03: Network 3
8660,2025-07-18,00,31,39,257674,1.08497,01,250,0,0,Node 01: Network 3
8661,2025-07-18,00,31,39,717137,0.459463,02,750,0,0,Node 02: Network 3
8662,2025-07-18,00,31,40,176173,0.459036,03,1250,0,0,Node 03: Network 3
8663,2025-07-18,00,31,41,257440,1.081267,01,250,0,0,Node 01: Network 3
8664,2025-07-18,00,31,41,721675,0.464235,02,750,0,0,Node 02: Network 3
8665,2025-07-18,00,31,42,178638,0.456963,03,1250,0,0,Node 03: Network 3
8666,2025-07-18,00,31,43,265201,1.086563,01,250,0,0,Node 01: Network 3
8667,2025-07-18,00,31,43,722460,0.457259,02,750,0,0,Node 02: Network 3
8668,2025-07-18,00,31,44,180130,0.45767,03,1250,0,0,Node 03: Network 3
8669,2025-07-18,00,31,45,266483,1.086353,01,251,0,0,Node 01: Network 3
8670,2025-07-18,00,31,45,724666,0.458183,02,750,0,0,Node 02: Network 3
8671,2025-07-18,00,31,46,182703,0.458037,03,1250,0,0,Node 03: Network 3
8672,2025-07-18,00,31,47,268575,1.085872,01,250,0,0,Node 01: Network 3
8673,2025-07-18,00,31,47,726858,0.458283,02,750,0,0,Node 02: Network 3
8674,2025-07-18,00,31,48,184744,0.457886,03,1250,0,0,Node 03: Network 3
8675,2025-07-18,00,31,49,271606,1.086862,01,250,0,0,Node 01: Network 3
8676,2025-07-18,00,31,49,729275,0.457669,02,750,0,0,Node 02: Network 3
8677,2025-07-18,00,31,50,185943,0.456668,03,1250,0,0,Node 03: Network 3
8678,2025-07-18,00,31,51,271618,1.085675,01,250,0,0,Node 01: Network 3
8679,2025-07-18,00,31,51,731461,0.459843,02,750,0,0,Node 02: Network 3
8680,2025-07-18,00,31,52,188453,0.456992,03,1250,0,0,Node 03: Network 3
8681,2025-07-18,00,31,53,272571,1.084118,01,250,0,0,Node 01: Network 3
8682,2025-07-18,00,31,53,732991,0.46042,02,750,0,0,Node 02: Network 3
8683,2025-07-18,00,31,54,318690,0.585699,03,1250,0,0,Node 03: Network 3
8684,2025-07-18,00,31,55,273353,0.954663,01,250,0,0,Node 01: Network 3
8685,2025-07-18,00,31,55,735507,0.462154,02,750,0,0,Node 02: Network 3
8686,2025-07-18,00,31,56,321316,0.585809,03,1250,0,0,Node 03: Network 3
8687,2025-07-18,00,31,57,737005,1.415689,02,750,0,0,Node 02: Network 3
8688,2025-07-18,00,31,58,323360,0.586355,03,1250,0,0,Node 03: Network 3
8689,2025-07-18,00,31,59,280801,0.957441,01,250,0,0,Node 01: Network 3
8690,2025-07-18,00,31,59,738336,0.457535,02,750,0,0,Node 02: Network 3
8691,2025-07-18,00,32,00,325602,0.587266,03,1250,0,0,Node 03: Network 3
8692,2025-07-18,00,32,01,282247,0.956645,01,250,0,0,Node 01: Network 3
8693,2025-07-18,00,32,01,740645,0.458398,02,750,0,0,Node 02: Network 3
8694,2025-07-18,00,32,02,329438,0.588793,03,1250,0,0,Node 03: Network 3
8695,2025-07-18,00,32,03,283155,0.953717,01,250,0,0,Node 01: Network 3
8696,2025-07-18,00,32,03,743302,0.460147,02,750,0,0,Node 02: Network 3
8697,2025-07-18,00,32,04,328426,0.585124,03,1250,0,0,Node 03: Network 3
8698,2025-07-18,00,32,05,071383,0.742957,BB,0,1,0,
8699,2025-07-18,00,32,05,131393,0.06001,BB,0,1,0,02:446:0:1
8700,2025-07-18,00,32,05,171534,0.040141,02,210,0,1,
8701,2025-07-18,00,32,05,208171,0.036637,03,126,0,1,
8702,2025-07-18,00,32,05,271756,0.063585,01,250,0,0,Node 01: Network 3
8703,2025-07-18,00,32,05,284545,0.012789,01,168,0,1,
8704,2025-07-18,00,32,05,347428,0.062883,02,774,0,0,Node 02: Network 3
8705,2025-07-18,00,32,05,463578,0.11615,03,1250,0,0,Node 03: Network 3
8706,2025-07-18,00,32,05,510571,0.046993,02,750,0,0,Node 02: Network 3
8707,2025-07-18,00,32,05,574647,0.064076,01,250,0,0,Node 01: Network 3
8708,2025-07-18,00,32,05,619642,0.044995,02,750,0,0,Node 02: Network 3
8709,2025-07-18,00,32,05,653275,0.033633,03,1250,0,0,Node 03: Network 3
8710,2025-07-18,00,32,05,711911,0.058636,01,250,0,0,Node 01: Network 3
8711,2025-07-18,00,32,05,813542,0.101631,02,750,0,0,Node 02: Network 3
8712,2025-07-18,00,32,05,847971,0.034429,03,1250,0,0,Node 03: Network 3
8713,2025-07-18,00,32,05,948465,0.100494,01,250,0,0,Node 01: Network 3
8714,2025-07-18,00,32,05,980573,0.032108,02,750,0,0,Node 02: Network 3
8715,2025-07-18,00,32,06,438535,0.457962,03,1250,0,0,Node 03: Network 3
8716,2025-07-18,00,32,06,898077,0.459542,BB,0,1,0,
8717,2025-07-18,00,32,10,906288,4.008211,BB,0,1,0,
8718,2025-07-18,00,32,10,959367,0.053079,03,1789,0,1,
8719,2025-07-18,00,32,10,994172,0.034805,01,1793,0,1,
8720,2025-07-18,00,32,11,047762,0.05359,02,1789,0,1,
8721,2025-07-18,00,32,11,222507,0.174745,01,250,0,0,Node 01: Network 3
8722,2025-07-18,00,32,11,724285,0.501778,02,750,0,0,Node 02: Network 3
8723,2025-07-18,00,32,12,225439,0.501154,03,1250,0,0,Node 03: Network 3
8724,2025-07-18,00,32,13,224389,0.99895,01,251,0,0,Node 01: Network 3
8725,2025-07-18,00,32,13,725322,0.500933,02,750,0,0,Node 02: Network 3
8726,2025-07-18,00,32,14,269194,0.543872,03,1250,0,0,Node 03: Network 3
8727,2025-07-18,00,32,15,224399,0.955205,01,250,0,0,Node 01: Network 3
8728,2025-07-18,00,32,15,727370,0.502971,02,750,0,0,Node 02: Network 3
8729,2025-07-18,00,32,16,272019,0.544649,03,1250,0,0,Node 03: Network 3
8730,2025-07-18,00,32,17,225085,0.953066,01,250,0,0,Node 01: Network 3
8731,2025-07-18,00,32,17,729147,0.504062,02,750,0,0,Node 02: Network 3
8732,2025-07-18,00,32,18,274627,0.54548,03,1250,0,0,Node 03: Network 3
8733,2025-07-18,00,32,19,225597,0.95097,01,250,0,0,Node 01: Network 3
8734,2025-07-18,00,32,19,731207,0.50561,02,750,0,0,Node 02: Network 3
8735,2025-07-18,00,32,20,276094,0.544887,03,1250,0,0,Node 03: Network 3
8736,2025-07-18,00,32,21,226490,0.950396,01,250,0,0,Node 01: Network 3
8737,2025-07-18,00,32,21,733250,0.50676,02,750,0,0,Node 02: Network 3
8738,2025-07-18,00,32,22,278151,0.544901,03,1250,0,0,Node 03: Network 3
8739,2025-07-18,00,32,23,226312,0.948161,01,250,0,0,Node 01: Network 3
8740,2025-07-18,00,32,23,735212,0.5089,02,750,0,0,Node 02: Network 3
8741,2025-07-18,00,32,24,272959,0.537747,03,1250,0,0,Node 03: Network 3
8742,2025-07-18,00,32,25,227759,0.9548,01,250,0,0,Node 01: Network 3
8743,2025-07-18,00,32,25,736794,0.509035,02,750,0,0,Node 02: Network 3
8744,2025-07-18,00,32,26,275265,0.538471,03,1250,0,0,Node 03: Network 3
8745,2025-07-18,00,32,27,228574,0.953309,01,250,0,0,Node 01: Network 3
8746,2025-07-18,00,32,27,819141,0.590567,02,750,0,0,Node 02: Network 3
8747,2025-07-18,00,32,28,277747,0.458606,03,1250,0,0,Node 03: Network 3
8748,2025-07-18,00,32,29,229624,0.951877,01,251,0,0,Node 01: Network 3
8749,2025-07-18,00,32,29,821314,0.59169,02,750,0,0,Node 02: Network 3
8750,2025-07-18,00,32,30,280264,0.45895,03,1250,0,0,Node 03: Network 3
8751,2025-07-18,00,32,31,230062,0.949798,01,250,0,0,Node 01: Network 3
8752,2025-07-18,00,32,31,824007,0.593945,02,750,0,0,Node 02: Network 3
8753,2025-07-18,00,32,32,277097,0.45309,03,1250,0,0,Node 03: Network 3
8754,2025-07-18,00,32,33,230392,0.953295,01,250,0,0,Node 01: Network 3
8755,2025-07-18,00,32,33,825584,0.595192,02,750,0,0,Node 02: Network 3
8756,2025-07-18,00,32,34,278648,0.453064,03,1250,0,0,Node 03: Network 3
8757,2025-07-18,00,32,35,230401,0.951753,01,250,0,0,Node 01: Network 3
8758,2025-07-18,00,32,35,827068,0.596667,02,750,0,0,Node 02: Network 3
8759,2025-07-18,00,32,36,280317,0.453249,03,1250,0,0,Node 03: Network 3
8760,2025-07-18,00,32,37,370216,1.089899,01,250,0,0,Node 01: Network 3
8761,2025-07-18,00,32,37,829483,0.459267,02,750,0,0,Node 02: Network 3
8762,2025-07-18,00,32,38,283110,0.453627,03,1250,0,0,Node 03: Network 3
8763,2025-07-18,00,32,39,371658,1.088548,01,250,0,0,Node 01: Network 3
8764,2025-07-18,00,32,39,830166,0.458508,02,750,0,0,Node 02: Network 3
8765,2025-07-18,00,32,40,419289,0.589123,03,1250,0,0,Node 03: Network 3
8766,2025-07-18,00,32,41,373122,0.953833,01,250,0,0,Node 01: Network 3
8767,2025-07-18,00,32,41,833865,0.460743,02,750,0,0,Node 02: Network 3
8768,2025-07-18,00,32,42,420456,0.586591,03,1250,0,0,Node 03: Network 3
8769,2025-07-18,00,32,43,378134,0.957678,01,250,0,0,Node 01: Network 3
8770,2025-07-18,00,32,43,835702,0.457568,02,750,0,0,Node 02: Network 3
8771,2025-07-18,00,32,44,422751,0.587049,03,1250,0,0,Node 03: Network 3
8772,2025-07-18,00,32,45,378731,0.95598,01,250,0,0,Node 01: Network 3
8773,2025-07-18,00,32,45,837334,0.458603,02,750,0,0,Node 02: Network 3
8774,2025-07-18,00,32,46,425755,0.588421,03,1250,0,0,Node 03: Network 3
8775,2025-07-18,00,32,47,378523,0.952768,01,250,0,0,Node 01: Network 3
8776,2025-07-18,00,32,47,970496,0.591973,02,750,0,0,Node 02: Network 3
8777,2025-07-18,00,32,48,427709,0.457213,03,1250,0,0,Node 03: Network 3
8778,2025-07-18,00,32,49,379269,0.95156,01,250,0,0,Node 01: Network 3
8779,2025-07-18,00,32,49,972867,0.593598,02,750,0,0,Node 02: Network 3
8780,2025-07-18,00,32,50,429808,0.456941,03,1250,0,0,Node 03: Network 3
8781,2025-07-18,00,32,51,382255,0.952447,01,251,0,0,Node 01: Network 3
8782,2025-07-18,00,32,51,974868,0.592613,02,750,0,0,Node 02: Network 3
8783,2025-07-18,00,32,52,431477,0.456609,03,1250,0,0,Node 03: Network 3
8784,2025-07-18,00,32,53,381486,0.950009,01,250,0,0,Node 01: Network 3
8785,2025-07-18,00,32,53,976251,0.594765,02,750,0,0,Node 02: Network 3
8786,2025-07-18,00,32,54,427766,0.451515,03,1250,0,0,Node 03: Network 3
8787,2025-07-18,00,32,55,520771,1.093005,01,251,0,0,Node 01: Network 3
8788,2025-07-18,00,32,55,972668,0.451897,02,750,0,0,Node 02: Network 3
8789,2025-07-18,00,32,56,519653,0.546985,03,1250,0,0,Node 03: Network 3
8790,2025-07-18,00,32,57,007012,0.487359,BB,0,1,0,
8791,2025-07-18,00,32,57,065649,0.058637,03,551,0,1,
8792,2025-07-18,00,32,58,326544,1.260895,03,1250,0,0,Node 03: Network 3
8793,2025-07-18,00,32,59,368313,1.041769,01,250,0,0,Node 01: Network 3
8794,2025-07-18,00,32,59,871048,0.502735,02,750,0,0,Node 02: Network 3
8795,2025-07-18,00,33,00,328539,0.457491,03,1250,0,0,Node 03: Network 3
8796,2025-07-18,00,33,01,368575,1.040036,01,250,0,0,Node 01: Network 3
8797,2025-07-18,00,33,01,873258,0.504683,02,750,0,0,Node 02: Network 3
8798,2025-07-18,00,33,02,329763,0.456505,03,1250,0,0,Node 03: Network 3
8799,2025-07-18,00,33,03,371080,1.041317,01,250,0,0,Node 01: Network 3
8800,2025-07-18,00,33,03,875786,0.504706,02,750,0,0,Node 02: Network 3
8801,2025-07-18,00,33,04,332353,0.456567,03,1250,0,0,Node 03: Network 3
8802,2025-07-18,00,33,05,370940,1.038587,01,250,0,0,Node 01: Network 3
8803,2025-07-18,00,33,05,876135,0.505195,02,750,0,0,Node 02: Network 3
8804,2025-07-18,00,33,06,418418,0.542283,03,1251,0,0,Node 03: Network 3
8805,2025-07-18,00,33,07,371524,0.953106,01,250,0,0,Node 01: Network 3
8806,2025-07-18,00,33,07,878683,0.507159,02,750,0,0,Node 02: Network 3
8807,2025-07-18,00,33,08,420756,0.542073,03,1250,0,0,Node 03: Network 3
8808,2025-07-18,00,33,09,371601,0.950845,01,250,0,0,Node 01: Network 3
8809,2025-07-18,00,33,09,880678,0.509077,02,750,0,0,Node 02: Network 3
8810,2025-07-18,00,33,10,422629,0.541951,03,1250,0,0,Node 03: Network 3
8811,2025-07-18,00,33,11,372947,0.950318,01,250,0,0,Node 01: Network 3
8812,2025-07-18,00,33,11,882311,0.509364,02,750,0,0,Node 02: Network 3
8813,2025-07-18,00,33,12,424895,0.542584,03,1250,0,0,Node 03: Network 3
8814,2025-07-18,00,33,13,373865,0.94897,01,250,0,0,Node 01: Network 3
8815,2025-07-18,00,33,13,884267,0.510402,02,750,0,0,Node 02: Network 3
8816,2025-07-18,00,33,14,426568,0.542301,03,1250,0,0,Node 03: Network 3
8817,2025-07-18,00,33,15,374160,0.947592,01,250,0,0,Node 01: Network 3
8818,2025-07-18,00,33,15,885927,0.511767,02,750,0,0,Node 02: Network 3
8819,2025-07-18,00,33,16,428205,0.542278,03,1250,0,0,Node 03: Network 3
8820,2025-07-18,00,33,17,374227,0.946022,01,250,0,0,Node 01: Network 3
8821,2025-07-18,00,33,17,919383,0.545156,02,750,0,0,Node 02: Network 3
8822,2025-07-18,00,33,18,431364,0.511981,03,1250,0,0,Node 03: Network 3
8823,2025-07-18,00,33,19,377455,0.946091,01,250,0,0,Node 01: Network 3
8824,2025-07-18,00,33,19,922395,0.54494,02,750,0,0,Node 02: Network 3
8825,2025-07-18,00,33,20,433544,0.511149,03,1250,0,0,Node 03: Network 3
8826,2025-07-18,00,33,21,377341,0.943797,01,250,0,0,Node 01: Network 3
8827,2025-07-18,00,33,21,924019,0.546678,02,750,0,0,Node 02: Network 3
8828,2025-07-18,00,33,22,434644,0.510625,03,1251,0,0,Node 03: Network 3
8829,2025-07-18,00,33,23,378201,0.943557,01,250,0,0,Node 01: Network 3
8830,2025-07-18,00,33,23,925690,0.547489,02,750,0,0,Node 02: Network 3
8831,2025-07-18,00,33,24,438197,0.512507,03,1250,0,0,Node 03: Network 3
8832,2025-07-18,00,33,25,470009,1.031812,01,250,0,0,Node 01: Network 3
8833,2025-07-18,00,33,25,927966,0.457957,02,750,0,0,Node 02: Network 3
8834,2025-07-18,00,33,26,438952,0.510986,03,1250,0,0,Node 03: Network 3
8835,2025-07-18,00,33,27,469322,1.03037,01,250,0,0,Node 01: Network 3
8836,2025-07-18,00,33,27,929326,0.460004,02,750,0,0,Node 02: Network 3
8837,2025-07-18,00,33,28,476226,0.5469,03,1250,0,0,Node 03: Network 3
8838,2025-07-18,00,33,29,470686,0.99446,01,250,0,0,Node 01: Network 3
8839,2025-07-18,00,33,29,931262,0.460576,02,750,0,0,Node 02: Network 3
8840,2025-07-18,00,33,30,516540,0.585278,03,1250,0,0,Node 03: Network 3
8841,2025-07-18,00,33,31,476507,0.959967,01,250,0,0,Node 01: Network 3
8842,2025-07-18,00,33,31,933768,0.457261,02,750,0,0,Node 02: Network 3
8843,2025-07-18,00,33,32,519371,0.585603,03,1250,0,0,Node 03: Network 3
8844,2025-07-18,00,33,33,477760,0.958389,01,250,0,0,Node 01: Network 3
8845,2025-07-18,00,33,33,935877,0.458117,02,750,0,0,Node 02: Network 3
8846,2025-07-18,00,33,34,522200,0.586323,03,1250,0,0,Node 03: Network 3
8847,2025-07-18,00,33,35,478100,0.9559,01,250,0,0,Node 01: Network 3
8848,2025-07-18,00,33,35,938042,0.459942,02,750,0,0,Node 02: Network 3
8849,2025-07-18,00,33,36,524136,0.586094,03,1250,0,0,Node 03: Network 3
8850,2025-07-18,00,33,37,478869,0.954733,01,250,0,0,Node 01: Network 3
8851,2025-07-18,00,33,37,939192,0.460323,02,750,0,0,Node 02: Network 3
8852,2025-07-18,00,33,38,526165,0.586973,03,1250,0,0,Node 03: Network 3
8853,2025-07-18,00,33,39,483151,0.956986,01,250,0,0,Node 01: Network 3
8854,2025-07-18,00,33,39,940936,0.457785,02,750,0,0,Node 02: Network 3
8855,2025-07-18,00,33,40,528907,0.587971,03,1250,0,0,Node 03: Network 3
8856,2025-07-18,00,33,41,485745,0.956838,01,250,0,0,Node 01: Network 3
8857,2025-07-18,00,33,42,073384,0.587639,02,750,0,0,Node 02: Network 3
8858,2025-07-18,00,33,42,530121,0.456737,03,1250,0,0,Node 03: Network 3
8859,2025-07-18,00,33,43,485886,0.955765,01,250,0,0,Node 01: Network 3
8860,2025-07-18,00,33,44,074965,0.589079,02,750,0,0,Node 02: Network 3
8861,2025-07-18,00,33,44,532106,0.457141,03,1250,0,0,Node 03: Network 3
8862,2025-07-18,00,33,45,486108,0.954002,01,250,0,0,Node 01: Network 3
8863,2025-07-18,00,33,46,076169,0.590061,02,750,0,0,Node 02: Network 3
8864,2025-07-18,00,33,46,533965,0.457796,03,1250,0,0,Node 03: Network 3
8865,2025-07-18,00,33,47,486789,0.952824,01,250,0,0,Node 01: Network 3
8866,2025-07-18,00,33,48,078597,0.591808,02,750,0,0,Node 02: Network 3
8867,2025-07-18,00,33,48,537004,0.458407,03,1250,0,0,Node 03: Network 3
8868,2025-07-18,00,33,49,487114,0.95011,01,250,0,0,Node 01: Network 3
8869,2025-07-18,00,33,50,081101,0.593987,02,750,0,0,Node 02: Network 3
8870,2025-07-18,00,33,50,538491,0.45739,03,1250,0,0,Node 03: Network 3
8871,2025-07-18,00,33,51,487768,0.949277,01,250,0,0,Node 01: Network 3
8872,2025-07-18,00,33,52,083659,0.595891,02,750,0,0,Node 02: Network 3
8873,2025-07-18,00,33,52,534762,0.451103,03,1250,0,0,Node 03: Network 3
8874,2025-07-18,00,33,53,488827,0.954065,01,250,0,0,Node 01: Network 3
8875,2025-07-18,00,33,54,085390,0.596563,02,750,0,0,Node 02: Network 3
8876,2025-07-18,00,33,54,536622,0.451232,03,1250,0,0,Node 03: Network 3
8877,2025-07-18,00,33,55,489986,0.953364,01,250,0,0,Node 01: Network 3
8878,2025-07-18,00,33,56,087064,0.597078,02,750,0,0,Node 02: Network 3
8879,2025-07-18,00,33,56,538098,0.451034,03,1250,0,0,Node 03: Network 3
8880,2025-07-18,00,33,57,631915,1.093817,01,250,0,0,Node 01: Network 3
8881,2025-07-18,00,33,58,088861,0.456946,02,750,0,0,Node 02: Network 3
8882,2025-07-18,00,33,58,540703,0.451842,03,1250,0,0,Node 03: Network 3
8883,2025-07-18,00,33,59,631099,1.090396,01,250,0,0,Node 01: Network 3
8884,2025-07-18,00,34,00,083832,0.452733,02,750,0,0,Node 02: Network 3
8885,2025-07-18,00,34,00,542459,0.458627,03,1250,0,0,Node 03: Network 3
8886,2025-07-18,00,34,01,633522,1.091063,01,250,0,0,Node 01: Network 3
8887,2025-07-18,00,34,02,086255,0.452733,02,750,0,0,Node 02: Network 3
8888,2025-07-18,00,34,02,543616,0.457361,03,1250,0,0,Node 03: Network 3
8889,2025-07-18,00,34,03,634121,1.090505,01,250,0,0,Node 01: Network 3
8890,2025-07-18,00,34,04,088317,0.454196,02,750,0,0,Node 02: Network 3
8891,2025-07-18,00,34,04,680414,0.592097,03,1250,0,0,Node 03: Network 3
8892,2025-07-18,00,34,05,155817,0.475403,BB,0,1,0,
8893,2025-07-18,00,34,07,159292,2.003475,BB,0,1,0,
8894,2025-07-18,00,34,07,204878,0.045586,03,1800,0,1,
8895,2025-07-18,00,34,07,219364,0.014486,01,1847,0,1,
8896,2025-07-18,00,34,07,233437,0.014073,02,1891,0,1,
8897,2025-07-18,00,34,11,167630,3.934193,BB,0,1,0,
8898,2025-07-18,00,34,11,218040,0.05041,01,653,0,1,
8899,2025-07-18,00,34,11,247552,0.029512,02,742,0,1,
8900,2025-07-18,00,34,11,265639,0.018087,03,632,0,1,
8901,2025-07-18,00,34,11,483332,0.217693,01,250,0,0,Node 01: Network 3
8902,2025-07-18,00,34,11,985514,0.502182,02,750,0,0,Node 02: Network 3
8903,2025-07-18,00,34,12,487384,0.50187,03,1250,0,0,Node 03: Network 3
8904,2025-07-18,00,34,13,484492,0.997108,01,250,0,0,Node 01: Network 3
8905,2025-07-18,00,34,13,986853,0.502361,02,750,0,0,Node 02: Network 3
8906,2025-07-18,00,34,14,532094,0.545241,03,1250,0,0,Node 03: Network 3
8907,2025-07-18,00,34,15,312583,0.780489,BB,0,1,0,
8908,2025-07-18,00,34,15,379850,0.067267,BB,0,1,0,03:1789:0:1
8909,2025-07-18,00,34,15,412265,0.032415,02,214,0,1,
8910,2025-07-18,00,34,15,428162,0.015897,01,217,0,1,
8911,2025-07-18,00,34,15,455639,0.027477,01,1793,0,1,02:1789:0:1
8912,2025-07-18,00,34,15,467656,0.012017,03,172,0,1,
8913,2025-07-18,00,34,15,595978,0.128322,02,750,0,0,Node 02: Network 3
8914,2025-07-18,00,34,15,798387,0.202409,01,250,0,0,Node 01: Network 3
8915,2025-07-18,00,34,15,832462,0.034075,03,1250,0,0,Node 03: Network 3
8916,2025-07-18,00,34,15,866481,0.034019,02,750,0,0,Node 02: Network 3
8917,2025-07-18,00,34,15,949939,0.083458,03,1250,0,0,Node 03: Network 3
8918,2025-07-18,00,34,15,983249,0.03331,01,250,0,0,Node 01: Network 3
8919,2025-07-18,00,34,16,016529,0.03328,02,750,0,0,Node 02: Network 3
8920,2025-07-18,00,34,16,050250,0.033721,03,1250,0,0,Node 03: Network 3
8921,2025-07-18,00,34,16,124083,0.073833,01,251,0,0,Node 01: Network 3
8922,2025-07-18,00,34,16,183757,0.059674,02,750,0,0,Node 02: Network 3
8923,2025-07-18,00,34,16,264954,0.081197,03,1250,0,0,Node 03: Network 3
8924,2025-07-18,00,34,16,297880,0.032926,01,250,0,0,Node 01: Network 3
8925,2025-07-18,00,34,16,351507,0.053627,02,764,0,0,Node 02: Network 3
8926,2025-07-18,00,34,16,683875,0.332368,03,1250,0,0,Node 03: Network 3
8927,2025-07-18,00,34,17,181844,0.497969,BB,0,1,0,
8928,2025-07-18,00,34,17,251675,0.069831,03,640,0,1,
8929,2025-07-18,00,34,18,501435,1.24976,03,1250,0,0,Node 03: Network 3
8930,2025-07-18,00,34,19,544842,1.043407,01,250,0,0,Node 01: Network 3
8931,2025-07-18,00,34,20,046216,0.501374,02,750,0,0,Node 02: Network 3
8932,2025-07-18,00,34,20,503422,0.457206,03,1250,0,0,Node 03: Network 3
8933,2025-07-18,00,34,21,544758,1.041336,01,250,0,0,Node 01: Network 3
8934,2025-07-18,00,34,22,047259,0.502501,02,750,0,0,Node 02: Network 3
8935,2025-07-18,00,34,22,591700,0.544441,03,1250,0,0,Node 03: Network 3
8936,2025-07-18,00,34,23,545447,0.953747,01,250,0,0,Node 01: Network 3
8937,2025-07-18,00,34,24,050430,0.504983,02,750,0,0,Node 02: Network 3
8938,2025-07-18,00,34,24,593255,0.542825,03,1250,0,0,Node 03: Network 3
8939,2025-07-18,00,34,25,546771,0.953516,01,250,0,0,Node 01: Network 3
8940,2025-07-18,00,34,26,051334,0.504563,02,750,0,0,Node 02: Network 3
8941,2025-07-18,00,34,26,595828,0.544494,03,1250,0,0,Node 03: Network 3
8942,2025-07-18,00,34,27,546295,0.950467,01,250,0,0,Node 01: Network 3
8943,2025-07-18,00,34,28,054507,0.508212,02,750,0,0,Node 02: Network 3
8944,2025-07-18,00,34,28,597571,0.543064,03,1250,0,0,Node 03: Network 3
8945,2025-07-18,00,34,29,598727,1.001156,01,250,0,0,Node 01: Network 3
8946,2025-07-18,00,34,30,056200,0.457473,02,750,0,0,Node 02: Network 3
8947,2025-07-18,00,34,30,600980,0.54478,03,1250,0,0,Node 03: Network 3
8948,2025-07-18,00,34,31,599090,0.99811,01,250,0,0,Node 01: Network 3
8949,2025-07-18,00,34,32,146096,0.547006,02,750,0,0,Node 02: Network 3
8950,2025-07-18,00,34,32,602631,0.456535,03,1250,0,0,Node 03: Network 3
8951,2025-07-18,00,34,33,601282,0.998651,01,250,0,0,Node 01: Network 3
8952,2025-07-18,00,34,34,147711,0.546429,02,750,0,0,Node 02: Network 3
8953,2025-07-18,00,34,34,649140,0.501429,03,1250,0,0,Node 03: Network 3
8954,2025-07-18,00,34,35,602085,0.952945,01,250,0,0,Node 01: Network 3
8955,2025-07-18,00,34,36,149196,0.547111,02,750,0,0,Node 02: Network 3
8956,2025-07-18,00,34,36,650668,0.501472,03,1250,0,0,Node 03: Network 3
8957,2025-07-18,00,34,37,601220,0.950552,01,250,0,0,Node 01: Network 3
8958,2025-07-18,00,34,38,150960,0.54974,02,750,0,0,Node 02: Network 3
8959,2025-07-18,00,34,38,653279,0.502319,03,1250,0,0,Node 03: Network 3
8960,2025-07-18,00,34,39,601626,0.948347,01,250,0,0,Node 01: Network 3
8961,2025-07-18,00,34,40,198630,0.597004,02,750,0,0,Node 02: Network 3
8962,2025-07-18,00,34,40,654560,0.45593,03,1250,0,0,Node 03: Network 3
8963,2025-07-18,00,34,41,603456,0.948896,01,250,0,0,Node 01: Network 3
8964,2025-07-18,00,34,42,199930,0.596474,02,750,0,0,Node 02: Network 3
8965,2025-07-18,00,34,42,657477,0.457547,03,1250,0,0,Node 03: Network 3
8966,2025-07-18,00,34,43,701677,1.0442,01,250,0,0,Node 01: Network 3
8967,2025-07-18,00,34,44,201162,0.499485,02,750,0,0,Node 02: Network 3
8968,2025-07-18,00,34,44,658748,0.457586,03,1250,0,0,Node 03: Network 3
8969,2025-07-18,00,34,45,702078,1.04333,01,250,0,0,Node 01: Network 3
8970,2025-07-18,00,34,46,248406,0.546328,02,750,0,0,Node 02: Network 3
8971,2025-07-18,00,34,46,750537,0.502131,03,1250,0,0,Node 03: Network 3
8972,2025-07-18,00,34,47,248142,0.497605,BB,0,1,0,
8973,2025-07-18,00,34,47,324013,0.075871,02,786,0,1,
8974,2025-07-18,00,34,48,064082,0.740069,02,750,0,0,Node 02: Network 3
8975,2025-07-18,00,34,48,640227,0.576145,03,1250,0,0,Node 03: Network 3
8976,2025-07-18,00,34,49,608143,0.967916,01,250,0,0,Node 01: Network 3
8977,2025-07-18,00,34,50,065767,0.457624,02,750,0,0,Node 02: Network 3
8978,2025-07-18,00,34,50,612641,0.546874,03,1250,0,0,Node 03: Network 3
8979,2025-07-18,00,34,51,609330,0.996689,01,250,0,0,Node 01: Network 3
8980,2025-07-18,00,34,52,067465,0.458135,02,750,0,0,Node 02: Network 3
8981,2025-07-18,00,34,52,615253,0.547788,03,1250,0,0,Node 03: Network 3
8982,2025-07-18,00,34,53,609797,0.994544,01,250,0,0,Node 01: Network 3
8983,2025-07-18,00,34,54,069725,0.459928,02,750,0,0,Node 02: Network 3
8984,2025-07-18,00,34,54,616417,0.546692,03,1250,0,0,Node 03: Network 3
8985,2025-07-18,00,34,55,610075,0.993658,01,250,0,0,Node 01: Network 3
8986,2025-07-18,00,34,56,159670,0.549595,02,750,0,0,Node 02: Network 3
8987,2025-07-18,00,34,56,619443,0.459773,03,1250,0,0,Node 03: Network 3
8988,2025-07-18,00,34,57,611028,0.991585,01,250,0,0,Node 01: Network 3
8989,2025-07-18,00,34,58,161963,0.550935,02,750,0,0,Node 02: Network 3
8990,2025-07-18,00,34,58,621846,0.459883,03,1250,0,0,Node 03: Network 3
8991,2025-07-18,00,34,59,706337,1.084491,01,250,0,0,Node 01: Network 3
8992,2025-07-18,00,35,00,164471,0.458134,02,750,0,0,Node 02: Network 3
8993,2025-07-18,00,35,00,623639,0.459168,03,1250,0,0,Node 03: Network 3
8994,2025-07-18,00,35,01,707459,1.08382,01,250,0,0,Node 01: Network 3
8995,2025-07-18,00,35,02,166629,0.45917,02,750,0,0,Node 02: Network 3
8996,2025-07-18,00,35,02,625906,0.459277,03,1250,0,0,Node 03: Network 3
8997,2025-07-18,00,35,03,708664,1.082758,01,250,0,0,Node 01: Network 3
8998,2025-07-18,00,35,04,168185,0.459521,02,750,0,0,Node 02: Network 3
8999,2025-07-18,00,35,04,628486,0.460301,03,1250,0,0,Node 03: Network 3
9000,2025-07-18,00,35,05,708523,1.080037,01,250,0,0,Node 01: Network 3
9001,2025-07-18,00,35,06,170236,0.461713,02,750,0,0,Node 02: Network 3
9002,2025-07-18,00,35,06,630726,0.46049,03,1250,0,0,Node 03: Network 3
9003,2025-07-18,00,35,07,709086,1.07836,01,250,0,0,Node 01: Network 3
9004,2025-07-18,00,35,08,172136,0.46305,02,750,0,0,Node 02: Network 3
9005,2025-07-18,00,35,08,631732,0.459596,03,1250,0,0,Node 03: Network 3
9006,2025-07-18,00,35,09,710683,1.078951,01,250,0,0,Node 01: Network 3
9007,2025-07-18,00,35,10,254469,0.543786,02,750,0,0,Node 02: Network 3
9008,2025-07-18,00,35,10,634581,0.380112,03,1250,0,0,Node 03: Network 3
9009,2025-07-18,00,35,11,712051,1.07747,01,250,0,0,Node 01: Network 3
9010,2025-07-18,00,35,12,263798,0.551747,02,750,0,0,Node 02: Network 3
9011,2025-07-18,00,35,12,636669,0.372871,03,1250,0,0,Node 03: Network 3
9012,2025-07-18,00,35,13,711453,1.074784,01,250,0,0,Node 01: Network 3
9013,2025-07-18,00,35,14,259811,0.548358,02,750,0,0,Node 02: Network 3
9014,2025-07-18,00,35,14,639591,0.37978,03,1250,0,0,Node 03: Network 3
9015,2025-07-18,00,35,15,712580,1.072989,01,250,0,0,Node 01: Network 3
9016,2025-07-18,00,35,16,261622,0.549042,02,750,0,0,Node 02: Network 3
9017,2025-07-18,00,35,16,640766,0.379144,03,1250,0,0,Node 03: Network 3
9018,2025-07-18,00,35,17,712961,1.072195,01,250,0,0,Node 01: Network 3
9019,2025-07-18,00,35,18,264062,0.551101,02,750,0,0,Node 02: Network 3
9020,2025-07-18,00,35,18,643932,0.37987,03,1250,0,0,Node 03: Network 3
9021,2025-07-18,00,35,19,808408,1.164476,01,250,0,0,Node 01: Network 3
9022,2025-07-18,00,35,20,265608,0.4572,02,750,0,0,Node 02: Network 3
9023,2025-07-18,00,35,20,855440,0.589832,03,1250,0,0,Node 03: Network 3
9024,2025-07-18,00,35,21,322910,0.46747,BB,0,1,0,
9025,2025-07-18,00,35,21,396450,0.07354,03,711,0,1,
9026,2025-07-18,00,35,22,642092,1.245642,03,1250,0,0,Node 03: Network 3
9027,2025-07-18,00,35,23,684731,1.042639,01,250,0,0,Node 01: Network 3
9028,2025-07-18,00,35,24,187055,0.502324,02,750,0,0,Node 02: Network 3
9029,2025-07-18,00,35,24,644851,0.457796,03,1250,0,0,Node 03: Network 3
9030,2025-07-18,00,35,25,685953,1.041102,01,250,0,0,Node 01: Network 3
9031,2025-07-18,00,35,26,189505,0.503552,02,750,0,0,Node 02: Network 3
9032,2025-07-18,00,35,26,645693,0.456188,03,1250,0,0,Node 03: Network 3
9033,2025-07-18,00,35,27,685855,1.040162,01,250,0,0,Node 01: Network 3
9034,2025-07-18,00,35,28,230154,0.544299,02,750,0,0,Node 02: Network 3
9035,2025-07-18,00,35,28,733515,0.503361,03,1250,0,0,Node 03: Network 3
9036,2025-07-18,00,35,29,773843,1.040328,01,250,0,0,Node 01: Network 3
9037,2025-07-18,00,35,30,232551,0.458708,02,750,0,0,Node 02: Network 3
9038,2025-07-18,00,35,30,821630,0.589079,03,1250,0,0,Node 03: Network 3
9039,2025-07-18,00,35,31,775674,0.954044,01,250,0,0,Node 01: Network 3
9040,2025-07-18,00,35,32,235266,0.459592,02,750,0,0,Node 02: Network 3
9041,2025-07-18,00,35,32,824327,0.589061,03,1250,0,0,Node 03: Network 3
9042,2025-07-18,00,35,33,775568,0.951241,01,250,0,0,Node 01: Network 3
9043,2025-07-18,00,35,34,236744,0.461176,02,750,0,0,Node 02: Network 3
9044,2025-07-18,00,35,34,825512,0.588768,03,1250,0,0,Node 03: Network 3
9045,2025-07-18,00,35,35,777223,0.951711,01,250,0,0,Node 01: Network 3
9046,2025-07-18,00,35,36,369549,0.592326,02,750,0,0,Node 02: Network 3
9047,2025-07-18,00,35,36,826620,0.457071,03,1250,0,0,Node 03: Network 3
9048,2025-07-18,00,35,37,356766,0.530146,BB,0,1,0,
9049,2025-07-18,00,35,39,362148,2.005382,BB,0,1,0,
9050,2025-07-18,00,35,39,413183,0.051035,02,1812,0,1,
9051,2025-07-18,00,35,39,441509,0.028326,01,1907,0,1,
9052,2025-07-18,00,35,39,455018,0.013509,03,1856,0,1,
9053,2025-07-18,00,35,39,678254,0.223236,01,250,0,0,Node 01: Network 3
9054,2025-07-18,00,35,40,221743,0.543489,02,750,0,0,Node 02: Network 3
9055,2025-07-18,00,35,40,680965,0.459222,03,1250,0,0,Node 03: Network 3
9056,2025-07-18,00,35,41,679032,0.998067,01,250,0,0,Node 01: Network 3
9057,2025-07-18,00,35,42,223589,0.544557,02,750,0,0,Node 02: Network 3
9058,2025-07-18,00,35,42,682660,0.459071,03,1250,0,0,Node 03: Network 3
9059,2025-07-18,00,35,43,679779,0.997119,01,250,0,0,Node 01: Network 3
9060,2025-07-18,00,35,44,226181,0.546402,02,750,0,0,Node 02: Network 3
9061,2025-07-18,00,35,44,684976,0.458795,03,1250,0,0,Node 03: Network 3
9062,2025-07-18,00,35,45,770910,1.085934,01,250,0,0,Node 01: Network 3
9063,2025-07-18,00,35,46,227048,0.456138,02,750,0,0,Node 02: Network 3
9064,2025-07-18,00,35,46,688137,0.461089,03,1250,0,0,Node 03: Network 3
9065,2025-07-18,00,35,47,771881,1.083744,01,250,0,0,Node 01: Network 3
9066,2025-07-18,00,35,48,229492,0.457611,02,750,0,0,Node 02: Network 3
9067,2025-07-18,00,35,48,689489,0.459997,03,1250,0,0,Node 03: Network 3
9068,2025-07-18,00,35,49,771838,1.082349,01,250,0,0,Node 01: Network 3
9069,2025-07-18,00,35,50,231029,0.459191,02,750,0,0,Node 02: Network 3
9070,2025-07-18,00,35,50,818364,0.587335,03,1250,0,0,Node 03: Network 3
9071,2025-07-18,00,35,51,771290,0.952926,01,250,0,0,Node 01: Network 3
9072,2025-07-18,00,35,52,234276,0.462986,02,750,0,0,Node 02: Network 3
9073,2025-07-18,00,35,52,820632,0.586356,03,1250,0,0,Node 03: Network 3
9074,2025-07-18,00,35,53,773615,0.952983,01,250,0,0,Node 01: Network 3
9075,2025-07-18,00,35,54,235915,0.4623,02,750,0,0,Node 02: Network 3
9076,2025-07-18,00,35,54,823361,0.587446,03,1250,0,0,Node 03: Network 3
9077,2025-07-18,00,35,55,773801,0.95044,01,250,0,0,Node 01: Network 3
9078,2025-07-18,00,35,56,237826,0.464025,02,750,0,0,Node 02: Network 3
9079,2025-07-18,00,35,56,824384,0.586558,03,1250,0,0,Node 03: Network 3
9080,2025-07-18,00,35,57,773906,0.949522,01,250,0,0,Node 01: Network 3
9081,2025-07-18,00,35,58,238797,0.464891,02,750,0,0,Node 02: Network 3
9082,2025-07-18,00,35,58,827137,0.58834,03,1250,0,0,Node 03: Network 3
9083,2025-07-18,00,35,59,783470,0.956333,01,250,0,0,Node 01: Network 3
9084,2025-07-18,00,36,00,241925,0.458455,02,750,0,0,Node 02: Network 3
9085,2025-07-18,00,36,00,829115,0.58719,03,1250,0,0,Node 03: Network 3
9086,2025-07-18,00,36,01,783756,0.954641,01,250,0,0,Node 01: Network 3
9087,2025-07-18,00,36,02,243435,0.459679,02,750,0,0,Node 02: Network 3
9088,2025-07-18,00,36,02,831710,0.588275,03,1250,0,0,Node 03: Network 3
9089,2025-07-18,00,36,03,787755,0.956045,01,250,0,0,Node 01: Network 3
9090,2025-07-18,00,36,04,245063,0.457308,02,750,0,0,Node 02: Network 3
9091,2025-07-18,00,36,04,832552,0.587489,03,1250,0,0,Node 03: Network 3
9092,2025-07-18,00,36,05,789154,0.956602,01,250,0,0,Node 01: Network 3
9093,2025-07-18,00,36,06,245985,0.456831,02,750,0,0,Node 02: Network 3
9094,2025-07-18,00,36,06,835996,0.590011,03,1250,0,0,Node 03: Network 3
9095,2025-07-18,00,36,07,788671,0.952675,01,250,0,0,Node 01: Network 3
9096,2025-07-18,00,36,08,250731,0.46206,02,750,0,0,Node 02: Network 3
9097,2025-07-18,00,36,08,837889,0.587158,03,1250,0,0,Node 03: Network 3
9098,2025-07-18,00,36,09,789708,0.951819,01,250,0,0,Node 01: Network 3
9099,2025-07-18,00,36,10,252552,0.462844,02,750,0,0,Node 02: Network 3
9100,2025-07-18,00,36,10,837350,0.584798,03,1250,0,0,Node 03: Network 3
9101,2025-07-18,00,36,11,790545,0.953195,01,250,0,0,Node 01: Network 3
9102,2025-07-18,00,36,12,253797,0.463252,02,750,0,0,Node 02: Network 3
9103,2025-07-18,00,36,12,840045,0.586248,03,1250,0,0,Node 03: Network 3
9104,2025-07-18,00,36,13,790634,0.950589,01,250,0,0,Node 01: Network 3
9105,2025-07-18,00,36,14,255837,0.465203,02,750,0,0,Node 02: Network 3
9106,2025-07-18,00,36,14,841656,0.585819,03,1250,0,0,Node 03: Network 3
9107,2025-07-18,00,36,15,800223,0.958567,01,250,0,0,Node 01: Network 3
9108,2025-07-18,00,36,16,256759,0.456536,02,750,0,0,Node 02: Network 3
9109,2025-07-18,00,36,16,844869,0.58811,03,1250,0,0,Node 03: Network 3
9110,2025-07-18,00,36,17,800474,0.955605,01,250,0,0,Node 01: Network 3
9111,2025-07-18,00,36,18,260198,0.459724,02,750,0,0,Node 02: Network 3
9112,2025-07-18,00,36,18,846005,0.585807,03,1250,0,0,Node 03: Network 3
9113,2025-07-18,00,36,19,801678,0.955673,01,250,0,0,Node 01: Network 3
9114,2025-07-18,00,36,20,391029,0.589351,02,750,0,0,Node 02: Network 3
9115,2025-07-18,00,36,20,848296,0.457267,03,1250,0,0,Node 03: Network 3
9116,2025-07-18,00,36,21,802657,0.954361,01,251,0,0,Node 01: Network 3
9117,2025-07-18,00,36,22,392589,0.589932,02,750,0,0,Node 02: Network 3
9118,2025-07-18,00,36,22,705350,0.312761,BB,0,1,0,03:640:0:1
9119,2025-07-18,00,36,22,782994,0.077644,02,750,0,0,Node 02: Network 3
9120,2025-07-18,00,36,22,816622,0.033628,03,1250,0,0,Node 03: Network 3
9121,2025-07-18,00,36,22,852527,0.035905,02,764,0,0,Node 02: Network 3
9122,2025-07-18,00,36,22,924404,0.071877,02,780,0,0,Node 02: Network 3
9123,2025-07-18,00,36,22,958773,0.034369,03,1250,0,0,Node 03: Network 3
9124,2025-07-18,00,36,22,992628,0.033855,03,1250,0,0,Node 03: Network 3
9125,2025-07-18,00,36,23,025305,0.032677,02,795,0,0,Node 02: Network 3
9126,2025-07-18,00,36,23,058948,0.033643,03,1281,0,0,Node 03: Network 3
9127,2025-07-18,00,36,23,112393,0.053445,01,250,0,0,Node 01: Network 3
9128,2025-07-18,00,36,23,255805,0.143412,02,750,0,0,Node 02: Network 3
9129,2025-07-18,00,36,23,320916,0.065111,03,1250,0,0,Node 03: Network 3
9130,2025-07-18,00,36,23,354485,0.033569,01,250,0,0,Node 01: Network 3
9131,2025-07-18,00,36,23,472652,0.118167,02,750,0,0,Node 02: Network 3
9132,2025-07-18,00,36,23,533103,0.060451,03,1250,0,0,Node 03: Network 3
9133,2025-07-18,00,36,23,623667,0.090564,BB,0,1,0,
9134,2025-07-18,00,36,25,462330,1.838663,BB,0,1,0,
9135,2025-07-18,00,36,25,512347,0.050017,03,1924,0,1,
9136,2025-07-18,00,36,25,526646,0.014299,01,1460,0,1,
9137,2025-07-18,00,36,25,539685,0.013039,02,1402,0,1,
9138,2025-07-18,00,36,26,783542,1.243857,03,1250,0,0,Node 03: Network 3
9139,2025-07-18,00,36,27,826433,1.042891,01,250,0,0,Node 01: Network 3
9140,2025-07-18,00,36,28,370338,0.543905,02,750,0,0,Node 02: Network 3
9141,2025-07-18,00,36,28,784661,0.414323,03,1250,0,0,Node 03: Network 3
9142,2025-07-18,00,36,29,827364,1.042703,01,251,0,0,Node 01: Network 3
9143,2025-07-18,00,36,30,328921,0.501557,02,750,0,0,Node 02: Network 3
9144,2025-07-18,00,36,30,786342,0.457421,03,1250,0,0,Node 03: Network 3
9145,2025-07-18,00,36,31,873473,1.087131,01,250,0,0,Node 01: Network 3
9146,2025-07-18,00,36,32,331399,0.457926,02,750,0,0,Node 02: Network 3
9147,2025-07-18,00,36,32,788671,0.457272,03,1250,0,0,Node 03: Network 3
9148,2025-07-18,00,36,33,874448,1.085777,01,250,0,0,Node 01: Network 3
9149,2025-07-18,00,36,34,332600,0.458152,02,750,0,0,Node 02: Network 3
9150,2025-07-18,00,36,34,790445,0.457845,03,1250,0,0,Node 03: Network 3
9151,2025-07-18,00,36,35,874358,1.083913,01,250,0,0,Node 01: Network 3
9152,2025-07-18,00,36,36,334566,0.460208,02,750,0,0,Node 02: Network 3
9153,2025-07-18,00,36,36,793345,0.458779,03,1250,0,0,Node 03: Network 3
9154,2025-07-18,00,36,37,879391,1.086046,01,250,0,0,Node 01: Network 3
9155,2025-07-18,00,36,38,336659,0.457268,02,750,0,0,Node 02: Network 3
9156,2025-07-18,00,36,38,794903,0.458244,03,1250,0,0,Node 03: Network 3
9157,2025-07-18,00,36,39,879077,1.084174,01,250,0,0,Node 01: Network 3
9158,2025-07-18,00,36,40,424267,0.54519,02,750,0,0,Node 02: Network 3
9159,2025-07-18,00,36,40,926448,0.502181,03,1250,0,0,Node 03: Network 3
9160,2025-07-18,00,36,41,880344,0.953896,01,250,0,0,Node 01: Network 3
9161,2025-07-18,00,36,42,425940,0.545596,02,750,0,0,Node 02: Network 3
9162,2025-07-18,00,36,42,929140,0.5032,03,1250,0,0,Node 03: Network 3
9163,2025-07-18,00,36,43,881474,0.952334,01,250,0,0,Node 01: Network 3
9164,2025-07-18,00,36,44,472153,0.590679,02,750,0,0,Node 02: Network 3
9165,2025-07-18,00,36,44,931486,0.459333,03,1250,0,0,Node 03: Network 3
9166,2025-07-18,00,36,45,881080,0.949594,01,250,0,0,Node 01: Network 3
9167,2025-07-18,00,36,46,476405,0.595325,02,750,0,0,Node 02: Network 3
9168,2025-07-18,00,36,46,933638,0.457233,03,1250,0,0,Node 03: Network 3
9169,2025-07-18,00,36,47,882426,0.948788,01,250,0,0,Node 01: Network 3
9170,2025-07-18,00,36,48,478312,0.595886,02,750,0,0,Node 02: Network 3
9171,2025-07-18,00,36,48,929269,0.450957,03,1250,0,0,Node 03: Network 3
9172,2025-07-18,00,36,49,883501,0.954232,01,250,0,0,Node 01: Network 3
9173,2025-07-18,00,36,50,480229,0.596728,02,750,0,0,Node 02: Network 3
9174,2025-07-18,00,36,50,931080,0.450851,03,1250,0,0,Node 03: Network 3
9175,2025-07-18,00,36,52,023108,1.092028,01,250,0,0,Node 01: Network 3
9176,2025-07-18,00,36,52,567574,0.544466,02,750,0,0,Node 02: Network 3
9177,2025-07-18,00,36,52,933678,0.366104,03,1250,0,0,Node 03: Network 3
9178,2025-07-18,00,36,53,524937,0.591259,BB,0,1,0,
9179,2025-07-18,00,36,55,527907,2.00297,BB,0,1,0,
9180,2025-07-18,00,36,55,577205,0.049298,01,1826,0,1,
9181,2025-07-18,00,36,55,605843,0.028638,03,1917,0,1,
9182,2025-07-18,00,36,55,623886,0.018043,02,1781,0,1,
9183,2025-07-18,00,36,56,344210,0.720324,02,750,0,0,Node 02: Network 3
9184,2025-07-18,00,36,56,892139,0.547929,03,1250,0,0,Node 03: Network 3
9185,2025-07-18,00,36,57,935988,1.043849,01,250,0,0,Node 01: Network 3
9186,2025-07-18,00,36,58,436396,0.500408,02,751,0,0,Node 02: Network 3
9187,2025-07-18,00,36,58,982723,0.546327,03,1250,0,0,Node 03: Network 3
9188,2025-07-18,00,36,59,936976,0.954253,01,250,0,0,Node 01: Network 3
9189,2025-07-18,00,37,00,439321,0.502345,02,750,0,0,Node 02: Network 3
9190,2025-07-18,00,37,00,985563,0.546242,03,1250,0,0,Node 03: Network 3
9191,2025-07-18,00,37,01,936911,0.951348,01,250,0,0,Node 01: Network 3
9192,2025-07-18,00,37,02,441770,0.504859,02,750,0,0,Node 02: Network 3
9193,2025-07-18,00,37,02,987044,0.545274,03,1250,0,0,Node 03: Network 3
9194,2025-07-18,00,37,04,030046,1.043002,01,250,0,0,Node 01: Network 3
9195,2025-07-18,00,37,04,442787,0.412741,02,750,0,0,Node 02: Network 3
9196,2025-07-18,00,37,05,076778,0.633991,03,1250,0,0,Node 03: Network 3
9197,2025-07-18,00,37,05,550021,0.473243,BB,0,1,0,
9198,2025-07-18,00,37,07,553537,2.003516,BB,0,1,0,
9199,2025-07-18,00,37,07,612245,0.058708,03,1799,0,1,
9200,2025-07-18,00,37,07,625264,0.013019,02,1754,0,1,
9201,2025-07-18,00,37,07,686882,0.061618,01,1845,0,1,
9202,2025-07-18,00,37,07,869846,0.182964,01,250,0,0,Node 01: Network 3
9203,2025-07-18,00,37,08,413107,0.543261,02,750,0,0,Node 02: Network 3
9204,2025-07-18,00,37,08,959205,0.546098,03,1250,0,0,Node 03: Network 3
9205,2025-07-18,00,37,09,870663,0.911458,01,250,0,0,Node 01: Network 3
9206,2025-07-18,00,37,10,503469,0.632806,02,750,0,0,Node 02: Network 3
9207,2025-07-18,00,37,10,962115,0.458646,03,1250,0,0,Node 03: Network 3
9208,2025-07-18,00,37,12,004649,1.042534,01,250,0,0,Node 01: Network 3
9209,2025-07-18,00,37,12,548892,0.544243,02,750,0,0,Node 02: Network 3
9210,2025-07-18,00,37,12,963095,0.414203,03,1250,0,0,Node 03: Network 3
9211,2025-07-18,00,37,14,092753,1.129658,01,250,0,0,Node 01: Network 3
9212,2025-07-18,00,37,14,550491,0.457738,02,750,0,0,Node 02: Network 3
9213,2025-07-18,00,37,14,965645,0.415154,03,1250,0,0,Node 03: Network 3
9214,2025-07-18,00,37,15,572001,0.606356,BB,0,1,0,
9215,2025-07-18,00,37,17,577018,2.005017,BB,0,1,0,
9216,2025-07-18,00,37,17,626807,0.049789,01,1806,0,1,
9217,2025-07-18,00,37,17,639894,0.013087,02,1846,0,1,
9218,2025-07-18,00,37,17,654133,0.014239,03,1932,0,1,
9219,2025-07-18,00,37,17,892612,0.238479,01,250,0,0,Node 01: Network 3
9220,2025-07-18,00,37,18,392503,0.499891,02,750,0,0,Node 02: Network 3
9221,2025-07-18,00,37,18,938892,0.546389,03,1250,0,0,Node 03: Network 3
9222,2025-07-18,00,37,19,893637,0.954745,01,250,0,0,Node 01: Network 3
9223,2025-07-18,00,37,20,438300,0.544663,02,750,0,0,Node 02: Network 3
9224,2025-07-18,00,37,20,941992,0.503692,03,1250,0,0,Node 03: Network 3
9225,2025-07-18,00,37,21,894562,0.95257,01,250,0,0,Node 01: Network 3
9226,2025-07-18,00,37,22,440615,0.546053,02,751,0,0,Node 02: Network 3
9227,2025-07-18,00,37,22,943756,0.503141,03,1250,0,0,Node 03: Network 3
9228,2025-07-18,00,37,23,895775,0.952019,01,250,0,0,Node 01: Network 3
9229,2025-07-18,00,37,24,488619,0.592844,02,750,0,0,Node 02: Network 3
9230,2025-07-18,00,37,24,943796,0.455177,03,1250,0,0,Node 03: Network 3
9231,2025-07-18,00,37,25,914416,0.97062,01,250,0,0,Node 01: Network 3
9232,2025-07-18,00,37,26,490440,0.576024,02,750,0,0,Node 02: Network 3
9233,2025-07-18,00,37,26,944776,0.454336,03,1250,0,0,Node 03: Network 3
9234,2025-07-18,00,37,27,896753,0.951977,01,250,0,0,Node 01: Network 3
9235,2025-07-18,00,37,28,492705,0.595952,02,750,0,0,Node 02: Network 3
9236,2025-07-18,00,37,28,947994,0.455289,03,1250,0,0,Node 03: Network 3
9237,2025-07-18,00,37,29,897381,0.949387,01,250,0,0,Node 01: Network 3
9238,2025-07-18,00,37,30,492085,0.594704,02,750,0,0,Node 02: Network 3
9239,2025-07-18,00,37,30,942439,0.450354,03,1250,0,0,Node 03: Network 3
9240,2025-07-18,00,37,31,897520,0.955081,01,250,0,0,Node 01: Network 3
9241,2025-07-18,00,37,32,494415,0.596895,02,750,0,0,Node 02: Network 3
9242,2025-07-18,00,37,33,039604,0.545189,03,1250,0,0,Node 03: Network 3
9243,2025-07-18,00,37,33,898892,0.859288,01,250,0,0,Node 01: Network 3
9244,2025-07-18,00,37,34,495713,0.596821,02,750,0,0,Node 02: Network 3
9245,2025-07-18,00,37,35,899691,1.403978,01,250,0,0,Node 01: Network 3
9246,2025-07-18,00,37,36,497367,0.597676,02,750,0,0,Node 02: Network 3
9247,2025-07-18,00,37,36,946950,0.449583,03,1250,0,0,Node 03: Network 3
9248,2025-07-18,00,37,37,900398,0.953448,01,250,0,0,Node 01: Network 3
9249,2025-07-18,00,37,38,445861,0.545463,02,750,0,0,Node 02: Network 3
9250,2025-07-18,00,37,38,948497,0.502636,03,1250,0,0,Node 03: Network 3
9251,2025-07-18,00,37,39,901618,0.953121,01,250,0,0,Node 01: Network 3
9252,2025-07-18,00,37,40,447731,0.546113,02,750,0,0,Node 02: Network 3
9253,2025-07-18,00,37,40,950823,0.503092,03,1250,0,0,Node 03: Network 3
9254,2025-07-18,00,37,41,901480,0.950657,01,250,0,0,Node 01: Network 3
9255,2025-07-18,00,37,42,495479,0.593999,02,750,0,0,Node 02: Network 3
9256,2025-07-18,00,37,42,952928,0.457449,03,1250,0,0,Node 03: Network 3
9257,2025-07-18,00,37,43,902596,0.949668,01,250,0,0,Node 01: Network 3
9258,2025-07-18,00,37,44,498669,0.596073,02,750,0,0,Node 02: Network 3
9259,2025-07-18,00,37,44,955309,0.45664,03,1250,0,0,Node 03: Network 3
9260,2025-07-18,00,37,45,902679,0.94737,01,250,0,0,Node 01: Network 3
9261,2025-07-18,00,37,46,447035,0.544356,02,750,0,0,Node 02: Network 3
9262,2025-07-18,00,37,46,949947,0.502912,03,1250,0,0,Node 03: Network 3
9263,2025-07-18,00,37,47,903392,0.953445,01,250,0,0,Node 01: Network 3
9264,2025-07-18,00,37,48,449614,0.546222,02,750,0,0,Node 02: Network 3
9265,2025-07-18,00,37,48,952308,0.502694,03,1250,0,0,Node 03: Network 3
9266,2025-07-18,00,37,49,993078,1.04077,01,250,0,0,Node 01: Network 3
9267,2025-07-18,00,37,50,452340,0.459262,02,750,0,0,Node 02: Network 3
9268,2025-07-18,00,37,50,954495,0.502155,03,1250,0,0,Node 03: Network 3
9269,2025-07-18,00,37,51,997123,1.042628,01,250,0,0,Node 01: Network 3
9270,2025-07-18,00,37,52,453239,0.456116,02,750,0,0,Node 02: Network 3
9271,2025-07-18,00,37,52,956840,0.503601,03,1250,0,0,Node 03: Network 3
9272,2025-07-18,00,37,53,998329,1.041489,01,250,0,0,Node 01: Network 3
9273,2025-07-18,00,37,54,455406,0.457077,02,750,0,0,Node 02: Network 3
9274,2025-07-18,00,37,55,044574,0.589168,03,1250,0,0,Node 03: Network 3
9275,2025-07-18,00,37,55,998761,0.954187,01,250,0,0,Node 01: Network 3
9276,2025-07-18,00,37,56,457441,0.45868,02,750,0,0,Node 02: Network 3
9277,2025-07-18,00,37,57,046770,0.589329,03,1250,0,0,Node 03: Network 3
9278,2025-07-18,00,37,58,001775,0.955005,01,250,0,0,Node 01: Network 3
9279,2025-07-18,00,37,58,591769,0.589994,02,750,0,0,Node 02: Network 3
9280,2025-07-18,00,37,59,048691,0.456922,03,1250,0,0,Node 03: Network 3
9281,2025-07-18,00,38,00,001268,0.952577,01,250,0,0,Node 01: Network 3
9282,2025-07-18,00,38,00,593784,0.592516,02,750,0,0,Node 02: Network 3
9283,2025-07-18,00,38,01,052181,0.458397,03,1251,0,0,Node 03: Network 3
9284,2025-07-18,00,38,02,003180,0.950999,01,250,0,0,Node 01: Network 3
9285,2025-07-18,00,38,02,595213,0.592033,02,750,0,0,Node 02: Network 3
9286,2025-07-18,00,38,03,097104,0.501891,03,1250,0,0,Node 03: Network 3
9287,2025-07-18,00,38,04,003638,0.906534,01,250,0,0,Node 01: Network 3
9288,2025-07-18,00,38,04,596814,0.593176,02,750,0,0,Node 02: Network 3
9289,2025-07-18,00,38,05,056698,0.459884,03,1250,0,0,Node 03: Network 3
9290,2025-07-18,00,38,06,004665,0.947967,01,250,0,0,Node 01: Network 3
9291,2025-07-18,00,38,06,601637,0.596972,02,750,0,0,Node 02: Network 3
9292,2025-07-18,00,38,07,057608,0.455971,03,1250,0,0,Node 03: Network 3
9293,2025-07-18,00,38,08,005143,0.947535,01,250,0,0,Node 01: Network 3
9294,2025-07-18,00,38,08,603075,0.597932,02,750,0,0,Node 02: Network 3
9295,2025-07-18,00,38,09,050273,0.447198,03,1250,0,0,Node 03: Network 3
9296,2025-07-18,00,38,10,005947,0.955674,01,250,0,0,Node 01: Network 3
9297,2025-07-18,00,38,10,604142,0.598195,02,750,0,0,Node 02: Network 3
9298,2025-07-18,00,38,11,052921,0.448779,03,1250,0,0,Node 03: Network 3
9299,2025-07-18,00,38,12,006705,0.953784,01,250,0,0,Node 01: Network 3
9300,2025-07-18,00,38,12,606301,0.599596,02,750,0,0,Node 02: Network 3
9301,2025-07-18,00,38,13,053872,0.447571,03,1250,0,0,Node 03: Network 3
9302,2025-07-18,00,38,14,006539,0.952667,01,250,0,0,Node 01: Network 3
9303,2025-07-18,00,38,14,609018,0.602479,02,750,0,0,Node 02: Network 3
9304,2025-07-18,00,38,15,154970,0.545952,03,1250,0,0,Node 03: Network 3
9305,2025-07-18,00,38,16,008963,0.853993,01,250,0,0,Node 01: Network 3
9306,2025-07-18,00,38,16,610626,0.601663,02,750,0,0,Node 02: Network 3
9307,2025-07-18,00,38,17,157683,0.547057,03,1250,0,0,Node 03: Network 3
9308,2025-07-18,00,38,18,008796,0.851113,01,250,0,0,Node 01: Network 3
9309,2025-07-18,00,38,18,701746,0.69295,02,750,0,0,Node 02: Network 3
9310,2025-07-18,00,38,19,159713,0.457967,03,1250,0,0,Node 03: Network 3
9311,2025-07-18,00,38,20,246205,1.086492,01,250,0,0,Node 01: Network 3
9312,2025-07-18,00,38,20,705153,0.458948,02,750,0,0,Node 02: Network 3
9313,2025-07-18,00,38,21,162191,0.457038,03,1250,0,0,Node 03: Network 3
9314,2025-07-18,00,38,21,715764,0.553573,BB,0,1,0,
9315,2025-07-18,00,38,23,721026,2.005262,BB,0,1,0,
9316,2025-07-18,00,38,23,761087,0.040061,03,1881,0,1,
9317,2025-07-18,00,38,23,796673,0.035586,02,1836,0,1,
9318,2025-07-18,00,38,23,826902,0.030229,01,1794,0,1,
9319,2025-07-18,00,38,24,035939,0.209037,01,250,0,0,Node 01: Network 3
9320,2025-07-18,00,38,24,537756,0.501817,02,750,0,0,Node 02: Network 3
9321,2025-07-18,00,38,25,040757,0.503001,03,1250,0,0,Node 03: Network 3
9322,2025-07-18,00,38,26,036624,0.995867,01,250,0,0,Node 01: Network 3
9323,2025-07-18,00,38,26,539136,0.502512,02,750,0,0,Node 02: Network 3
9324,2025-07-18,00,38,27,042162,0.503026,03,1250,0,0,Node 03: Network 3
9325,2025-07-18,00,38,28,036831,0.994669,01,250,0,0,Node 01: Network 3
9326,2025-07-18,00,38,28,541785,0.504954,02,750,0,0,Node 02: Network 3
9327,2025-07-18,00,38,29,044816,0.503031,03,1250,0,0,Node 03: Network 3
9328,2025-07-18,00,38,30,037934,0.993118,01,250,0,0,Node 01: Network 3
9329,2025-07-18,00,38,30,543619,0.505685,02,750,0,0,Node 02: Network 3
9330,2025-07-18,00,38,31,046783,0.503164,03,1250,0,0,Node 03: Network 3
9331,2025-07-18,00,38,32,038390,0.991607,01,250,0,0,Node 01: Network 3
9332,2025-07-18,00,38,32,419897,0.381507,BB,0,1,0,
9333,2025-07-18,00,38,32,496960,0.077063,BB,0,1,0,03:1924:0:1
9334,2025-07-18,00,38,32,532044,0.035084,01,781,0,1,
9335,2025-07-18,00,38,32,559075,0.027031,01,1460,0,1,02:1402:0:1
9336,2025-07-18,00,38,32,572602,0.013527,02,775,0,1,
9337,2025-07-18,00,38,32,592790,0.020188,03,740,0,1,
9338,2025-07-18,00,38,32,634006,0.041216,01,250,0,0,Node 01: Network 3
9339,2025-07-18,00,38,32,807576,0.17357,02,750,0,0,Node 02: Network 3
9340,2025-07-18,00,38,32,839517,0.031941,01,250,0,0,Node 01: Network 3
9341,2025-07-18,00,38,32,965581,0.126064,01,250,0,0,Node 01: Network 3
9342,2025-07-18,00,38,33,000615,0.035034,03,1250,0,0,Node 03: Network 3
9343,2025-07-18,00,38,33,035714,0.035099,02,750,0,0,Node 02: Network 3
9344,2025-07-18,00,38,33,124209,0.088495,01,251,0,0,Node 01: Network 3
9345,2025-07-18,00,38,33,174148,0.049939,03,1250,0,0,Node 03: Network 3
9346,2025-07-18,00,38,33,248848,0.0747,02,750,0,0,Node 02: Network 3
9347,2025-07-18,00,38,33,312309,0.063461,03,1250,0,0,Node 03: Network 3
9348,2025-07-18,00,38,33,352767,0.040458,01,250,0,0,Node 01: Network 3
9349,2025-07-18,00,38,33,429784,0.077017,02,750,0,0,Node 02: Network 3
9350,2025-07-18,00,38,33,544542,0.114758,02,772,0,0,Node 02: Network 3
9351,2025-07-18,00,38,33,742698,0.198156,BB,0,1,0,
9352,2025-07-18,00,38,33,812624,0.069926,03,1250,0,0,Node 03: Network 3
9353,2025-07-18,00,38,34,855655,1.043031,01,250,0,0,Node 01: Network 3
9354,2025-07-18,00,38,35,356740,0.501085,02,750,0,0,Node 02: Network 3
9355,2025-07-18,00,38,35,747685,0.390945,BB,0,1,0,
9356,2025-07-18,00,38,35,812892,0.065207,02,1056,0,1,
9357,2025-07-18,00,38,36,563983,0.751091,02,750,0,0,Node 02: Network 3
9358,2025-07-18,00,38,37,110459,0.546476,03,1250,0,0,Node 03: Network 3
9359,2025-07-18,00,38,38,108617,0.998158,01,250,0,0,Node 01: Network 3
9360,2025-07-18,00,38,38,565496,0.456879,02,750,0,0,Node 02: Network 3
9361,2025-07-18,00,38,39,112689,0.547193,03,1250,0,0,Node 03: Network 3
9362,2025-07-18,00,38,40,110056,0.997367,01,250,0,0,Node 01: Network 3
9363,2025-07-18,00,38,40,567732,0.457676,02,750,0,0,Node 02: Network 3
9364,2025-07-18,00,38,41,115845,0.548113,03,1250,0,0,Node 03: Network 3
9365,2025-07-18,00,38,42,109637,0.993792,01,250,0,0,Node 01: Network 3
9366,2025-07-18,00,38,42,569393,0.459756,02,750,0,0,Node 02: Network 3
9367,2025-07-18,00,38,43,117638,0.548245,03,1250,0,0,Node 03: Network 3
9368,2025-07-18,00,38,44,112496,0.994858,01,250,0,0,Node 01: Network 3
9369,2025-07-18,00,38,44,570703,0.458207,02,750,0,0,Node 02: Network 3
9370,2025-07-18,00,38,45,119644,0.548941,03,1250,0,0,Node 03: Network 3
9371,2025-07-18,00,38,46,114729,0.995085,01,250,0,0,Node 01: Network 3
9372,2025-07-18,00,38,46,574443,0.459714,02,750,0,0,Node 02: Network 3
9373,2025-07-18,00,38,47,121046,0.546603,03,1250,0,0,Node 03: Network 3
9374,2025-07-18,00,38,48,115384,0.994338,01,250,0,0,Node 01: Network 3
9375,2025-07-18,00,38,48,576277,0.460893,02,750,0,0,Node 02: Network 3
9376,2025-07-18,00,38,49,123383,0.547106,03,1250,0,0,Node 03: Network 3
9377,2025-07-18,00,38,50,117023,0.99364,01,250,0,0,Node 01: Network 3
9378,2025-07-18,00,38,50,578142,0.461119,02,750,0,0,Node 02: Network 3
9379,2025-07-18,00,38,51,163385,0.585243,03,1250,0,0,Node 03: Network 3
9380,2025-07-18,00,38,52,116908,0.953523,01,250,0,0,Node 01: Network 3
9381,2025-07-18,00,38,52,708138,0.59123,02,750,0,0,Node 02: Network 3
9382,2025-07-18,00,38,53,163292,0.455154,03,1250,0,0,Node 03: Network 3
9383,2025-07-18,00,38,54,117872,0.95458,01,250,0,0,Node 01: Network 3
9384,2025-07-18,00,38,54,707802,0.58993,02,750,0,0,Node 02: Network 3
9385,2025-07-18,00,38,55,166426,0.458624,03,1250,0,0,Node 03: Network 3
9386,2025-07-18,00,38,56,252596,1.08617,01,250,0,0,Node 01: Network 3
9387,2025-07-18,00,38,56,707461,0.454865,02,750,0,0,Node 02: Network 3
9388,2025-07-18,00,38,57,168387,0.460926,03,1250,0,0,Node 03: Network 3
9389,2025-07-18,00,38,58,253381,1.084994,01,250,0,0,Node 01: Network 3
9390,2025-07-18,00,38,58,711524,0.458143,02,750,0,0,Node 02: Network 3
9391,2025-07-18,00,38,59,171112,0.459588,03,1250,0,0,Node 03: Network 3
9392,2025-07-18,00,39,00,256246,1.085134,01,250,0,0,Node 01: Network 3
9393,2025-07-18,00,39,00,714750,0.458504,02,750,0,0,Node 02: Network 3
9394,2025-07-18,00,39,01,172328,0.457578,03,1250,0,0,Node 03: Network 3
9395,2025-07-18,00,39,02,257473,1.085145,01,250,0,0,Node 01: Network 3
9396,2025-07-18,00,39,02,802016,0.544543,02,750,0,0,Node 02: Network 3
9397,2025-07-18,00,39,03,174297,0.372281,03,1250,0,0,Node 03: Network 3
9398,2025-07-18,00,39,04,216571,1.042274,01,250,0,0,Node 01: Network 3
9399,2025-07-18,00,39,04,804398,0.587827,02,750,0,0,Node 02: Network 3
9400,2025-07-18,00,39,05,177257,0.372859,03,1250,0,0,Node 03: Network 3
9401,2025-07-18,00,39,06,217234,1.039977,01,250,0,0,Node 01: Network 3
9402,2025-07-18,00,39,06,806374,0.58914,02,750,0,0,Node 02: Network 3
9403,2025-07-18,00,39,07,178849,0.372475,03,1250,0,0,Node 03: Network 3
9404,2025-07-18,00,39,08,349038,1.170189,01,250,0,0,Node 01: Network 3
9405,2025-07-18,00,39,08,807668,0.45863,02,750,0,0,Node 02: Network 3
9406,2025-07-18,00,39,09,181176,0.373508,03,1250,0,0,Node 03: Network 3
9407,2025-07-18,00,39,09,822086,0.64091,BB,0,1,0,
9408,2025-07-18,00,39,11,826051,2.003965,BB,0,1,0,
9409,2025-07-18,00,39,11,870217,0.044166,02,1837,0,1,
9410,2025-07-18,00,39,11,883340,0.013123,03,1966,0,1,
9411,2025-07-18,00,39,11,981991,0.098651,01,1797,0,1,
9412,2025-07-18,00,39,12,142359,0.160368,01,250,0,0,Node 01: Network 3
9413,2025-07-18,00,39,12,641975,0.499616,02,750,0,0,Node 02: Network 3
9414,2025-07-18,00,39,13,145100,0.503125,03,1250,0,0,Node 03: Network 3
9415,2025-07-18,00,39,14,142823,0.997723,01,250,0,0,Node 01: Network 3
9416,2025-07-18,00,39,14,643453,0.50063,02,750,0,0,Node 02: Network 3
9417,2025-07-18,00,39,15,145783,0.50233,03,1250,0,0,Node 03: Network 3
9418,2025-07-18,00,39,16,144087,0.998304,01,250,0,0,Node 01: Network 3
9419,2025-07-18,00,39,16,645448,0.501361,02,750,0,0,Node 02: Network 3
9420,2025-07-18,00,39,17,149299,0.503851,03,1250,0,0,Node 03: Network 3
9421,2025-07-18,00,39,18,143957,0.994658,01,250,0,0,Node 01: Network 3
9422,2025-07-18,00,39,18,648094,0.504137,02,750,0,0,Node 02: Network 3
9423,2025-07-18,00,39,19,150880,0.502786,03,1250,0,0,Node 03: Network 3
9424,2025-07-18,00,39,20,144633,0.993753,01,250,0,0,Node 01: Network 3
9425,2025-07-18,00,39,20,650523,0.50589,02,750,0,0,Node 02: Network 3
9426,2025-07-18,00,39,22,145677,1.495154,01,250,0,0,Node 01: Network 3
9427,2025-07-18,00,39,22,652569,0.506892,02,750,0,0,Node 02: Network 3
9428,2025-07-18,00,39,23,191925,0.539356,03,1250,0,0,Node 03: Network 3
9429,2025-07-18,00,39,24,197753,1.005828,01,250,0,0,Node 01: Network 3
9430,2025-07-18,00,39,24,653721,0.455968,02,750,0,0,Node 02: Network 3
9431,2025-07-18,00,39,25,195075,0.541354,03,1250,0,0,Node 03: Network 3
9432,2025-07-18,00,39,26,219941,1.024866,01,250,0,0,Node 01: Network 3
9433,2025-07-18,00,39,28,198053,1.978112,01,250,0,0,Node 01: Network 3
9434,2025-07-18,00,39,29,245867,1.047814,03,1250,0,0,Node 03: Network 3
9435,2025-07-18,00,39,30,289396,1.043529,01,250,0,0,Node 01: Network 3
9436,2025-07-18,00,39,30,791117,0.501721,02,750,0,0,Node 02: Network 3
9437,2025-07-18,00,39,31,248595,0.457478,03,1250,0,0,Node 03: Network 3
9438,2025-07-18,00,39,32,289731,1.041136,01,250,0,0,Node 01: Network 3
9439,2025-07-18,00,39,33,250000,0.960269,03,1250,0,0,Node 03: Network 3
9440,2025-07-18,00,39,34,794209,1.544209,02,750,0,0,Node 02: Network 3
9441,2025-07-18,00,39,35,252309,0.4581,03,1250,0,0,Node 03: Network 3
9442,2025-07-18,00,39,36,339322,1.087013,01,250,0,0,Node 01: Network 3
9443,2025-07-18,00,39,36,796033,0.456711,02,750,0,0,Node 02: Network 3
9444,2025-07-18,00,39,37,254797,0.458764,03,1250,0,0,Node 03: Network 3
9445,2025-07-18,00,39,38,339642,1.084845,01,250,0,0,Node 01: Network 3
9446,2025-07-18,00,39,38,882967,0.543325,02,750,0,0,Node 02: Network 3
9447,2025-07-18,00,39,39,256198,0.373231,03,1250,0,0,Node 03: Network 3
9448,2025-07-18,00,39,40,340531,1.084333,01,250,0,0,Node 01: Network 3
9449,2025-07-18,00,39,40,884981,0.54445,02,750,0,0,Node 02: Network 3
9450,2025-07-18,00,39,41,259121,0.37414,03,1250,0,0,Node 03: Network 3
9451,2025-07-18,00,39,42,340503,1.081382,01,250,0,0,Node 01: Network 3
9452,2025-07-18,00,39,42,802788,0.462285,02,750,0,0,Node 02: Network 3
9453,2025-07-18,00,39,43,261656,0.458868,03,1250,0,0,Node 03: Network 3
9454,2025-07-18,00,39,44,347495,1.085839,01,250,0,0,Node 01: Network 3
9455,2025-07-18,00,39,44,805555,0.45806,02,750,0,0,Node 02: Network 3
9456,2025-07-18,00,39,45,395339,0.589784,03,1250,0,0,Node 03: Network 3
9457,2025-07-18,00,39,46,349597,0.954258,01,250,0,0,Node 01: Network 3
9458,2025-07-18,00,39,46,806841,0.457244,02,750,0,0,Node 02: Network 3
9459,2025-07-18,00,39,47,396433,0.589592,03,1250,0,0,Node 03: Network 3
9460,2025-07-18,00,39,48,350577,0.954144,01,250,0,0,Node 01: Network 3
9461,2025-07-18,00,39,48,808632,0.458055,02,750,0,0,Node 02: Network 3
9462,2025-07-18,00,39,49,398110,0.589478,03,1250,0,0,Node 03: Network 3
9463,2025-07-18,00,39,50,350628,0.952518,01,250,0,0,Node 01: Network 3
9464,2025-07-18,00,39,50,811645,0.461017,02,750,0,0,Node 02: Network 3
9465,2025-07-18,00,39,51,401617,0.589972,03,1250,0,0,Node 03: Network 3
9466,2025-07-18,00,39,52,352739,0.951122,01,251,0,0,Node 01: Network 3
9467,2025-07-18,00,39,52,945405,0.592666,02,750,0,0,Node 02: Network 3
9468,2025-07-18,00,39,53,403001,0.457596,03,1250,0,0,Node 03: Network 3
9469,2025-07-18,00,39,53,918679,0.515678,BB,0,1,0,
9470,2025-07-18,00,39,53,977777,0.059098,03,1011,0,1,
9471,2025-07-18,00,39,55,238454,1.260677,03,1250,0,0,Node 03: Network 3
9472,2025-07-18,00,39,56,281796,1.043342,01,250,0,0,Node 01: Network 3
9473,2025-07-18,00,39,56,782592,0.500796,02,750,0,0,Node 02: Network 3
9474,2025-07-18,00,39,57,239965,0.457373,03,1250,0,0,Node 03: Network 3
9475,2025-07-18,00,39,58,282857,1.042892,01,250,0,0,Node 01: Network 3
9476,2025-07-18,00,39,58,783544,0.500687,02,750,0,0,Node 02: Network 3
9477,2025-07-18,00,39,59,242299,0.458755,03,1250,0,0,Node 03: Network 3
9478,2025-07-18,00,40,00,283243,1.040944,01,250,0,0,Node 01: Network 3
9479,2025-07-18,00,40,00,786239,0.502996,02,750,0,0,Node 02: Network 3
9480,2025-07-18,00,40,01,244823,0.458584,03,1250,0,0,Node 03: Network 3
9481,2025-07-18,00,40,02,283101,1.038278,01,250,0,0,Node 01: Network 3
9482,2025-07-18,00,40,02,788129,0.505028,02,750,0,0,Node 02: Network 3
9483,2025-07-18,00,40,03,247161,0.459032,03,1250,0,0,Node 03: Network 3
9484,2025-07-18,00,40,04,333008,1.085847,01,250,0,0,Node 01: Network 3
9485,2025-07-18,00,40,04,790379,0.457371,02,750,0,0,Node 02: Network 3
9486,2025-07-18,00,40,05,249364,0.458985,03,1250,0,0,Node 03: Network 3
9487,2025-07-18,00,40,06,334585,1.085221,01,250,0,0,Node 01: Network 3
9488,2025-07-18,00,40,06,794173,0.459588,02,750,0,0,Node 02: Network 3
9489,2025-07-18,00,40,07,250611,0.456438,03,1250,0,0,Node 03: Network 3
9490,2025-07-18,00,40,08,334271,1.08366,01,250,0,0,Node 01: Network 3
9491,2025-07-18,00,40,08,794876,0.460605,02,750,0,0,Node 02: Network 3
9492,2025-07-18,00,40,09,253858,0.458982,03,1250,0,0,Node 03: Network 3
9493,2025-07-18,00,40,10,335354,1.081496,01,250,0,0,Node 01: Network 3
9494,2025-07-18,00,40,10,797324,0.46197,02,750,0,0,Node 02: Network 3
9495,2025-07-18,00,40,11,255414,0.45809,03,1250,0,0,Node 03: Network 3
9496,2025-07-18,00,40,12,341545,1.086131,01,250,0,0,Node 01: Network 3
9497,2025-07-18,00,40,12,799607,0.458062,02,750,0,0,Node 02: Network 3
9498,2025-07-18,00,40,13,257989,0.458382,03,1250,0,0,Node 03: Network 3
9499,2025-07-18,00,40,14,342403,1.084414,01,250,0,0,Node 01: Network 3
9500,2025-07-18,00,40,14,800871,0.458468,02,750,0,0,Node 02: Network 3
9501,2025-07-18,00,40,15,258721,0.45785,03,1250,0,0,Node 03: Network 3
9502,2025-07-18,00,40,16,343072,1.084351,01,250,0,0,Node 01: Network 3
9503,2025-07-18,00,40,16,887454,0.544382,02,750,0,0,Node 02: Network 3
9504,2025-07-18,00,40,17,262970,0.375516,03,1250,0,0,Node 03: Network 3
9505,2025-07-18,00,40,18,345198,1.082228,01,250,0,0,Node 01: Network 3
9506,2025-07-18,00,40,18,890127,0.544929,02,750,0,0,Node 02: Network 3
9507,2025-07-18,00,40,19,265366,0.375239,03,1250,0,0,Node 03: Network 3
9508,2025-07-18,00,40,20,346402,1.081036,01,250,0,0,Node 01: Network 3
9509,2025-07-18,00,40,20,890681,0.544279,02,750,0,0,Node 02: Network 3
9510,2025-07-18,00,40,21,266958,0.376277,03,1250,0,0,Node 03: Network 3
9511,2025-07-18,00,40,22,346499,1.079541,01,250,0,0,Node 01: Network 3
9512,2025-07-18,00,40,22,892763,0.546264,02,750,0,0,Node 02: Network 3
9513,2025-07-18,00,40,23,269048,0.376285,03,1250,0,0,Node 03: Network 3
9514,2025-07-18,00,40,24,347308,1.07826,01,250,0,0,Node 01: Network 3
9515,2025-07-18,00,40,24,896373,0.549065,02,751,0,0,Node 02: Network 3
9516,2025-07-18,00,40,25,270805,0.374432,03,1250,0,0,Node 03: Network 3
9517,2025-07-18,00,40,26,347065,1.07626,01,250,0,0,Node 01: Network 3
9518,2025-07-18,00,40,26,898578,0.551513,02,750,0,0,Node 02: Network 3
9519,2025-07-18,00,40,27,273641,0.375063,03,1250,0,0,Node 03: Network 3
9520,2025-07-18,00,40,28,347913,1.074272,01,250,0,0,Node 01: Network 3
9521,2025-07-18,00,40,28,899668,0.551755,02,750,0,0,Node 02: Network 3
9522,2025-07-18,00,40,29,274732,0.375064,03,1250,0,0,Node 03: Network 3
9523,2025-07-18,00,40,30,347762,1.07303,01,250,0,0,Node 01: Network 3
9524,2025-07-18,00,40,30,901723,0.553961,02,750,0,0,Node 02: Network 3
9525,2025-07-18,00,40,31,277522,0.375799,03,1250,0,0,Node 03: Network 3
9526,2025-07-18,00,40,32,348238,1.070716,01,250,0,0,Node 01: Network 3
9527,2025-07-18,00,40,32,902689,0.554451,02,750,0,0,Node 02: Network 3
9528,2025-07-18,00,40,33,279693,0.377004,03,1250,0,0,Node 03: Network 3
9529,2025-07-18,00,40,34,351500,1.071807,01,250,0,0,Node 01: Network 3
9530,2025-07-18,00,40,34,905132,0.553632,02,750,0,0,Node 02: Network 3
9531,2025-07-18,00,40,35,282603,0.377471,03,1250,0,0,Node 03: Network 3
9532,2025-07-18,00,40,36,351579,1.068976,01,250,0,0,Node 01: Network 3
9533,2025-07-18,00,40,36,907606,0.556027,02,750,0,0,Node 02: Network 3
9534,2025-07-18,00,40,37,284067,0.376461,03,1250,0,0,Node 03: Network 3
9535,2025-07-18,00,40,38,449720,1.165653,01,250,0,0,Node 01: Network 3
9536,2025-07-18,00,40,38,908943,0.459223,02,750,0,0,Node 02: Network 3
9537,2025-07-18,00,40,39,286266,0.377323,03,1250,0,0,Node 03: Network 3
9538,2025-07-18,00,40,40,265939,0.979673,BB,0,1,0,03:1250:0:0:Node 03: Network 3
9539,2025-07-18,00,40,40,307646,0.041707,BB,0,1,0,02:1056:0:1
9540,2025-07-18,00,40,40,345081,0.037435,02,219,0,1,
9541,2025-07-18,00,40,40,379365,0.034284,03,1250,0,0,Node 03: Network 3
9542,2025-07-18,00,40,40,429942,0.050577,01,179,0,1,
9543,2025-07-18,00,40,40,463437,0.033495,01,250,0,0,Node 01: Network 3
9544,2025-07-18,00,40,40,475750,0.012313,03,346,0,1,
9545,2025-07-18,00,40,40,509063,0.033313,02,772,0,0,Node 02: Network 3
9546,2025-07-18,00,40,40,580431,0.071368,01,250,0,0,Node 01: Network 3
9547,2025-07-18,00,40,40,655363,0.074932,02,750,0,0,Node 02: Network 3
9548,2025-07-18,00,40,40,802728,0.147365,03,1250,0,0,Node 03: Network 3
9549,2025-07-18,00,40,40,834392,0.031664,01,250,0,0,Node 01: Network 3
9550,2025-07-18,00,40,40,868367,0.033975,02,750,0,0,Node 02: Network 3
9551,2025-07-18,00,40,40,900775,0.032408,01,250,0,0,Node 01: Network 3
9552,2025-07-18,00,40,40,937145,0.03637,02,750,0,0,Node 02: Network 3
9553,2025-07-18,00,40,40,986384,0.049239,03,1250,0,0,Node 03: Network 3
9554,2025-07-18,00,40,41,128711,0.142327,02,750,0,0,Node 02: Network 3
9555,2025-07-18,00,40,41,231335,0.102624,01,250,0,0,Node 01: Network 3
9556,2025-07-18,00,40,41,612314,0.380979,03,1250,0,0,Node 03: Network 3
9557,2025-07-18,00,40,42,024253,0.411939,BB,0,1,0,
9558,2025-07-18,00,40,44,027218,2.002965,BB,0,1,0,
9559,2025-07-18,00,40,44,075903,0.048685,01,1740,0,1,
9560,2025-07-18,00,40,44,089599,0.013696,02,1737,0,1,
9561,2025-07-18,00,40,44,114002,0.024403,03,1738,0,1,
9562,2025-07-18,00,40,44,343888,0.229886,01,250,0,0,Node 01: Network 3
9563,2025-07-18,00,40,44,843653,0.499765,02,750,0,0,Node 02: Network 3
9564,2025-07-18,00,40,45,347892,0.504239,03,1250,0,0,Node 03: Network 3
9565,2025-07-18,00,40,46,345066,0.997174,01,251,0,0,Node 01: Network 3
9566,2025-07-18,00,40,46,847664,0.502598,02,750,0,0,Node 02: Network 3
9567,2025-07-18,00,40,47,350799,0.503135,03,1250,0,0,Node 03: Network 3
9568,2025-07-18,00,40,48,345932,0.995133,01,250,0,0,Node 01: Network 3
9569,2025-07-18,00,40,48,849065,0.503133,02,750,0,0,Node 02: Network 3
9570,2025-07-18,00,40,49,394933,0.545868,03,1250,0,0,Node 03: Network 3
9571,2025-07-18,00,40,50,393911,0.998978,01,250,0,0,Node 01: Network 3
9572,2025-07-18,00,40,50,850511,0.4566,02,750,0,0,Node 02: Network 3
9573,2025-07-18,00,40,51,440118,0.589607,03,1250,0,0,Node 03: Network 3
9574,2025-07-18,00,40,52,394176,0.954058,01,250,0,0,Node 01: Network 3
9575,2025-07-18,00,40,52,853539,0.459363,02,750,0,0,Node 02: Network 3
9576,2025-07-18,00,40,53,442231,0.588692,03,1250,0,0,Node 03: Network 3
9577,2025-07-18,00,40,54,394817,0.952586,01,250,0,0,Node 01: Network 3
9578,2025-07-18,00,40,54,854831,0.460014,02,750,0,0,Node 02: Network 3
9579,2025-07-18,00,40,55,445762,0.590931,03,1250,0,0,Node 03: Network 3
9580,2025-07-18,00,40,56,394902,0.94914,01,250,0,0,Node 01: Network 3
9581,2025-07-18,00,40,56,939836,0.544934,02,750,0,0,Node 02: Network 3
9582,2025-07-18,00,40,57,443161,0.503325,03,1250,0,0,Node 03: Network 3
9583,2025-07-18,00,40,58,396497,0.953336,01,250,0,0,Node 01: Network 3
9584,2025-07-18,00,40,58,941282,0.544785,02,750,0,0,Node 02: Network 3
9585,2025-07-18,00,40,59,444735,0.503453,03,1250,0,0,Node 03: Network 3
9586,2025-07-18,00,41,00,396317,0.951582,01,250,0,0,Node 01: Network 3
9587,2025-07-18,00,41,00,943730,0.547413,02,750,0,0,Node 02: Network 3
9588,2025-07-18,00,41,01,446479,0.502749,03,1250,0,0,Node 03: Network 3
9589,2025-07-18,00,41,02,396705,0.950226,01,250,0,0,Node 01: Network 3
9590,2025-07-18,00,41,02,991540,0.594835,02,750,0,0,Node 02: Network 3
9591,2025-07-18,00,41,03,444003,0.452463,03,1250,0,0,Node 03: Network 3
9592,2025-07-18,00,41,04,398016,0.954013,01,250,0,0,Node 01: Network 3
9593,2025-07-18,00,41,04,993257,0.595241,02,750,0,0,Node 02: Network 3
9594,2025-07-18,00,41,05,539637,0.54638,03,1250,0,0,Node 03: Network 3
9595,2025-07-18,00,41,06,398867,0.85923,01,250,0,0,Node 01: Network 3
9596,2025-07-18,00,41,06,995280,0.596413,02,750,0,0,Node 02: Network 3
9597,2025-07-18,00,41,07,541357,0.546077,03,1250,0,0,Node 03: Network 3
9598,2025-07-18,00,41,08,399166,0.857809,01,250,0,0,Node 01: Network 3
9599,2025-07-18,00,41,09,086354,0.687188,02,750,0,0,Node 02: Network 3
9600,2025-07-18,00,41,09,544464,0.45811,03,1251,0,0,Node 03: Network 3
9601,2025-07-18,00,41,10,085325,0.540861,BB,0,1,0,
9602,2025-07-18,00,41,12,089233,2.003908,BB,0,1,0,
9603,2025-07-18,00,41,12,155417,0.066184,01,1781,0,1,
9604,2025-07-18,00,41,12,174683,0.019266,02,1823,0,1,
9605,2025-07-18,00,41,12,271383,0.0967,03,1868,0,1,
9606,2025-07-18,00,41,12,403736,0.132353,01,250,0,0,Node 01: Network 3
9607,2025-07-18,00,41,12,905279,0.501543,02,750,0,0,Node 02: Network 3
9608,2025-07-18,00,41,13,409049,0.50377,03,1250,0,0,Node 03: Network 3
9609,2025-07-18,00,41,14,406109,0.99706,01,250,0,0,Node 01: Network 3
9610,2025-07-18,00,41,14,908884,0.502775,02,751,0,0,Node 02: Network 3
9611,2025-07-18,00,41,15,452409,0.543525,03,1250,0,0,Node 03: Network 3
9612,2025-07-18,00,41,16,406057,0.953648,01,250,0,0,Node 01: Network 3
9613,2025-07-18,00,41,16,910087,0.50403,02,750,0,0,Node 02: Network 3
9614,2025-07-18,00,41,17,452855,0.542768,03,1250,0,0,Node 03: Network 3
9615,2025-07-18,00,41,18,407119,0.954264,01,250,0,0,Node 01: Network 3
9616,2025-07-18,00,41,18,912179,0.50506,02,750,0,0,Node 02: Network 3
9617,2025-07-18,00,41,19,454281,0.542102,03,1251,0,0,Node 03: Network 3
9618,2025-07-18,00,41,20,406711,0.95243,01,250,0,0,Node 01: Network 3
9619,2025-07-18,00,41,20,914715,0.508004,02,750,0,0,Node 02: Network 3
9620,2025-07-18,00,41,21,455379,0.540664,03,1250,0,0,Node 03: Network 3
9621,2025-07-18,00,41,22,409272,0.953893,01,250,0,0,Node 01: Network 3
9622,2025-07-18,00,41,22,916419,0.507147,02,750,0,0,Node 02: Network 3
9623,2025-07-18,00,41,23,456055,0.539636,03,1250,0,0,Node 03: Network 3
9624,2025-07-18,00,41,24,409055,0.953,01,250,0,0,Node 01: Network 3
9625,2025-07-18,00,41,24,917903,0.508848,02,750,0,0,Node 02: Network 3
9626,2025-07-18,00,41,25,457679,0.539776,03,1250,0,0,Node 03: Network 3
9627,2025-07-18,00,41,26,409955,0.952276,01,250,0,0,Node 01: Network 3
9628,2025-07-18,00,41,26,919315,0.50936,02,750,0,0,Node 02: Network 3
9629,2025-07-18,00,41,27,461216,0.541901,03,1250,0,0,Node 03: Network 3
9630,2025-07-18,00,41,28,410255,0.949039,01,250,0,0,Node 01: Network 3
9631,2025-07-18,00,41,28,921148,0.510893,02,750,0,0,Node 02: Network 3
9632,2025-07-18,00,41,29,457353,0.536205,03,1250,0,0,Node 03: Network 3
9633,2025-07-18,00,41,30,465638,1.008285,01,250,0,0,Node 01: Network 3
9634,2025-07-18,00,41,30,924325,0.458687,02,751,0,0,Node 02: Network 3
9635,2025-07-18,00,41,31,459168,0.534843,03,1250,0,0,Node 03: Network 3
9636,2025-07-18,00,41,32,466993,1.007825,01,250,0,0,Node 01: Network 3
9637,2025-07-18,00,41,32,925947,0.458954,02,750,0,0,Node 02: Network 3
9638,2025-07-18,00,41,33,462617,0.53667,03,1250,0,0,Node 03: Network 3
9639,2025-07-18,00,41,34,466968,1.004351,01,250,0,0,Node 01: Network 3
9640,2025-07-18,00,41,34,928557,0.461589,02,750,0,0,Node 02: Network 3
9641,2025-07-18,00,41,35,463812,0.535255,03,1250,0,0,Node 03: Network 3
9642,2025-07-18,00,41,36,468233,1.004421,01,250,0,0,Node 01: Network 3
9643,2025-07-18,00,41,36,929132,0.460899,02,750,0,0,Node 02: Network 3
9644,2025-07-18,00,41,37,466024,0.536892,03,1250,0,0,Node 03: Network 3
9645,2025-07-18,00,41,38,474166,1.008142,01,250,0,0,Node 01: Network 3
9646,2025-07-18,00,41,38,932031,0.457865,02,750,0,0,Node 02: Network 3
9647,2025-07-18,00,41,39,468527,0.536496,03,1250,0,0,Node 03: Network 3
9648,2025-07-18,00,41,40,475235,1.006708,01,250,0,0,Node 01: Network 3
9649,2025-07-18,00,41,41,013461,0.538226,02,750,0,0,Node 02: Network 3
9650,2025-07-18,00,41,41,470759,0.457298,03,1250,0,0,Node 03: Network 3
9651,2025-07-18,00,41,42,474816,1.004057,01,250,0,0,Node 01: Network 3
9652,2025-07-18,00,41,43,015521,0.540705,02,750,0,0,Node 02: Network 3
9653,2025-07-18,00,41,43,472291,0.45677,03,1250,0,0,Node 03: Network 3
9654,2025-07-18,00,41,44,477482,1.005191,01,250,0,0,Node 01: Network 3
9655,2025-07-18,00,41,45,018761,0.541279,02,751,0,0,Node 02: Network 3
9656,2025-07-18,00,41,45,474908,0.456147,03,1250,0,0,Node 03: Network 3
9657,2025-07-18,00,41,46,562919,1.088011,01,250,0,0,Node 01: Network 3
9658,2025-07-18,00,41,47,020679,0.45776,02,750,0,0,Node 02: Network 3
9659,2025-07-18,00,41,47,475888,0.455209,03,1250,0,0,Node 03: Network 3
9660,2025-07-18,00,41,48,563536,1.087648,01,250,0,0,Node 01: Network 3
9661,2025-07-18,00,41,49,479345,0.915809,03,1250,0,0,Node 03: Network 3
9662,2025-07-18,00,41,50,563805,1.08446,01,250,0,0,Node 01: Network 3
9663,2025-07-18,00,41,51,024200,0.460395,02,750,0,0,Node 02: Network 3
9664,2025-07-18,00,41,51,480673,0.456473,03,1250,0,0,Node 03: Network 3
9665,2025-07-18,00,41,52,564430,1.083757,01,250,0,0,Node 01: Network 3
9666,2025-07-18,00,41,53,026115,0.461685,02,750,0,0,Node 02: Network 3
9667,2025-07-18,00,41,53,483592,0.457477,03,1250,0,0,Node 03: Network 3
9668,2025-07-18,00,41,54,564554,1.080962,01,250,0,0,Node 01: Network 3
9669,2025-07-18,00,41,55,028768,0.464214,02,750,0,0,Node 02: Network 3
9670,2025-07-18,00,41,55,611537,0.582769,03,1250,0,0,Node 03: Network 3
9671,2025-07-18,00,41,56,565605,0.954068,01,250,0,0,Node 01: Network 3
9672,2025-07-18,00,41,57,029677,0.464072,02,750,0,0,Node 02: Network 3
9673,2025-07-18,00,41,57,614546,0.584869,03,1250,0,0,Node 03: Network 3
9674,2025-07-18,00,41,58,566294,0.951748,01,250,0,0,Node 01: Network 3
9675,2025-07-18,00,41,59,031756,0.465462,02,750,0,0,Node 02: Network 3
9676,2025-07-18,00,41,59,612272,0.580516,03,1250,0,0,Node 03: Network 3
9677,2025-07-18,00,42,00,575755,0.963483,01,250,0,0,Node 01: Network 3
9678,2025-07-18,00,42,01,033820,0.458065,02,751,0,0,Node 02: Network 3
9679,2025-07-18,00,42,01,613844,0.580024,03,1250,0,0,Node 03: Network 3
9680,2025-07-18,00,42,02,576415,0.962571,01,250,0,0,Node 01: Network 3
9681,2025-07-18,00,42,03,037096,0.460681,02,750,0,0,Node 02: Network 3
9682,2025-07-18,00,42,03,617597,0.580501,03,1250,0,0,Node 03: Network 3
9683,2025-07-18,00,42,04,577636,0.960039,01,250,0,0,Node 01: Network 3
9684,2025-07-18,00,42,05,162060,0.584424,02,750,0,0,Node 02: Network 3
9685,2025-07-18,00,42,05,618790,0.45673,03,1250,0,0,Node 03: Network 3
9686,2025-07-18,00,42,06,705756,1.086966,01,250,0,0,Node 01: Network 3
9687,2025-07-18,00,42,07,163011,0.457255,02,750,0,0,Node 02: Network 3
9688,2025-07-18,00,42,07,621848,0.458837,03,1250,0,0,Node 03: Network 3
9689,2025-07-18,00,42,08,706972,1.085124,01,250,0,0,Node 01: Network 3
9690,2025-07-18,00,42,09,165205,0.458233,02,750,0,0,Node 02: Network 3
9691,2025-07-18,00,42,09,623349,0.458144,03,1250,0,0,Node 03: Network 3
9692,2025-07-18,00,42,10,706103,1.082754,01,250,0,0,Node 01: Network 3
9693,2025-07-18,00,42,11,167279,0.461176,02,750,0,0,Node 02: Network 3
9694,2025-07-18,00,42,11,626104,0.458825,03,1250,0,0,Node 03: Network 3
9695,2025-07-18,00,42,12,707686,1.081582,01,250,0,0,Node 01: Network 3
9696,2025-07-18,00,42,13,169638,0.461952,02,750,0,0,Node 02: Network 3
9697,2025-07-18,00,42,13,627285,0.457647,03,1250,0,0,Node 03: Network 3
9698,2025-07-18,00,42,14,708393,1.081108,01,250,0,0,Node 01: Network 3
9699,2025-07-18,00,42,15,172436,0.464043,02,751,0,0,Node 02: Network 3
9700,2025-07-18,00,42,15,753868,0.581432,03,1250,0,0,Node 03: Network 3
9701,2025-07-18,00,42,16,229860,0.475992,BB,0,1,0,
9702,2025-07-18,00,42,18,234679,2.004819,BB,0,1,0,
9703,2025-07-18,00,42,18,286636,0.051957,03,1801,0,1,
9704,2025-07-18,00,42,18,299679,0.013043,02,1883,0,1,
9705,2025-07-18,00,42,18,364903,0.065224,01,1841,0,1,
9706,2025-07-18,00,42,18,550924,0.186021,01,250,0,0,Node 01: Network 3
9707,2025-07-18,00,42,19,051434,0.50051,02,750,0,0,Node 02: Network 3
9708,2025-07-18,00,42,19,551946,0.500512,03,1250,0,0,Node 03: Network 3
9709,2025-07-18,00,42,20,594805,1.042859,01,250,0,0,Node 01: Network 3
9710,2025-07-18,00,42,21,053456,0.458651,02,750,0,0,Node 02: Network 3
9711,2025-07-18,00,42,21,556128,0.502672,03,1250,0,0,Node 03: Network 3
9712,2025-07-18,00,42,22,597225,1.041097,01,250,0,0,Node 01: Network 3
9713,2025-07-18,00,42,23,055108,0.457883,02,750,0,0,Node 02: Network 3
9714,2025-07-18,00,42,23,557326,0.502218,03,1250,0,0,Node 03: Network 3
9715,2025-07-18,00,42,24,598007,1.040681,01,250,0,0,Node 01: Network 3
9716,2025-07-18,00,42,25,058151,0.460144,02,750,0,0,Node 02: Network 3
9717,2025-07-18,00,42,25,560268,0.502117,03,1250,0,0,Node 03: Network 3
9718,2025-07-18,00,42,26,602326,1.042058,01,250,0,0,Node 01: Network 3
9719,2025-07-18,00,42,27,059862,0.457536,02,750,0,0,Node 02: Network 3
9720,2025-07-18,00,42,27,561146,0.501284,03,1250,0,0,Node 03: Network 3
9721,2025-07-18,00,42,28,602209,1.041063,01,250,0,0,Node 01: Network 3
9722,2025-07-18,00,42,29,061434,0.459225,02,750,0,0,Node 02: Network 3
9723,2025-07-18,00,42,29,563489,0.502055,03,1250,0,0,Node 03: Network 3
9724,2025-07-18,00,42,30,603658,1.040169,01,250,0,0,Node 01: Network 3
9725,2025-07-18,00,42,31,062614,0.458956,02,750,0,0,Node 02: Network 3
9726,2025-07-18,00,42,31,566230,0.503616,03,1250,0,0,Node 03: Network 3
9727,2025-07-18,00,42,32,603864,1.037634,01,250,0,0,Node 01: Network 3
9728,2025-07-18,00,42,33,065336,0.461472,02,750,0,0,Node 02: Network 3
9729,2025-07-18,00,42,33,649781,0.584445,03,1250,0,0,Node 03: Network 3
9730,2025-07-18,00,42,34,604860,0.955079,01,250,0,0,Node 01: Network 3
9731,2025-07-18,00,42,35,193697,0.588837,02,750,0,0,Node 02: Network 3
9732,2025-07-18,00,42,35,652493,0.458796,03,1250,0,0,Node 03: Network 3
9733,2025-07-18,00,42,36,605174,0.952681,01,250,0,0,Node 01: Network 3
9734,2025-07-18,00,42,37,196038,0.590864,02,750,0,0,Node 02: Network 3
9735,2025-07-18,00,42,37,655561,0.459523,03,1250,0,0,Node 03: Network 3
9736,2025-07-18,00,42,38,606357,0.950796,01,250,0,0,Node 01: Network 3
9737,2025-07-18,00,42,39,656583,1.050226,03,1250,0,0,Node 03: Network 3
9738,2025-07-18,00,42,40,605892,0.949309,01,250,0,0,Node 01: Network 3
9739,2025-07-18,00,42,41,201654,0.595762,02,750,0,0,Node 02: Network 3
9740,2025-07-18,00,42,41,659969,0.458315,03,1250,0,0,Node 03: Network 3
9741,2025-07-18,00,42,42,746089,1.08612,01,250,0,0,Node 01: Network 3
9742,2025-07-18,00,42,43,204816,0.458727,02,750,0,0,Node 02: Network 3
9743,2025-07-18,00,42,43,661533,0.456717,03,1250,0,0,Node 03: Network 3
9744,2025-07-18,00,42,44,746054,1.084521,01,250,0,0,Node 01: Network 3
9745,2025-07-18,00,42,45,206529,0.460475,02,750,0,0,Node 02: Network 3
9746,2025-07-18,00,42,46,748525,1.541996,01,250,0,0,Node 01: Network 3
9747,2025-07-18,00,42,47,207838,0.459313,02,750,0,0,Node 02: Network 3
9748,2025-07-18,00,42,47,439025,0.231187,BB,0,1,0,
9749,2025-07-18,00,42,47,506848,0.067823,BB,0,1,0,01:1740:0:1
9750,2025-07-18,00,42,47,554367,0.047519,03,1037,0,1,
9751,2025-07-18,00,42,47,581964,0.027597,02,1737,0,1,1738:0:1
9752,2025-07-18,00,42,47,595534,0.01357,02,1120,0,1,
9753,2025-07-18,00,42,47,628572,0.033038,02,750,0,0,Node 02: Network 3
9754,2025-07-18,00,42,47,642083,0.013511,01,1081,0,1,
9755,2025-07-18,00,42,47,701249,0.059166,03,1250,0,0,Node 03: Network 3
9756,2025-07-18,00,42,47,912891,0.211642,01,250,0,0,Node 01: Network 3
9757,2025-07-18,00,42,47,945965,0.033074,02,750,0,0,Node 02: Network 3
9758,2025-07-18,00,42,48,014499,0.068534,03,1250,0,0,Node 03: Network 3
9759,2025-07-18,00,42,48,070206,0.055707,01,250,0,0,Node 01: Network 3
9760,2025-07-18,00,42,48,180401,0.110195,02,750,0,0,Node 02: Network 3
9761,2025-07-18,00,42,48,217709,0.037308,03,1250,0,0,Node 03: Network 3
9762,2025-07-18,00,42,48,284048,0.066339,01,251,0,0,Node 01: Network 3
9763,2025-07-18,00,42,48,339085,0.055037,BB,0,1,0,
9764,2025-07-18,00,42,48,381286,0.042201,02,750,0,0,Node 02: Network 3
9765,2025-07-18,00,42,48,414899,0.033613,02,750,0,0,Node 02: Network 3
9766,2025-07-18,00,42,48,508892,0.093993,03,1250,0,0,Node 03: Network 3
9767,2025-07-18,00,42,48,541118,0.032226,02,780,0,0,Node 02: Network 3
9768,2025-07-18,00,42,48,889443,0.348325,03,1250,0,0,Node 03: Network 3
9769,2025-07-18,00,42,49,926545,1.037102,01,250,0,0,Node 01: Network 3
9770,2025-07-18,00,42,50,051577,0.125032,02,750,0,0,Node 02: Network 3
9771,2025-07-18,00,42,50,304103,0.252526,BB,0,1,0,
9772,2025-07-18,00,42,52,309430,2.005327,BB,0,1,0,
9773,2025-07-18,00,42,52,352489,0.043059,03,659,0,1,
9774,2025-07-18,00,42,52,375566,0.023077,01,705,0,1,
9775,2025-07-18,00,42,52,415582,0.040016,02,1078,0,1,
9776,2025-07-18,00,42,52,624734,0.209152,01,250,0,0,Node 01: Network 3
9777,2025-07-18,00,42,53,126139,0.501405,02,750,0,0,Node 02: Network 3
9778,2025-07-18,00,42,53,627902,0.501763,03,1250,0,0,Node 03: Network 3
9779,2025-07-18,00,42,54,625933,0.998031,01,250,0,0,Node 01: Network 3
9780,2025-07-18,00,42,55,128219,0.502286,02,750,0,0,Node 02: Network 3
9781,2025-07-18,00,42,55,631013,0.502794,03,1250,0,0,Node 03: Network 3
9782,2025-07-18,00,42,56,626241,0.995228,01,250,0,0,Node 01: Network 3
9783,2025-07-18,00,42,57,129359,0.503118,02,750,0,0,Node 02: Network 3
9784,2025-07-18,00,42,57,674967,0.545608,03,1250,0,0,Node 03: Network 3
9785,2025-07-18,00,42,58,627343,0.952376,01,250,0,0,Node 01: Network 3
9786,2025-07-18,00,42,59,131577,0.504234,02,750,0,0,Node 02: Network 3
9787,2025-07-18,00,42,59,677324,0.545747,03,1250,0,0,Node 03: Network 3
9788,2025-07-18,00,43,00,626642,0.949318,01,250,0,0,Node 01: Network 3
9789,2025-07-18,00,43,01,132374,0.505732,02,750,0,0,Node 02: Network 3
9790,2025-07-18,00,43,01,673798,0.541424,03,1250,0,0,Node 03: Network 3
9791,2025-07-18,00,43,02,629377,0.955579,01,251,0,0,Node 01: Network 3
9792,2025-07-18,00,43,03,135805,0.506428,02,750,0,0,Node 02: Network 3
9793,2025-07-18,00,43,03,675567,0.539762,03,1250,0,0,Node 03: Network 3
9794,2025-07-18,00,43,04,629364,0.953797,01,250,0,0,Node 01: Network 3
9795,2025-07-18,00,43,05,138251,0.508887,02,750,0,0,Node 02: Network 3
9796,2025-07-18,00,43,05,679111,0.54086,03,1250,0,0,Node 03: Network 3
9797,2025-07-18,00,43,06,629678,0.950567,01,250,0,0,Node 01: Network 3
9798,2025-07-18,00,43,07,139580,0.509902,02,750,0,0,Node 02: Network 3
9799,2025-07-18,00,43,07,680593,0.541013,03,1250,0,0,Node 03: Network 3
9800,2025-07-18,00,43,08,631192,0.950599,01,250,0,0,Node 01: Network 3
9801,2025-07-18,00,43,09,141840,0.510648,02,750,0,0,Node 02: Network 3
9802,2025-07-18,00,43,09,683122,0.541282,03,1250,0,0,Node 03: Network 3
9803,2025-07-18,00,43,10,686674,1.003552,01,250,0,0,Node 01: Network 3
9804,2025-07-18,00,43,11,143683,0.457009,02,750,0,0,Node 02: Network 3
9805,2025-07-18,00,43,11,684870,0.541187,03,1250,0,0,Node 03: Network 3
9806,2025-07-18,00,43,12,687333,1.002463,01,250,0,0,Node 01: Network 3
9807,2025-07-18,00,43,13,145915,0.458582,02,750,0,0,Node 02: Network 3
9808,2025-07-18,00,43,13,687007,0.541092,03,1250,0,0,Node 03: Network 3
9809,2025-07-18,00,43,14,687458,1.000451,01,250,0,0,Node 01: Network 3
9810,2025-07-18,00,43,15,147628,0.46017,02,750,0,0,Node 02: Network 3
9811,2025-07-18,00,43,15,688633,0.541005,03,1250,0,0,Node 03: Network 3
9812,2025-07-18,00,43,16,688462,0.999829,01,250,0,0,Node 01: Network 3
9813,2025-07-18,00,43,17,232920,0.544458,02,750,0,0,Node 02: Network 3
9814,2025-07-18,00,43,17,691425,0.458505,03,1250,0,0,Node 03: Network 3
9815,2025-07-18,00,43,18,689183,0.997758,01,250,0,0,Node 01: Network 3
9816,2025-07-18,00,43,19,235714,0.546531,02,750,0,0,Node 02: Network 3
9817,2025-07-18,00,43,19,693156,0.457442,03,1250,0,0,Node 03: Network 3
9818,2025-07-18,00,43,20,689381,0.996225,01,250,0,0,Node 01: Network 3
9819,2025-07-18,00,43,21,237348,0.547967,02,750,0,0,Node 02: Network 3
9820,2025-07-18,00,43,21,696573,0.459225,03,1250,0,0,Node 03: Network 3
9821,2025-07-18,00,43,22,781290,1.084717,01,250,0,0,Node 01: Network 3
9822,2025-07-18,00,43,23,238574,0.457284,02,750,0,0,Node 02: Network 3
9823,2025-07-18,00,43,23,698342,0.459768,03,1250,0,0,Node 03: Network 3
9824,2025-07-18,00,43,24,781365,1.083023,01,250,0,0,Node 01: Network 3
9825,2025-07-18,00,43,25,241874,0.460509,02,750,0,0,Node 02: Network 3
9826,2025-07-18,00,43,25,699618,0.457744,03,1250,0,0,Node 03: Network 3
9827,2025-07-18,00,43,26,783447,1.083829,01,250,0,0,Node 01: Network 3
9828,2025-07-18,00,43,27,244469,0.461022,02,750,0,0,Node 02: Network 3
9829,2025-07-18,00,43,27,702699,0.45823,03,1250,0,0,Node 03: Network 3
9830,2025-07-18,00,43,28,784573,1.081874,01,250,0,0,Node 01: Network 3
9831,2025-07-18,00,43,29,246036,0.461463,02,750,0,0,Node 02: Network 3
9832,2025-07-18,00,43,29,704230,0.458194,03,1250,0,0,Node 03: Network 3
9833,2025-07-18,00,43,30,784820,1.08059,01,250,0,0,Node 01: Network 3
9834,2025-07-18,00,43,31,247258,0.462438,02,750,0,0,Node 02: Network 3
9835,2025-07-18,00,43,31,706229,0.458971,03,1250,0,0,Node 03: Network 3
9836,2025-07-18,00,43,32,785845,1.079616,01,250,0,0,Node 01: Network 3
9837,2025-07-18,00,43,33,249716,0.463871,02,750,0,0,Node 02: Network 3
9838,2025-07-18,00,43,33,708314,0.458598,03,1250,0,0,Node 03: Network 3
9839,2025-07-18,00,43,34,784845,1.076531,01,250,0,0,Node 01: Network 3
9840,2025-07-18,00,43,35,253152,0.468307,02,751,0,0,Node 02: Network 3
9841,2025-07-18,00,43,35,710409,0.457257,03,1250,0,0,Node 03: Network 3
9842,2025-07-18,00,43,36,786363,1.075954,01,250,0,0,Node 01: Network 3
9843,2025-07-18,00,43,37,254693,0.46833,02,750,0,0,Node 02: Network 3
9844,2025-07-18,00,43,37,738261,0.483568,03,1250,0,0,Node 03: Network 3
9845,2025-07-18,00,43,38,787248,1.048987,01,250,0,0,Node 01: Network 3
9846,2025-07-18,00,43,39,256297,0.469049,02,750,0,0,Node 02: Network 3
9847,2025-07-18,00,43,39,715257,0.45896,03,1250,0,0,Node 03: Network 3
9848,2025-07-18,00,43,40,788155,1.072898,01,250,0,0,Node 01: Network 3
9849,2025-07-18,00,43,41,259398,0.471243,02,750,0,0,Node 02: Network 3
9850,2025-07-18,00,43,41,716971,0.457573,03,1250,0,0,Node 03: Network 3
9851,2025-07-18,00,43,42,789416,1.072445,01,250,0,0,Node 01: Network 3
9852,2025-07-18,00,43,43,262568,0.473152,02,750,0,0,Node 02: Network 3
9853,2025-07-18,00,43,43,719872,0.457304,03,1250,0,0,Node 03: Network 3
9854,2025-07-18,00,43,44,789862,1.06999,01,250,0,0,Node 01: Network 3
9855,2025-07-18,00,43,45,263818,0.473956,02,750,0,0,Node 02: Network 3
9856,2025-07-18,00,43,45,721527,0.457709,03,1250,0,0,Node 03: Network 3
9857,2025-07-18,00,43,46,790168,1.068641,01,250,0,0,Node 01: Network 3
9858,2025-07-18,00,43,47,265230,0.475062,02,750,0,0,Node 02: Network 3
9859,2025-07-18,00,43,47,724011,0.458781,03,1250,0,0,Node 03: Network 3
9860,2025-07-18,00,43,48,791482,1.067471,01,250,0,0,Node 01: Network 3
9861,2025-07-18,00,43,49,267026,0.475544,02,750,0,0,Node 02: Network 3
9862,2025-07-18,00,43,49,726067,0.459041,03,1250,0,0,Node 03: Network 3
9863,2025-07-18,00,43,50,813089,1.087022,01,250,0,0,Node 01: Network 3
9864,2025-07-18,00,43,51,269710,0.456621,02,750,0,0,Node 02: Network 3
9865,2025-07-18,00,43,51,728008,0.458298,03,1250,0,0,Node 03: Network 3
9866,2025-07-18,00,43,52,814572,1.086564,01,250,0,0,Node 01: Network 3
9867,2025-07-18,00,43,53,272874,0.458302,02,750,0,0,Node 02: Network 3
9868,2025-07-18,00,43,53,730970,0.458096,03,1250,0,0,Node 03: Network 3
9869,2025-07-18,00,43,54,815622,1.084652,01,250,0,0,Node 01: Network 3
9870,2025-07-18,00,43,55,274789,0.459167,02,750,0,0,Node 02: Network 3
9871,2025-07-18,00,43,55,732024,0.457235,03,1250,0,0,Node 03: Network 3
9872,2025-07-18,00,43,56,776050,1.044026,01,250,0,0,Node 01: Network 3
9873,2025-07-18,00,43,57,275825,0.499775,02,750,0,0,Node 02: Network 3
9874,2025-07-18,00,43,57,734768,0.458943,03,1250,0,0,Node 03: Network 3
9875,2025-07-18,00,43,58,821002,1.086234,01,250,0,0,Node 01: Network 3
9876,2025-07-18,00,43,59,278979,0.457977,02,750,0,0,Node 02: Network 3
9877,2025-07-18,00,43,59,736844,0.457865,03,1250,0,0,Node 03: Network 3
9878,2025-07-18,00,44,00,820573,1.083729,01,250,0,0,Node 01: Network 3
9879,2025-07-18,00,44,01,280978,0.460405,02,750,0,0,Node 02: Network 3
9880,2025-07-18,00,44,01,739456,0.458478,03,1250,0,0,Node 03: Network 3
9881,2025-07-18,00,44,02,822221,1.082765,01,250,0,0,Node 01: Network 3
9882,2025-07-18,00,44,03,282617,0.460396,02,750,0,0,Node 02: Network 3
9883,2025-07-18,00,44,03,740670,0.458053,03,1250,0,0,Node 03: Network 3
9884,2025-07-18,00,44,04,828251,1.087581,01,250,0,0,Node 01: Network 3
9885,2025-07-18,00,44,05,285069,0.456818,02,750,0,0,Node 02: Network 3
9886,2025-07-18,00,44,05,874043,0.588974,03,1250,0,0,Node 03: Network 3
9887,2025-07-18,00,44,06,827669,0.953626,01,250,0,0,Node 01: Network 3
9888,2025-07-18,00,44,07,286011,0.458342,02,750,0,0,Node 02: Network 3
9889,2025-07-18,00,44,07,874589,0.588578,03,1250,0,0,Node 03: Network 3
9890,2025-07-18,00,44,08,829193,0.954604,01,250,0,0,Node 01: Network 3
9891,2025-07-18,00,44,09,290396,0.461203,02,750,0,0,Node 02: Network 3
9892,2025-07-18,00,44,09,876972,0.586576,03,1250,0,0,Node 03: Network 3
9893,2025-07-18,00,44,10,830154,0.953182,01,250,0,0,Node 01: Network 3
9894,2025-07-18,00,44,11,291272,0.461118,02,750,0,0,Node 02: Network 3
9895,2025-07-18,00,44,11,877448,0.586176,03,1250,0,0,Node 03: Network 3
9896,2025-07-18,00,44,12,830343,0.952895,01,250,0,0,Node 01: Network 3
9897,2025-07-18,00,44,13,292831,0.462488,02,750,0,0,Node 02: Network 3
9898,2025-07-18,00,44,13,879218,0.586387,03,1250,0,0,Node 03: Network 3
9899,2025-07-18,00,44,14,838535,0.959317,01,250,0,0,Node 01: Network 3
9900,2025-07-18,00,44,15,295507,0.456972,02,750,0,0,Node 02: Network 3
9901,2025-07-18,00,44,15,881611,0.586104,03,1250,0,0,Node 03: Network 3
9902,2025-07-18,00,44,16,840287,0.958676,01,250,0,0,Node 01: Network 3
9903,2025-07-18,00,44,17,426559,0.586272,02,750,0,0,Node 02: Network 3
9904,2025-07-18,00,44,17,883134,0.456575,03,1250,0,0,Node 03: Network 3
9905,2025-07-18,00,44,18,841660,0.958526,01,250,0,0,Node 01: Network 3
9906,2025-07-18,00,44,19,428439,0.586779,02,750,0,0,Node 02: Network 3
9907,2025-07-18,00,44,19,884648,0.456209,03,1250,0,0,Node 03: Network 3
9908,2025-07-18,00,44,20,840858,0.95621,01,250,0,0,Node 01: Network 3
9909,2025-07-18,00,44,21,429705,0.588847,02,750,0,0,Node 02: Network 3
9910,2025-07-18,00,44,21,887106,0.457401,03,1250,0,0,Node 03: Network 3
9911,2025-07-18,00,44,22,974005,1.086899,01,250,0,0,Node 01: Network 3
9912,2025-07-18,00,44,23,432246,0.458241,02,750,0,0,Node 02: Network 3
9913,2025-07-18,00,44,23,890532,0.458286,03,1250,0,0,Node 03: Network 3
9914,2025-07-18,00,44,24,974504,1.083972,01,250,0,0,Node 01: Network 3
9915,2025-07-18,00,44,25,434405,0.459901,02,750,0,0,Node 02: Network 3
9916,2025-07-18,00,44,25,892468,0.458063,03,1250,0,0,Node 03: Network 3
9917,2025-07-18,00,44,26,979521,1.087053,01,250,0,0,Node 01: Network 3
9918,2025-07-18,00,44,27,436726,0.457205,02,750,0,0,Node 02: Network 3
9919,2025-07-18,00,44,27,895407,0.458681,03,1250,0,0,Node 03: Network 3
9920,2025-07-18,00,44,28,981491,1.086084,01,250,0,0,Node 01: Network 3
9921,2025-07-18,00,44,29,440373,0.458882,02,750,0,0,Node 02: Network 3
9922,2025-07-18,00,44,30,027854,0.587481,03,1250,0,0,Node 03: Network 3
9923,2025-07-18,00,44,30,523755,0.495901,BB,0,1,0,
9924,2025-07-18,00,44,32,527782,2.004027,BB,0,1,0,
9925,2025-07-18,00,44,32,566790,0.039008,01,1868,0,1,
9926,2025-07-18,00,44,32,602373,0.035583,03,1822,0,1,
9927,2025-07-18,00,44,32,616489,0.014116,02,1908,0,1,
9928,2025-07-18,00,44,32,843513,0.227024,01,250,0,0,Node 01: Network 3
9929,2025-07-18,00,44,33,344535,0.501022,02,750,0,0,Node 02: Network 3
9930,2025-07-18,00,44,33,847378,0.502843,03,1250,0,0,Node 03: Network 3
9931,2025-07-18,00,44,34,844412,0.997034,01,250,0,0,Node 01: Network 3
9932,2025-07-18,00,44,35,346742,0.50233,02,750,0,0,Node 02: Network 3
9933,2025-07-18,00,44,35,848924,0.502182,03,1250,0,0,Node 03: Network 3
9934,2025-07-18,00,44,36,844916,0.995992,01,250,0,0,Node 01: Network 3
9935,2025-07-18,00,44,37,348168,0.503252,02,750,0,0,Node 02: Network 3
9936,2025-07-18,00,44,37,852339,0.504171,03,1250,0,0,Node 03: Network 3
9937,2025-07-18,00,44,38,893712,1.041373,01,250,0,0,Node 01: Network 3
9938,2025-07-18,00,44,39,350568,0.456856,02,750,0,0,Node 02: Network 3
9939,2025-07-18,00,44,39,853088,0.50252,03,1250,0,0,Node 03: Network 3
9940,2025-07-18,00,44,40,894804,1.041716,01,250,0,0,Node 01: Network 3
9941,2025-07-18,00,44,41,352445,0.457641,02,750,0,0,Node 02: Network 3
9942,2025-07-18,00,44,41,856457,0.504012,03,1250,0,0,Node 03: Network 3
9943,2025-07-18,00,44,42,897413,1.040956,01,250,0,0,Node 01: Network 3
9944,2025-07-18,00,44,43,355216,0.457803,02,750,0,0,Node 02: Network 3
9945,2025-07-18,00,44,43,857123,0.501907,03,1250,0,0,Node 03: Network 3
9946,2025-07-18,00,44,44,898804,1.041681,01,250,0,0,Node 01: Network 3
9947,2025-07-18,00,44,45,357307,0.458503,02,750,0,0,Node 02: Network 3
9948,2025-07-18,00,44,45,945403,0.588096,03,1250,0,0,Node 03: Network 3
9949,2025-07-18,00,44,46,900383,0.95498,01,250,0,0,Node 01: Network 3
9950,2025-07-18,00,44,47,358322,0.457939,02,750,0,0,Node 02: Network 3
9951,2025-07-18,00,44,47,945738,0.587416,03,1250,0,0,Node 03: Network 3
9952,2025-07-18,00,44,48,901485,0.955747,01,250,0,0,Node 01: Network 3
9953,2025-07-18,00,44,49,360051,0.458566,02,750,0,0,Node 02: Network 3
9954,2025-07-18,00,44,49,949536,0.589485,03,1250,0,0,Node 03: Network 3
9955,2025-07-18,00,44,50,901468,0.951932,01,250,0,0,Node 01: Network 3
9956,2025-07-18,00,44,51,362225,0.460757,02,750,0,0,Node 02: Network 3
9957,2025-07-18,00,44,51,952224,0.589999,03,1251,0,0,Node 03: Network 3
9958,2025-07-18,00,44,52,902794,0.95057,01,250,0,0,Node 01: Network 3
9959,2025-07-18,00,44,53,365435,0.462641,02,750,0,0,Node 02: Network 3
9960,2025-07-18,00,44,53,950613,0.585178,03,1250,0,0,Node 03: Network 3
9961,2025-07-18,00,44,54,909651,0.959038,01,250,0,0,Node 01: Network 3
9962,2025-07-18,00,44,55,282002,0.372351,BB,0,1,0,02:750:0:0:Node 02: Network 3
9963,2025-07-18,00,44,55,322469,0.040467,BB,0,1,0,
9964,2025-07-18,00,44,55,392206,0.069737,BB,0,1,0,03:659:0:1
9965,2025-07-18,00,44,55,404566,0.01236,03,696,0,1,
9966,2025-07-18,00,44,55,416913,0.012347,02,778,0,1,
9967,2025-07-18,00,44,55,445039,0.028126,01,705,0,1,02:1078:0:1
9968,2025-07-18,00,44,55,462134,0.017095,01,737,0,1,
9969,2025-07-18,00,44,55,510114,0.04798,01,250,0,0,Node 01: Network 3
9970,2025-07-18,00,44,55,604636,0.094522,02,750,0,0,Node 02: Network 3
9971,2025-07-18,00,44,55,709278,0.104642,02,780,0,0,Node 02: Network 3
9972,2025-07-18,00,44,55,748780,0.039502,03,1250,0,0,Node 03: Network 3
9973,2025-07-18,00,44,55,781312,0.032532,01,280,0,0,Node 01: Network 3
9974,2025-07-18,00,44,55,838371,0.057059,02,750,0,0,Node 02: Network 3
9975,2025-07-18,00,44,55,884130,0.045759,01,250,0,0,Node 01: Network 3
9976,2025-07-18,00,44,55,963348,0.079218,02,750,0,0,Node 02: Network 3
9977,2025-07-18,00,44,56,003448,0.0401,01,250,0,0,Node 01: Network 3
9978,2025-07-18,00,44,56,052060,0.048612,03,1250,0,0,Node 03: Network 3
9979,2025-07-18,00,44,56,158316,0.106256,02,779,0,0,Node 02: Network 3
9980,2025-07-18,00,44,56,259642,0.101326, 01, Network 3,,,
9981,2025-07-18,00,44,56,310377,0.050735,02,750,0,0,Node 02: Network 3
9982,2025-07-18,00,44,56,557406,0.247029,01,250,0,0,Node03:1250:0:0:Node 03: Network 3
9983,2025-07-18,00,44,56,590440,0.033034,BB,0,1,0,
9984,2025-07-18,00,45,00,589115,3.998675,BB,0,1,0,
9985,2025-07-18,00,45,00,648093,0.058978,03,1353,0,1,
9986,2025-07-18,00,45,00,661633,0.01354,02,1353,0,1,
9987,2025-07-18,00,45,00,675207,0.013574,01,1358,0,1,
9988,2025-07-18,00,45,00,905092,0.229885,01,250,0,0,Node 01: Network 3
9989,2025-07-18,00,45,01,404650,0.499558,02,750,0,0,Node 02: Network 3
9990,2025-07-18,00,45,01,950735,0.546085,03,1250,0,0,Node 03: Network 3
9991,2025-07-18,00,45,02,949220,0.998485,01,251,0,0,Node 01: Network 3
9992,2025-07-18,00,45,03,407597,0.458377,02,750,0,0,Node 02: Network 3
9993,2025-07-18,00,45,03,954688,0.547091,03,1251,0,0,Node 03: Network 3
9994,2025-07-18,00,45,04,950416,0.995728,01,250,0,0,Node 01: Network 3
9995,2025-07-18,00,45,05,410404,0.459988,02,750,0,0,Node 02: Network 3
9996,2025-07-18,00,45,05,956154,0.54575,03,1250,0,0,Node 03: Network 3
9997,2025-07-18,00,45,06,950118,0.993964,01,250,0,0,Node 01: Network 3
9998,2025-07-18,00,45,07,412276,0.462158,02,750,0,0,Node 02: Network 3
9999,2025-07-18,00,45,07,958946,0.54667,03,1250,0,0,Node 03: Network 3
10000,2025-07-18,00,45,08,950937,0.991991,01,250,0,0,Node 01: Network 3
10001,2025-07-18,00,45,09,495047,0.54411,02,750,0,0,Node 02: Network 3
10002,2025-07-18,00,45,09,959999,0.464952,03,1250,0,0,Node 03: Network 3
10003,2025-07-18,00,45,10,952035,0.992036,01,250,0,0,Node 01: Network 3
10004,2025-07-18,00,45,11,496434,0.544399,02,750,0,0,Node 02: Network 3
10005,2025-07-18,00,45,11,962398,0.465964,03,1250,0,0,Node 03: Network 3
10006,2025-07-18,00,45,12,951936,0.989538,01,250,0,0,Node 01: Network 3
10007,2025-07-18,00,45,13,498348,0.546412,02,750,0,0,Node 02: Network 3
10008,2025-07-18,00,45,13,965130,0.466782,03,1250,0,0,Node 03: Network 3
10009,2025-07-18,00,45,14,952817,0.987687,01,250,0,0,Node 01: Network 3
10010,2025-07-18,00,45,15,509235,0.556418,02,750,0,0,Node 02: Network 3
10011,2025-07-18,00,45,15,966393,0.457158,03,1250,0,0,Node 03: Network 3
10012,2025-07-18,00,45,16,953633,0.98724,01,250,0,0,Node 01: Network 3
10013,2025-07-18,00,45,17,498134,0.544501,02,750,0,0,Node 02: Network 3
10014,2025-07-18,00,45,18,000305,0.502171,03,1250,0,0,Node 03: Network 3
10015,2025-07-18,00,45,18,954631,0.954326,01,251,0,0,Node 01: Network 3
10016,2025-07-18,00,45,19,501038,0.546407,02,750,0,0,Node 02: Network 3
10017,2025-07-18,00,45,20,002414,0.501376,03,1250,0,0,Node 03: Network 3
10018,2025-07-18,00,45,20,954996,0.952582,01,250,0,0,Node 01: Network 3
10019,2025-07-18,00,45,21,502692,0.547696,02,750,0,0,Node 02: Network 3
10020,2025-07-18,00,45,22,004637,0.501945,03,1250,0,0,Node 03: Network 3
10021,2025-07-18,00,45,23,048108,1.043471,01,250,0,0,Node 01: Network 3
10022,2025-07-18,00,45,23,504489,0.456381,02,750,0,0,Node 02: Network 3
10023,2025-07-18,00,45,24,095870,0.591381,03,1250,0,0,Node 03: Network 3
10024,2025-07-18,00,45,25,049098,0.953228,01,250,0,0,Node 01: Network 3
10025,2025-07-18,00,45,25,505993,0.456895,02,750,0,0,Node 02: Network 3
10026,2025-07-18,00,45,26,097660,0.591667,03,1250,0,0,Node 03: Network 3
10027,2025-07-18,00,45,27,049478,0.951818,01,250,0,0,Node 01: Network 3
10028,2025-07-18,00,45,27,507966,0.458488,02,750,0,0,Node 02: Network 3
10029,2025-07-18,00,45,28,100189,0.592223,03,1250,0,0,Node 03: Network 3
10030,2025-07-18,00,45,29,050587,0.950398,01,250,0,0,Node 01: Network 3
10031,2025-07-18,00,45,29,509281,0.458694,02,750,0,0,Node 02: Network 3
10032,2025-07-18,00,45,30,101694,0.592413,03,1250,0,0,Node 03: Network 3
10033,2025-07-18,00,45,31,050600,0.948906,01,250,0,0,Node 01: Network 3
10034,2025-07-18,00,45,31,511472,0.460872,02,750,0,0,Node 02: Network 3
10035,2025-07-18,00,45,32,104529,0.593057,03,1250,0,0,Node 03: Network 3
10036,2025-07-18,00,45,33,051710,0.947181,01,250,0,0,Node 01: Network 3
10037,2025-07-18,00,45,33,515467,0.463757,02,750,0,0,Node 02: Network 3
10038,2025-07-18,00,45,34,061412,0.545945,03,1250,0,0,Node 03: Network 3
10039,2025-07-18,00,45,35,051536,0.990124,01,250,0,0,Node 01: Network 3
10040,2025-07-18,00,45,35,594496,0.54296,02,750,0,0,Node 02: Network 3
10041,2025-07-18,00,45,36,064542,0.470046,03,1250,0,0,Node 03: Network 3
10042,2025-07-18,00,45,37,053343,0.988801,01,250,0,0,Node 01: Network 3
10043,2025-07-18,00,45,37,597940,0.544597,02,750,0,0,Node 02: Network 3
10044,2025-07-18,00,45,38,065750,0.46781,03,1250,0,0,Node 03: Network 3
10045,2025-07-18,00,45,39,053867,0.988117,01,250,0,0,Node 01: Network 3
10046,2025-07-18,00,45,39,599212,0.545345,02,750,0,0,Node 02: Network 3
10047,2025-07-18,00,45,40,067915,0.468703,03,1250,0,0,Node 03: Network 3
10048,2025-07-18,00,45,41,054016,0.986101,01,250,0,0,Node 01: Network 3
10049,2025-07-18,00,45,41,611569,0.557553,02,750,0,0,Node 02: Network 3
10050,2025-07-18,00,45,42,069468,0.457899,03,1250,0,0,Node 03: Network 3
10051,2025-07-18,00,45,43,055716,0.986248,01,250,0,0,Node 01: Network 3
10052,2025-07-18,00,45,43,614479,0.558763,02,750,0,0,Node 02: Network 3
10053,2025-07-18,00,45,44,102388,0.487909,03,1250,0,0,Node 03: Network 3
10054,2025-07-18,00,45,45,146202,1.043814,01,250,0,0,Node 01: Network 3
10055,2025-07-18,00,45,45,616563,0.470361,02,750,0,0,Node 02: Network 3
10056,2025-07-18,00,45,46,194076,0.577513,03,1250,0,0,Node 03: Network 3
10057,2025-07-18,00,45,46,690235,0.496159,BB,0,1,0,
10058,2025-07-18,00,45,48,694614,2.004379,BB,0,1,0,
10059,2025-07-18,00,45,48,759122,0.064508,01,1871,0,1,
10060,2025-07-18,00,45,48,772702,0.01358,02,1899,0,1,
10061,2025-07-18,00,45,48,837286,0.064584,03,1824,0,1,
10062,2025-07-18,00,45,49,010888,0.173602,01,250,0,0,Node 01: Network 3
10063,2025-07-18,00,45,49,510712,0.499824,02,750,0,0,Node 02: Network 3
10064,2025-07-18,00,45,50,014467,0.503755,03,1250,0,0,Node 03: Network 3
10065,2025-07-18,00,45,51,011496,0.997029,01,250,0,0,Node 01: Network 3
10066,2025-07-18,00,45,51,513195,0.501699,02,750,0,0,Node 02: Network 3
10067,2025-07-18,00,45,52,017111,0.503916,03,1250,0,0,Node 03: Network 3
10068,2025-07-18,00,45,53,013144,0.996033,01,250,0,0,Node 01: Network 3
10069,2025-07-18,00,45,53,515135,0.501991,02,750,0,0,Node 02: Network 3
10070,2025-07-18,00,45,54,018832,0.503697,03,1250,0,0,Node 03: Network 3
10071,2025-07-18,00,45,55,013426,0.994594,01,250,0,0,Node 01: Network 3
10072,2025-07-18,00,45,55,517649,0.504223,02,750,0,0,Node 02: Network 3
10073,2025-07-18,00,45,56,022060,0.504411,03,1251,0,0,Node 03: Network 3
10074,2025-07-18,00,45,57,013610,0.99155,01,250,0,0,Node 01: Network 3
10075,2025-07-18,00,45,57,518052,0.504442,02,750,0,0,Node 02: Network 3
10076,2025-07-18,00,45,58,023391,0.505339,03,1250,0,0,Node 03: Network 3
10077,2025-07-18,00,45,59,015265,0.991874,01,250,0,0,Node 01: Network 3
10078,2025-07-18,00,45,59,522199,0.506934,02,750,0,0,Node 02: Network 3
10079,2025-07-18,00,46,00,025765,0.503566,03,1250,0,0,Node 03: Network 3
10080,2025-07-18,00,46,01,015229,0.989464,01,250,0,0,Node 01: Network 3
10081,2025-07-18,00,46,01,523670,0.508441,02,750,0,0,Node 02: Network 3
10082,2025-07-18,00,46,02,028215,0.504545,03,1250,0,0,Node 03: Network 3
10083,2025-07-18,00,46,03,015863,0.987648,01,250,0,0,Node 01: Network 3
10084,2025-07-18,00,46,03,524806,0.508943,02,750,0,0,Node 02: Network 3
10085,2025-07-18,00,46,04,030158,0.505352,03,1250,0,0,Node 03: Network 3
10086,2025-07-18,00,46,05,015300,0.985142,01,250,0,0,Node 01: Network 3
10087,2025-07-18,00,46,05,526838,0.511538,02,750,0,0,Node 02: Network 3
10088,2025-07-18,00,46,06,032135,0.505297,03,1250,0,0,Node 03: Network 3
10089,2025-07-18,00,46,07,016920,0.984785,01,250,0,0,Node 01: Network 3
10090,2025-07-18,00,46,07,575757,0.558837,02,750,0,0,Node 02: Network 3
10091,2025-07-18,00,46,08,034142,0.458385,03,1250,0,0,Node 03: Network 3
10092,2025-07-18,00,46,09,018287,0.984145,01,250,0,0,Node 01: Network 3
10093,2025-07-18,00,46,09,578450,0.560163,02,750,0,0,Node 02: Network 3
10094,2025-07-18,00,46,10,036668,0.458218,03,1250,0,0,Node 03: Network 3
10095,2025-07-18,00,46,11,019071,0.982403,01,250,0,0,Node 01: Network 3
10096,2025-07-18,00,46,11,579267,0.560196,02,750,0,0,Node 02: Network 3
10097,2025-07-18,00,46,12,039288,0.460021,03,1251,0,0,Node 03: Network 3
10098,2025-07-18,00,46,13,019866,0.980578,01,250,0,0,Node 01: Network 3
10099,2025-07-18,00,46,13,582787,0.562921,02,750,0,0,Node 02: Network 3
10100,2025-07-18,00,46,14,067232,0.484445,03,1250,0,0,Node 03: Network 3
10101,2025-07-18,00,46,15,021026,0.953794,01,250,0,0,Node 01: Network 3
10102,2025-07-18,00,46,15,584536,0.56351,02,751,0,0,Node 02: Network 3
10103,2025-07-18,00,46,16,069683,0.485147,03,1250,0,0,Node 03: Network 3
10104,2025-07-18,00,46,17,021314,0.951631,01,250,0,0,Node 01: Network 3
10105,2025-07-18,00,46,17,587178,0.565864,02,750,0,0,Node 02: Network 3
10106,2025-07-18,00,46,18,067064,0.479886,03,1250,0,0,Node 03: Network 3
10107,2025-07-18,00,46,19,021644,0.95458,01,250,0,0,Node 01: Network 3
10108,2025-07-18,00,46,19,588794,0.56715,02,750,0,0,Node 02: Network 3
10109,2025-07-18,00,46,20,069453,0.480659,03,1250,0,0,Node 03: Network 3
10110,2025-07-18,00,46,21,022054,0.952601,01,250,0,0,Node 01: Network 3
10111,2025-07-18,00,46,21,590428,0.568374,02,750,0,0,Node 02: Network 3
10112,2025-07-18,00,46,22,071802,0.481374,03,1250,0,0,Node 03: Network 3
10113,2025-07-18,00,46,23,023227,0.951425,01,250,0,0,Node 01: Network 3
10114,2025-07-18,00,46,23,615677,0.59245,02,750,0,0,Node 02: Network 3
10115,2025-07-18,00,46,24,074950,0.459273,03,1250,0,0,Node 03: Network 3
10116,2025-07-18,00,46,25,024993,0.950043,01,250,0,0,Node 01: Network 3
10117,2025-07-18,00,46,25,618359,0.593366,02,750,0,0,Node 02: Network 3
10118,2025-07-18,00,46,26,075867,0.457508,03,1250,0,0,Node 03: Network 3
10119,2025-07-18,00,46,27,025656,0.949789,01,250,0,0,Node 01: Network 3
10120,2025-07-18,00,46,27,619822,0.594166,02,750,0,0,Node 02: Network 3
10121,2025-07-18,00,46,28,078124,0.458302,03,1250,0,0,Node 03: Network 3
10122,2025-07-18,00,46,29,025776,0.947652,01,250,0,0,Node 01: Network 3
10123,2025-07-18,00,46,29,621055,0.595279,02,750,0,0,Node 02: Network 3
10124,2025-07-18,00,46,30,079926,0.458871,03,1250,0,0,Node 03: Network 3
10125,2025-07-18,00,46,31,026185,0.946259,01,250,0,0,Node 01: Network 3
10126,2025-07-18,00,46,31,623763,0.597578,02,750,0,0,Node 02: Network 3
10127,2025-07-18,00,46,32,082534,0.458771,03,1250,0,0,Node 03: Network 3
10128,2025-07-18,00,46,33,026715,0.944181,01,250,0,0,Node 01: Network 3
10129,2025-07-18,00,46,33,627103,0.600388,02,750,0,0,Node 02: Network 3
10130,2025-07-18,00,46,34,074716,0.447613,03,1250,0,0,Node 03: Network 3
10131,2025-07-18,00,46,35,171362,1.096646,01,250,0,0,Node 01: Network 3
10132,2025-07-18,00,46,35,628674,0.457312,02,750,0,0,Node 02: Network 3
10133,2025-07-18,00,46,36,076339,0.447665,03,1250,0,0,Node 03: Network 3
10134,2025-07-18,00,46,37,171700,1.095361,01,250,0,0,Node 01: Network 3
10135,2025-07-18,00,46,37,630693,0.458993,02,750,0,0,Node 02: Network 3
10136,2025-07-18,00,46,38,077862,0.447169,03,1250,0,0,Node 03: Network 3
10137,2025-07-18,00,46,39,172804,1.094942,01,250,0,0,Node 01: Network 3
10138,2025-07-18,00,46,39,632326,0.459522,02,750,0,0,Node 02: Network 3
10139,2025-07-18,00,46,40,079759,0.447433,03,1250,0,0,Node 03: Network 3
10140,2025-07-18,00,46,41,177182,1.097423,01,250,0,0,Node 01: Network 3
10141,2025-07-18,00,46,41,635733,0.458551,02,750,0,0,Node 02: Network 3
10142,2025-07-18,00,46,42,082664,0.446931,03,1250,0,0,Node 03: Network 3
10143,2025-07-18,00,46,43,177266,1.094602,01,250,0,0,Node 01: Network 3
10144,2025-07-18,00,46,43,636908,0.459642,02,750,0,0,Node 02: Network 3
10145,2025-07-18,00,46,44,083948,0.44704,03,1250,0,0,Node 03: Network 3
10146,2025-07-18,00,46,45,178362,1.094414,01,250,0,0,Node 01: Network 3
10147,2025-07-18,00,46,45,638994,0.460632,02,750,0,0,Node 02: Network 3
10148,2025-07-18,00,46,46,086341,0.447347,03,1250,0,0,Node 03: Network 3
10149,2025-07-18,00,46,47,178963,1.092622,01,250,0,0,Node 01: Network 3
10150,2025-07-18,00,46,47,640169,0.461206,02,750,0,0,Node 02: Network 3
10151,2025-07-18,00,46,48,088338,0.448169,03,1250,0,0,Node 03: Network 3
10152,2025-07-18,00,46,49,180509,1.092171,01,250,0,0,Node 01: Network 3
10153,2025-07-18,00,46,49,642239,0.46173,02,750,0,0,Node 02: Network 3
10154,2025-07-18,00,46,50,092439,0.4502,03,1250,0,0,Node 03: Network 3
10155,2025-07-18,00,46,51,180124,1.087685,01,250,0,0,Node 01: Network 3
10156,2025-07-18,00,46,51,645301,0.465177,02,750,0,0,Node 02: Network 3
10157,2025-07-18,00,46,52,228782,0.583481,03,1250,0,0,Node 03: Network 3
10158,2025-07-18,00,46,53,190094,0.961312,01,250,0,0,Node 01: Network 3
10159,2025-07-18,00,46,53,647005,0.456911,02,750,0,0,Node 02: Network 3
10160,2025-07-18,00,46,54,193605,0.5466,03,1250,0,0,Node 03: Network 3
10161,2025-07-18,00,46,55,190815,0.99721,01,250,0,0,Node 01: Network 3
10162,2025-07-18,00,46,55,649042,0.458227,02,750,0,0,Node 02: Network 3
10163,2025-07-18,00,46,56,238822,0.58978,03,1250,0,0,Node 03: Network 3
10164,2025-07-18,00,46,57,193102,0.95428,01,250,0,0,Node 01: Network 3
10165,2025-07-18,00,46,57,782347,0.589245,02,750,0,0,Node 02: Network 3
10166,2025-07-18,00,46,58,240196,0.457849,03,1250,0,0,Node 03: Network 3
10167,2025-07-18,00,46,59,326915,1.086719,01,250,0,0,Node 01: Network 3
10168,2025-07-18,00,46,59,784531,0.457616,02,750,0,0,Node 02: Network 3
10169,2025-07-18,00,47,00,241727,0.457196,03,1250,0,0,Node 03: Network 3
10170,2025-07-18,00,47,01,326453,1.084726,01,250,0,0,Node 01: Network 3
10171,2025-07-18,00,47,01,786280,0.459827,02,750,0,0,Node 02: Network 3
10172,2025-07-18,00,47,02,374236,0.587956,03,1250,0,0,Node 03: Network 3
10173,2025-07-18,00,47,02,857501,0.483265,BB,0,1,0,
10174,2025-07-18,00,47,04,862054,2.004553,BB,0,1,0,
10175,2025-07-18,00,47,04,915808,0.053754,01,1857,0,1,
10176,2025-07-18,00,47,04,929752,0.013944,02,1896,0,1,
10177,2025-07-18,00,47,05,015179,0.085427,03,1810,0,1,
10178,2025-07-18,00,47,05,090965,0.075786,BB,0,1,0,
10179,2025-07-18,00,47,05,177330,0.086365,BB,0,1,0,03:1353:0:1
10180,2025-07-18,00,47,05,224257,0.046927,02,1353,0,1,1358:0:1
10181,2025-07-18,00,47,05,236286,0.012029,02,321,0,1,
10182,2025-07-18,00,47,05,257830,0.021544,01,322,0,1,
10183,2025-07-18,00,47,05,313145,0.055315,03,1250,0,0,Node 03: Network 3
10184,2025-07-18,00,47,05,325254,0.012109,03,321,0,1,
10185,2025-07-18,00,47,05,378831,0.053577,01,250,0,0,Node 01: Network 3
10186,2025-07-18,00,47,05,547966,0.169135,02,779,0,0,Node 02: Network 3
10187,2025-07-18,00,47,05,632931,0.084965,03,1250,0,0,Node 03: Network 3
10188,2025-07-18,00,47,05,742795,0.109864,01,250,0,0,Node 01: Network 3
10189,2025-07-18,00,47,05,801231,0.058436,02,750,0,0,Node 02: Network 3
10190,2025-07-18,00,47,05,863401,0.06217,03,1250,0,0,Node 03: Network 3
10191,2025-07-18,00,47,05,923813,0.060412,01,251,0,0,Node 01: Network 3
10192,2025-07-18,00,47,05,957023,0.03321,02,750,0,0,Node 02: Network 3
10193,2025-07-18,00,47,05,994340,0.037317,03,1251,0,0,Node 03: Network 3
10194,2025-07-18,00,47,06,055225,0.060885,01,250,0,0,Node 01: Network 3
10195,2025-07-18,00,47,06,158207,0.102982,02,767,0,0,Node 02: Network 3
10196,2025-07-18,00,47,06,191042,0.032835,03,1250,0,0,Node 03: Network 3
10197,2025-07-18,00,47,06,363813,0.172771,01,250,0,0,Node 01: Network 3
10198,2025-07-18,00,47,06,866655,0.502842,BB,0,1,0,
10199,2025-07-18,00,47,08,870703,2.004048,BB,0,1,0,
10200,2025-07-18,00,47,08,926269,0.055566,02,1710,0,1,
10201,2025-07-18,00,47,08,941092,0.014823,03,111,0,1,
10202,2025-07-18,00,47,08,991619,0.050527,01,828,0,1,
10203,2025-07-18,00,47,09,185598,0.193979,01,250,0,0,Node 01: Network 3
10204,2025-07-18,00,47,09,687953,0.502355,02,750,0,0,Node 02: Network 3
10205,2025-07-18,00,47,10,190114,0.502161,03,1250,0,0,Node 03: Network 3
10206,2025-07-18,00,47,11,187415,0.997301,01,250,0,0,Node 01: Network 3
10207,2025-07-18,00,47,11,689240,0.501825,02,750,0,0,Node 02: Network 3
10208,2025-07-18,00,47,12,192233,0.502993,03,1250,0,0,Node 03: Network 3
10209,2025-07-18,00,47,13,187208,0.994975,01,250,0,0,Node 01: Network 3
10210,2025-07-18,00,47,13,691184,0.503976,02,750,0,0,Node 02: Network 3
10211,2025-07-18,00,47,14,194770,0.503586,03,1250,0,0,Node 03: Network 3
10212,2025-07-18,00,47,15,187939,0.993169,01,250,0,0,Node 01: Network 3
10213,2025-07-18,00,47,15,739014,0.551075,02,750,0,0,Node 02: Network 3
10214,2025-07-18,00,47,16,195900,0.456886,03,1250,0,0,Node 03: Network 3
10215,2025-07-18,00,47,17,188001,0.992101,01,250,0,0,Node 01: Network 3
10216,2025-07-18,00,47,17,740152,0.552151,02,750,0,0,Node 02: Network 3
10217,2025-07-18,00,47,18,199076,0.458924,03,1250,0,0,Node 03: Network 3
10218,2025-07-18,00,47,19,189941,0.990865,01,251,0,0,Node 01: Network 3
10219,2025-07-18,00,47,19,744405,0.554464,02,750,0,0,Node 02: Network 3
10220,2025-07-18,00,47,20,201702,0.457297,03,1250,0,0,Node 03: Network 3
10221,2025-07-18,00,47,21,190834,0.989132,01,250,0,0,Node 01: Network 3
10222,2025-07-18,00,47,21,745310,0.554476,02,750,0,0,Node 02: Network 3
10223,2025-07-18,00,47,22,203126,0.457816,03,1250,0,0,Node 03: Network 3
10224,2025-07-18,00,47,23,288815,1.085689,01,250,0,0,Node 01: Network 3
10225,2025-07-18,00,47,23,747633,0.458818,02,750,0,0,Node 02: Network 3
10226,2025-07-18,00,47,24,205523,0.45789,03,1250,0,0,Node 03: Network 3
10227,2025-07-18,00,47,25,290945,1.085422,01,250,0,0,Node 01: Network 3
10228,2025-07-18,00,47,25,749300,0.458355,02,750,0,0,Node 02: Network 3
10229,2025-07-18,00,47,26,206991,0.457691,03,1250,0,0,Node 03: Network 3
10230,2025-07-18,00,47,27,294133,1.087142,01,250,0,0,Node 01: Network 3
10231,2025-07-18,00,47,27,837825,0.543692,02,750,0,0,Node 02: Network 3
10232,2025-07-18,00,47,28,208940,0.371115,03,1250,0,0,Node 03: Network 3
10233,2025-07-18,00,47,29,294852,1.085912,01,250,0,0,Node 01: Network 3
10234,2025-07-18,00,47,29,839438,0.544586,02,750,0,0,Node 02: Network 3
10235,2025-07-18,00,47,30,211067,0.371629,03,1250,0,0,Node 03: Network 3
10236,2025-07-18,00,47,31,295352,1.084285,01,250,0,0,Node 01: Network 3
10237,2025-07-18,00,47,31,842442,0.54709,02,750,0,0,Node 02: Network 3
10238,2025-07-18,00,47,32,213858,0.371416,03,1250,0,0,Node 03: Network 3
10239,2025-07-18,00,47,33,295223,1.081365,01,250,0,0,Node 01: Network 3
10240,2025-07-18,00,47,33,843868,0.548645,02,750,0,0,Node 02: Network 3
10241,2025-07-18,00,47,34,216410,0.372542,03,1250,0,0,Node 03: Network 3
10242,2025-07-18,00,47,35,295966,1.079556,01,250,0,0,Node 01: Network 3
10243,2025-07-18,00,47,35,846555,0.550589,02,750,0,0,Node 02: Network 3
10244,2025-07-18,00,47,36,218651,0.372096,03,1250,0,0,Node 03: Network 3
10245,2025-07-18,00,47,37,295944,1.077293,01,250,0,0,Node 01: Network 3
10246,2025-07-18,00,47,37,847717,0.551773,02,750,0,0,Node 02: Network 3
10247,2025-07-18,00,47,38,220739,0.373022,03,1250,0,0,Node 03: Network 3
10248,2025-07-18,00,47,39,297658,1.076919,01,250,0,0,Node 01: Network 3
10249,2025-07-18,00,47,39,851529,0.553871,02,751,0,0,Node 02: Network 3
10250,2025-07-18,00,47,40,222672,0.371143,03,1250,0,0,Node 03: Network 3
10251,2025-07-18,00,47,41,298778,1.076106,01,250,0,0,Node 01: Network 3
10252,2025-07-18,00,47,41,768043,0.469265,02,750,0,0,Node 02: Network 3
10253,2025-07-18,00,47,42,224717,0.456674,03,1250,0,0,Node 03: Network 3
10254,2025-07-18,00,47,43,299701,1.074984,01,250,0,0,Node 01: Network 3
10255,2025-07-18,00,47,43,769821,0.47012,02,750,0,0,Node 02: Network 3
10256,2025-07-18,00,47,44,346623,0.576802,03,1250,0,0,Node 03: Network 3
10257,2025-07-18,00,47,45,318537,0.971914,01,250,0,0,Node 01: Network 3
10258,2025-07-18,00,47,45,771834,0.453297,02,750,0,0,Node 02: Network 3
10259,2025-07-18,00,47,46,349754,0.57792,03,1251,0,0,Node 03: Network 3
10260,2025-07-18,00,47,47,301434,0.95168,01,250,0,0,Node 01: Network 3
10261,2025-07-18,00,47,47,773640,0.472206,02,750,0,0,Node 02: Network 3
10262,2025-07-18,00,47,48,348306,0.574666,03,1250,0,0,Node 03: Network 3
10263,2025-07-18,00,47,49,318624,0.970318,01,250,0,0,Node 01: Network 3
10264,2025-07-18,00,47,49,774722,0.456098,02,750,0,0,Node 02: Network 3
10265,2025-07-18,00,47,50,351607,0.576885,03,1250,0,0,Node 03: Network 3
10266,2025-07-18,00,47,51,317355,0.965748,01,250,0,0,Node 01: Network 3
10267,2025-07-18,00,47,51,776352,0.458997,02,750,0,0,Node 02: Network 3
10268,2025-07-18,00,47,52,353505,0.577153,03,1250,0,0,Node 03: Network 3
10269,2025-07-18,00,47,53,319457,0.965952,01,250,0,0,Node 01: Network 3
10270,2025-07-18,00,47,53,897554,0.578097,02,750,0,0,Node 02: Network 3
10271,2025-07-18,00,47,54,354767,0.457213,03,1250,0,0,Node 03: Network 3
10272,2025-07-18,00,47,55,442654,1.087887,01,250,0,0,Node 01: Network 3
10273,2025-07-18,00,47,55,899445,0.456791,02,750,0,0,Node 02: Network 3
10274,2025-07-18,00,47,56,488725,0.58928,03,1250,0,0,Node 03: Network 3
10275,2025-07-18,00,47,56,975606,0.486881,BB,0,1,0,
10276,2025-07-18,00,47,58,979425,2.003819,BB,0,1,0,
10277,2025-07-18,00,47,59,019356,0.039931,02,1900,0,1,
10278,2025-07-18,00,47,59,032800,0.013444,01,1858,0,1,
10279,2025-07-18,00,47,59,115426,0.082626,03,1812,0,1,
10280,2025-07-18,00,47,59,295262,0.179836,01,250,0,0,Node 01: Network 3
10281,2025-07-18,00,47,59,838515,0.543253,02,750,0,0,Node 02: Network 3
10282,2025-07-18,00,48,00,299023,0.460508,03,1250,0,0,Node 03: Network 3
10283,2025-07-18,00,48,01,295333,0.99631,01,250,0,0,Node 01: Network 3
10284,2025-07-18,00,48,01,840837,0.545504,02,750,0,0,Node 02: Network 3
10285,2025-07-18,00,48,02,300483,0.459646,03,1250,0,0,Node 03: Network 3
10286,2025-07-18,00,48,03,296128,0.995645,01,250,0,0,Node 01: Network 3
10287,2025-07-18,00,48,03,843560,0.547432,02,750,0,0,Node 02: Network 3
10288,2025-07-18,00,48,04,360727,0.517167,03,1250,0,0,Node 03: Network 3
10289,2025-07-18,00,48,05,297011,0.936284,01,250,0,0,Node 01: Network 3
10290,2025-07-18,00,48,05,846205,0.549194,02,750,0,0,Node 02: Network 3
10291,2025-07-18,00,48,06,303973,0.457768,03,1250,0,0,Node 03: Network 3
10292,2025-07-18,00,48,07,389867,1.085894,01,250,0,0,Node 01: Network 3
10293,2025-07-18,00,48,07,847378,0.457511,02,750,0,0,Node 02: Network 3
10294,2025-07-18,00,48,08,306571,0.459193,03,1250,0,0,Node 03: Network 3
10295,2025-07-18,00,48,09,392183,1.085612,01,250,0,0,Node 01: Network 3
10296,2025-07-18,00,48,09,844395,0.452212,02,750,0,0,Node 02: Network 3
10297,2025-07-18,00,48,10,310076,0.465681,03,1250,0,0,Node 03: Network 3
10298,2025-07-18,00,48,11,392285,1.082209,01,250,0,0,Node 01: Network 3
10299,2025-07-18,00,48,11,854618,0.462333,02,750,0,0,Node 02: Network 3
10300,2025-07-18,00,48,12,311844,0.457226,03,1250,0,0,Node 03: Network 3
10301,2025-07-18,00,48,13,393174,1.08133,01,250,0,0,Node 01: Network 3
10302,2025-07-18,00,48,13,855504,0.46233,02,750,0,0,Node 02: Network 3
10303,2025-07-18,00,48,14,313362,0.457858,03,1250,0,0,Node 03: Network 3
10304,2025-07-18,00,48,15,393825,1.080463,01,250,0,0,Node 01: Network 3
10305,2025-07-18,00,48,15,856097,0.462272,02,750,0,0,Node 02: Network 3
10306,2025-07-18,00,48,16,315851,0.459754,03,1250,0,0,Node 03: Network 3
10307,2025-07-18,00,48,17,394687,1.078836,01,250,0,0,Node 01: Network 3
10308,2025-07-18,00,48,17,939189,0.544502,02,750,0,0,Node 02: Network 3
10309,2025-07-18,00,48,18,485763,0.546574,03,1250,0,0,Node 03: Network 3
10310,2025-07-18,00,48,19,394971,0.909208,01,250,0,0,Node 01: Network 3
10311,2025-07-18,00,48,19,940352,0.545381,02,750,0,0,Node 02: Network 3
10312,2025-07-18,00,48,20,442195,0.501843,03,1250,0,0,Node 03: Network 3
10313,2025-07-18,00,48,21,395349,0.953154,01,250,0,0,Node 01: Network 3
10314,2025-07-18,00,48,21,938497,0.543148,02,750,0,0,Node 02: Network 3
10315,2025-07-18,00,48,22,443402,0.504905,03,1250,0,0,Node 03: Network 3
10316,2025-07-18,00,48,23,396126,0.952724,01,250,0,0,Node 01: Network 3
10317,2025-07-18,00,48,23,939615,0.543489,02,750,0,0,Node 02: Network 3
10318,2025-07-18,00,48,24,447946,0.508331,03,1250,0,0,Node 03: Network 3
10319,2025-07-18,00,48,25,396908,0.948962,01,250,0,0,Node 01: Network 3
10320,2025-07-18,00,48,25,942958,0.54605,02,750,0,0,Node 02: Network 3
10321,2025-07-18,00,48,26,449120,0.506162,03,1250,0,0,Node 03: Network 3
10322,2025-07-18,00,48,27,398171,0.949051,01,250,0,0,Node 01: Network 3
10323,2025-07-18,00,48,27,944925,0.546754,02,750,0,0,Node 02: Network 3
10324,2025-07-18,00,48,28,451117,0.506192,03,1250,0,0,Node 03: Network 3
10325,2025-07-18,00,48,29,399745,0.948628,01,250,0,0,Node 01: Network 3
10326,2025-07-18,00,48,29,947385,0.54764,02,750,0,0,Node 02: Network 3
10327,2025-07-18,00,48,30,453543,0.506158,03,1250,0,0,Node 03: Network 3
10328,2025-07-18,00,48,31,399368,0.945825,01,250,0,0,Node 01: Network 3
10329,2025-07-18,00,48,31,949475,0.550107,02,750,0,0,Node 02: Network 3
10330,2025-07-18,00,48,32,455079,0.505604,03,1250,0,0,Node 03: Network 3
10331,2025-07-18,00,48,33,401020,0.945941,01,250,0,0,Node 01: Network 3
10332,2025-07-18,00,48,33,950751,0.549731,02,750,0,0,Node 02: Network 3
10333,2025-07-18,00,48,34,446583,0.495832,03,1250,0,0,Node 03: Network 3
10334,2025-07-18,00,48,35,495343,1.04876,01,250,0,0,Node 01: Network 3
10335,2025-07-18,00,48,35,952764,0.457421,02,750,0,0,Node 02: Network 3
10336,2025-07-18,00,48,36,450000,0.497236,03,1250,0,0,Node 03: Network 3
10337,2025-07-18,00,48,37,496065,1.046065,01,250,0,0,Node 01: Network 3
10338,2025-07-18,00,48,37,994419,0.498354,02,750,0,0,Node 02: Network 3
10339,2025-07-18,00,48,38,543929,0.54951,03,1250,0,0,Node 03: Network 3
10340,2025-07-18,00,48,39,496701,0.952772,01,250,0,0,Node 01: Network 3
10341,2025-07-18,00,48,39,997186,0.500485,02,750,0,0,Node 02: Network 3
10342,2025-07-18,00,48,40,543729,0.546543,03,1250,0,0,Node 03: Network 3
10343,2025-07-18,00,48,41,497714,0.953985,01,250,0,0,Node 01: Network 3
10344,2025-07-18,00,48,41,999078,0.501364,02,750,0,0,Node 02: Network 3
10345,2025-07-18,00,48,42,545623,0.546545,03,1250,0,0,Node 03: Network 3
10346,2025-07-18,00,48,43,497746,0.952123,01,250,0,0,Node 01: Network 3
10347,2025-07-18,00,48,44,000598,0.502852,02,750,0,0,Node 02: Network 3
10348,2025-07-18,00,48,44,547593,0.546995,03,1250,0,0,Node 03: Network 3
10349,2025-07-18,00,48,45,497862,0.950269,01,250,0,0,Node 01: Network 3
10350,2025-07-18,00,48,46,003186,0.505324,02,750,0,0,Node 02: Network 3
10351,2025-07-18,00,48,46,549555,0.546369,03,1250,0,0,Node 03: Network 3
10352,2025-07-18,00,48,47,499800,0.950245,01,251,0,0,Node 01: Network 3
10353,2025-07-18,00,48,48,005066,0.505266,02,750,0,0,Node 02: Network 3
10354,2025-07-18,00,48,48,544906,0.53984,03,1250,0,0,Node 03: Network 3
10355,2025-07-18,00,48,49,499874,0.954968,01,250,0,0,Node 01: Network 3
10356,2025-07-18,00,48,50,006287,0.506413,02,750,0,0,Node 02: Network 3
10357,2025-07-18,00,48,50,548604,0.542317,03,1250,0,0,Node 03: Network 3
10358,2025-07-18,00,48,51,501746,0.953142,01,250,0,0,Node 01: Network 3
10359,2025-07-18,00,48,52,009830,0.508084,02,750,0,0,Node 02: Network 3
10360,2025-07-18,00,48,52,550302,0.540472,03,1250,0,0,Node 03: Network 3
10361,2025-07-18,00,48,53,553739,1.003437,01,250,0,0,Node 01: Network 3
10362,2025-07-18,00,48,54,010801,0.457062,02,750,0,0,Node 02: Network 3
10363,2025-07-18,00,48,54,552367,0.541566,03,1250,0,0,Node 03: Network 3
10364,2025-07-18,00,48,55,554279,1.001912,01,250,0,0,Node 01: Network 3
10365,2025-07-18,00,48,56,012916,0.458637,02,750,0,0,Node 02: Network 3
10366,2025-07-18,00,48,56,555653,0.542737,03,1250,0,0,Node 03: Network 3
10367,2025-07-18,00,48,57,554819,0.999166,01,250,0,0,Node 01: Network 3
10368,2025-07-18,00,48,58,098624,0.543805,02,750,0,0,Node 02: Network 3
10369,2025-07-18,00,48,58,556479,0.457855,03,1250,0,0,Node 03: Network 3
10370,2025-07-18,00,48,59,642872,1.086393,01,250,0,0,Node 01: Network 3
10371,2025-07-18,00,49,00,101945,0.459073,02,750,0,0,Node 02: Network 3
10372,2025-07-18,00,49,00,691706,0.589761,03,1250,0,0,Node 03: Network 3
10373,2025-07-18,00,49,01,116672,0.424966,BB,0,1,0,
10374,2025-07-18,00,49,03,120343,2.003671,BB,0,1,0,
10375,2025-07-18,00,49,03,158855,0.038512,02,1839,0,1,
10376,2025-07-18,00,49,03,194588,0.035733,01,1798,0,1,
10377,2025-07-18,00,49,03,212787,0.018199,03,1752,0,1,
10378,2025-07-18,00,49,03,435434,0.222647,01,250,0,0,Node 01: Network 3
10379,2025-07-18,00,49,03,981120,0.545686,02,750,0,0,Node 02: Network 3
10380,2025-07-18,00,49,04,438997,0.457877,03,1250,0,0,Node 03: Network 3
10381,2025-07-18,00,49,05,526497,1.0875,01,250,0,0,Node 01: Network 3
10382,2025-07-18,00,49,05,983861,0.457364,02,750,0,0,Node 02: Network 3
10383,2025-07-18,00,49,06,440733,0.456872,03,1250,0,0,Node 03: Network 3
10384,2025-07-18,00,49,07,528616,1.087883,01,250,0,0,Node 01: Network 3
10385,2025-07-18,00,49,07,985773,0.457157,02,750,0,0,Node 02: Network 3
10386,2025-07-18,00,49,08,443631,0.457858,03,1251,0,0,Node 03: Network 3
10387,2025-07-18,00,49,09,529587,1.085956,01,250,0,0,Node 01: Network 3
10388,2025-07-18,00,49,09,987437,0.45785,02,750,0,0,Node 02: Network 3
10389,2025-07-18,00,49,10,446635,0.459198,03,1250,0,0,Node 03: Network 3
10390,2025-07-18,00,49,11,529323,1.082688,01,250,0,0,Node 01: Network 3
10391,2025-07-18,00,49,11,991395,0.462072,02,750,0,0,Node 02: Network 3
10392,2025-07-18,00,49,12,281968,0.290573,BB,0,1,0,
10393,2025-07-18,00,49,12,336226,0.054258,BB,0,1,0,03:111:0:1
10394,2025-07-18,00,49,12,370416,0.03419,02,1710,0,1,828:0:1
10395,2025-07-18,00,49,12,475287,0.104871,02,750,0,0,Node 02: Network 3
10396,2025-07-18,00,49,12,488186,0.012899,02,1168,0,1,
10397,2025-07-18,00,49,12,502373,0.014187,01,1129,0,1,
10398,2025-07-18,00,49,12,530842,0.028469,03,1123,0,1,
10399,2025-07-18,00,49,12,603445,0.072603,03,1250,0,0,Node 03: Network 3
10400,2025-07-18,00,49,12,646317,0.042872,02,781,0,0,Node 02: Network 3
10401,2025-07-18,00,49,12,680515,0.034198,02,767,0,0,Node 02: Network 3
10402,2025-07-18,00,49,12,804333,0.123818,03,1250,0,0,Node 03: Network 3
10403,2025-07-18,00,49,12,913511,0.109178,01,250,0,0,Node 01: Network 3
10404,2025-07-18,00,49,12,947524,0.034013,01,250,0,0,Node 01: Network 3
10405,2025-07-18,00,49,13,007586,0.060062,01,250,0,0,Node 01: Network 3
10406,2025-07-18,00,49,13,117930,0.110344,02,750,0,0,Node 02: Network 3
10407,2025-07-18,00,49,13,172392,0.054462,03,1250,0,0,Node 03: Network 3
10408,2025-07-18,00,49,13,181908,0.009516,BB,0,1,0,
10409,2025-07-18,00,49,13,216160,0.034252,01,250,0,0,Node 01: Network 3
10410,2025-07-18,00,49,13,283121,0.066961,02,750,0,0,Node 02: Network 3
10411,2025-07-18,00,49,13,316878,0.033757,03,1250,0,0,Node 03: Network 3
10412,2025-07-18,00,49,13,564264,0.247386,01,281,0,0,Node 01: Network 3
10413,2025-07-18,00,49,13,760532,0.196268,02,750,0,0,Node 02: Network 3
10414,2025-07-18,00,49,14,262558,0.502026,03,1250,0,0,Node 03: Network 3
10415,2025-07-18,00,49,15,259197,0.996639,01,250,0,0,Node 01: Network 3
10416,2025-07-18,00,49,15,762080,0.502883,02,750,0,0,Node 02: Network 3
10417,2025-07-18,00,49,16,264195,0.502115,03,1250,0,0,Node 03: Network 3
10418,2025-07-18,00,49,17,260306,0.996111,01,250,0,0,Node 01: Network 3
10419,2025-07-18,00,49,17,764022,0.503716,02,750,0,0,Node 02: Network 3
10420,2025-07-18,00,49,18,266364,0.502342,03,1250,0,0,Node 03: Network 3
10421,2025-07-18,00,49,19,260275,0.993911,01,250,0,0,Node 01: Network 3
10422,2025-07-18,00,49,19,765858,0.505583,02,750,0,0,Node 02: Network 3
10423,2025-07-18,00,49,20,269410,0.503552,03,1250,0,0,Node 03: Network 3
10424,2025-07-18,00,49,21,261318,0.991908,01,250,0,0,Node 01: Network 3
10425,2025-07-18,00,49,21,767338,0.50602,02,750,0,0,Node 02: Network 3
10426,2025-07-18,00,49,22,270794,0.503456,03,1250,0,0,Node 03: Network 3
10427,2025-07-18,00,49,23,310615,1.039821,01,250,0,0,Node 01: Network 3
10428,2025-07-18,00,49,23,769633,0.459018,02,750,0,0,Node 02: Network 3
10429,2025-07-18,00,49,24,273635,0.504002,03,1250,0,0,Node 03: Network 3
10430,2025-07-18,00,49,25,313102,1.039467,01,250,0,0,Node 01: Network 3
10431,2025-07-18,00,49,25,772195,0.459093,02,750,0,0,Node 02: Network 3
10432,2025-07-18,00,49,26,274799,0.502604,03,1250,0,0,Node 03: Network 3
10433,2025-07-18,00,49,27,313938,1.039139,01,250,0,0,Node 01: Network 3
10434,2025-07-18,00,49,27,858430,0.544492,02,750,0,0,Node 02: Network 3
10435,2025-07-18,00,49,28,359556,0.501126,03,1250,0,0,Node 03: Network 3
10436,2025-07-18,00,49,29,314785,0.955229,01,250,0,0,Node 01: Network 3
10437,2025-07-18,00,49,29,859716,0.544931,02,750,0,0,Node 02: Network 3
10438,2025-07-18,00,49,30,362172,0.502456,03,1250,0,0,Node 03: Network 3
10439,2025-07-18,00,49,31,314721,0.952549,01,250,0,0,Node 01: Network 3
10440,2025-07-18,00,49,31,862279,0.547558,02,750,0,0,Node 02: Network 3
10441,2025-07-18,00,49,32,364466,0.502187,03,1250,0,0,Node 03: Network 3
10442,2025-07-18,00,49,33,331356,0.96689,01,250,0,0,Node 01: Network 3
10443,2025-07-18,00,49,33,864062,0.532706,02,750,0,0,Node 02: Network 3
10444,2025-07-18,00,49,34,368119,0.504057,03,1250,0,0,Node 03: Network 3
10445,2025-07-18,00,49,35,316302,0.948183,01,250,0,0,Node 01: Network 3
10446,2025-07-18,00,49,35,865397,0.549095,02,750,0,0,Node 02: Network 3
10447,2025-07-18,00,49,36,368537,0.50314,03,1250,0,0,Node 03: Network 3
10448,2025-07-18,00,49,37,317644,0.949107,01,250,0,0,Node 01: Network 3
10449,2025-07-18,00,49,37,868572,0.550928,02,750,0,0,Node 02: Network 3
10450,2025-07-18,00,49,38,371362,0.50279,03,1250,0,0,Node 03: Network 3
10451,2025-07-18,00,49,39,317134,0.945772,01,250,0,0,Node 01: Network 3
10452,2025-07-18,00,49,39,870166,0.553032,02,750,0,0,Node 02: Network 3
10453,2025-07-18,00,49,40,373849,0.503683,03,1250,0,0,Node 03: Network 3
10454,2025-07-18,00,49,41,319513,0.945664,01,250,0,0,Node 01: Network 3
10455,2025-07-18,00,49,41,917150,0.597637,02,750,0,0,Node 02: Network 3
10456,2025-07-18,00,49,42,366005,0.448855,03,1250,0,0,Node 03: Network 3
10457,2025-07-18,00,49,43,319045,0.95304,01,250,0,0,Node 01: Network 3
10458,2025-07-18,00,49,43,920146,0.601101,02,750,0,0,Node 02: Network 3
10459,2025-07-18,00,49,44,367418,0.447272,03,1250,0,0,Node 03: Network 3
10460,2025-07-18,00,49,45,463870,1.096452,01,250,0,0,Node 01: Network 3
10461,2025-07-18,00,49,45,922012,0.458142,02,750,0,0,Node 02: Network 3
10462,2025-07-18,00,49,46,370341,0.448329,03,1250,0,0,Node 03: Network 3
10463,2025-07-18,00,49,47,465306,1.094965,01,250,0,0,Node 01: Network 3
10464,2025-07-18,00,49,47,923579,0.458273,02,750,0,0,Node 02: Network 3
10465,2025-07-18,00,49,48,512551,0.588972,03,1250,0,0,Node 03: Network 3
10466,2025-07-18,00,49,49,465877,0.953326,01,250,0,0,Node 01: Network 3
10467,2025-07-18,00,49,49,925168,0.459291,02,750,0,0,Node 02: Network 3
10468,2025-07-18,00,49,50,515475,0.590307,03,1250,0,0,Node 03: Network 3
10469,2025-07-18,00,49,51,465909,0.950434,01,250,0,0,Node 01: Network 3
10470,2025-07-18,00,49,52,059065,0.593156,02,750,0,0,Node 02: Network 3
10471,2025-07-18,00,49,52,516174,0.457109,03,1250,0,0,Node 03: Network 3
10472,2025-07-18,00,49,54,062161,1.545987,02,750,0,0,Node 02: Network 3
10473,2025-07-18,00,49,54,519819,0.457658,03,1250,0,0,Node 03: Network 3
10474,2025-07-18,00,49,55,605855,1.086036,01,250,0,0,Node 01: Network 3
10475,2025-07-18,00,49,56,063747,0.457892,02,750,0,0,Node 02: Network 3
10476,2025-07-18,00,49,56,521725,0.457978,03,1250,0,0,Node 03: Network 3
10477,2025-07-18,00,49,57,607856,1.086131,01,250,0,0,Node 01: Network 3
10478,2025-07-18,00,49,58,065151,0.457295,02,750,0,0,Node 02: Network 3
10479,2025-07-18,00,49,58,522569,0.457418,03,1250,0,0,Node 03: Network 3
10480,2025-07-18,00,49,59,608687,1.086118,01,250,0,0,Node 01: Network 3
10481,2025-07-18,00,50,00,067211,0.458524,02,750,0,0,Node 02: Network 3
10482,2025-07-18,00,50,00,525657,0.458446,03,1250,0,0,Node 03: Network 3
10483,2025-07-18,00,50,01,608877,1.08322,01,250,0,0,Node 01: Network 3
10484,2025-07-18,00,50,02,070142,0.461265,02,750,0,0,Node 02: Network 3
10485,2025-07-18,00,50,02,526784,0.456642,03,1250,0,0,Node 03: Network 3
10486,2025-07-18,00,50,03,609800,1.083016,01,250,0,0,Node 01: Network 3
10487,2025-07-18,00,50,04,071043,0.461243,02,750,0,0,Node 02: Network 3
10488,2025-07-18,00,50,04,530185,0.459142,03,1250,0,0,Node 03: Network 3
10489,2025-07-18,00,50,05,610279,1.080094,01,250,0,0,Node 01: Network 3
10490,2025-07-18,00,50,06,073313,0.463034,02,750,0,0,Node 02: Network 3
10491,2025-07-18,00,50,06,532605,0.459292,03,1250,0,0,Node 03: Network 3
10492,2025-07-18,00,50,07,611662,1.079057,01,250,0,0,Node 01: Network 3
10493,2025-07-18,00,50,08,075939,0.464277,02,750,0,0,Node 02: Network 3
10494,2025-07-18,00,50,08,535132,0.459193,03,1250,0,0,Node 03: Network 3
10495,2025-07-18,00,50,09,612781,1.077649,01,250,0,0,Node 01: Network 3
10496,2025-07-18,00,50,10,536606,0.923825,03,1250,0,0,Node 03: Network 3
10497,2025-07-18,00,50,11,612996,1.07639,01,250,0,0,Node 01: Network 3
10498,2025-07-18,00,50,12,081648,0.468652,02,750,0,0,Node 02: Network 3
10499,2025-07-18,00,50,12,538373,0.456725,03,1250,0,0,Node 03: Network 3
10500,2025-07-18,00,50,13,613687,1.075314,01,250,0,0,Node 01: Network 3
10501,2025-07-18,00,50,14,082912,0.469225,02,750,0,0,Node 02: Network 3
10502,2025-07-18,00,50,14,540864,0.457952,03,1250,0,0,Node 03: Network 3
10503,2025-07-18,00,50,15,614116,1.073252,01,250,0,0,Node 01: Network 3
10504,2025-07-18,00,50,16,084998,0.470882,02,750,0,0,Node 02: Network 3
10505,2025-07-18,00,50,16,542162,0.457164,03,1250,0,0,Node 03: Network 3
10506,2025-07-18,00,50,17,628932,1.08677,01,250,0,0,Node 01: Network 3
10507,2025-07-18,00,50,18,088642,0.45971,02,750,0,0,Node 02: Network 3
10508,2025-07-18,00,50,18,545536,0.456894,03,1250,0,0,Node 03: Network 3
10509,2025-07-18,00,50,19,633034,1.087498,01,250,0,0,Node 01: Network 3
10510,2025-07-18,00,50,20,090565,0.457531,02,750,0,0,Node 02: Network 3
10511,2025-07-18,00,50,20,547406,0.456841,03,1250,0,0,Node 03: Network 3
10512,2025-07-18,00,50,21,632793,1.085387,01,250,0,0,Node 01: Network 3
10513,2025-07-18,00,50,22,092373,0.45958,02,750,0,0,Node 02: Network 3
10514,2025-07-18,00,50,23,634281,1.541908,01,250,0,0,Node 01: Network 3
10515,2025-07-18,00,50,24,094223,0.459942,02,750,0,0,Node 02: Network 3
10516,2025-07-18,00,50,24,681409,0.587186,03,1250,0,0,Node 03: Network 3
10517,2025-07-18,00,50,25,637836,0.956427,01,250,0,0,Node 01: Network 3
10518,2025-07-18,00,50,26,226308,0.588472,02,750,0,0,Node 02: Network 3
10519,2025-07-18,00,50,26,682954,0.456646,03,1250,0,0,Node 03: Network 3
10520,2025-07-18,00,50,27,639300,0.956346,01,250,0,0,Node 01: Network 3
10521,2025-07-18,00,50,28,228191,0.588891,02,750,0,0,Node 02: Network 3
10522,2025-07-18,00,50,28,685764,0.457573,03,1250,0,0,Node 03: Network 3
10523,2025-07-18,00,50,29,771505,1.085741,01,250,0,0,Node 01: Network 3
10524,2025-07-18,00,50,30,229717,0.458212,02,750,0,0,Node 02: Network 3
10525,2025-07-18,00,50,30,687236,0.457519,03,1250,0,0,Node 03: Network 3
10526,2025-07-18,00,50,31,771738,1.084502,01,250,0,0,Node 01: Network 3
10527,2025-07-18,00,50,32,231566,0.459828,02,750,0,0,Node 02: Network 3
10528,2025-07-18,00,50,32,689576,0.45801,03,1250,0,0,Node 03: Network 3
10529,2025-07-18,00,50,33,773764,1.084188,01,250,0,0,Node 01: Network 3
10530,2025-07-18,00,50,34,233991,0.460227,02,751,0,0,Node 02: Network 3
10531,2025-07-18,00,50,34,691818,0.457827,03,1250,0,0,Node 03: Network 3
10532,2025-07-18,00,50,35,774030,1.082212,01,250,0,0,Node 01: Network 3
10533,2025-07-18,00,50,36,235570,0.46154,02,750,0,0,Node 02: Network 3
10534,2025-07-18,00,50,36,819563,0.583993,03,1250,0,0,Node 03: Network 3
10535,2025-07-18,00,50,37,774582,0.955019,01,250,0,0,Node 01: Network 3
10536,2025-07-18,00,50,38,363035,0.588453,02,750,0,0,Node 02: Network 3
10537,2025-07-18,00,50,38,822000,0.458965,03,1250,0,0,Node 03: Network 3
10538,2025-07-18,00,50,39,329903,0.507903,BB,0,1,0,
10539,2025-07-18,00,50,39,403948,0.074045,03,1721,0,1,
10540,2025-07-18,00,50,40,650626,1.246678,03,1250,0,0,Node 03: Network 3
10541,2025-07-18,00,50,41,694606,1.04398,01,250,0,0,Node 01: Network 3
10542,2025-07-18,00,50,42,194442,0.499836,02,750,0,0,Node 02: Network 3
10543,2025-07-18,00,50,42,652445,0.458003,03,1250,0,0,Node 03: Network 3
10544,2025-07-18,00,50,43,738631,1.086186,01,250,0,0,Node 01: Network 3
10545,2025-07-18,00,50,44,197191,0.45856,02,750,0,0,Node 02: Network 3
10546,2025-07-18,00,50,44,654716,0.457525,03,1250,0,0,Node 03: Network 3
10547,2025-07-18,00,50,45,740103,1.085387,01,250,0,0,Node 01: Network 3
10548,2025-07-18,00,50,46,199262,0.459159,02,750,0,0,Node 02: Network 3
10549,2025-07-18,00,50,46,656676,0.457414,03,1250,0,0,Node 03: Network 3
10550,2025-07-18,00,50,47,739496,1.08282,01,250,0,0,Node 01: Network 3
10551,2025-07-18,00,50,48,200788,0.461292,02,750,0,0,Node 02: Network 3
10552,2025-07-18,00,50,48,659013,0.458225,03,1250,0,0,Node 03: Network 3
10553,2025-07-18,00,50,49,741557,1.082544,01,250,0,0,Node 01: Network 3
10554,2025-07-18,00,50,50,203817,0.46226,02,750,0,0,Node 02: Network 3
10555,2025-07-18,00,50,50,788247,0.58443,03,1250,0,0,Node 03: Network 3
10556,2025-07-18,00,50,51,741517,0.95327,01,250,0,0,Node 01: Network 3
10557,2025-07-18,00,50,52,205980,0.464463,02,750,0,0,Node 02: Network 3
10558,2025-07-18,00,50,52,789959,0.583979,03,1250,0,0,Node 03: Network 3
10559,2025-07-18,00,50,53,743681,0.953722,01,250,0,0,Node 01: Network 3
10560,2025-07-18,00,50,54,207736,0.464055,02,750,0,0,Node 02: Network 3
10561,2025-07-18,00,50,54,790867,0.583131,03,1250,0,0,Node 03: Network 3
10562,2025-07-18,00,50,55,743765,0.952898,01,250,0,0,Node 01: Network 3
10563,2025-07-18,00,50,56,208690,0.464925,02,750,0,0,Node 02: Network 3
10564,2025-07-18,00,50,56,790975,0.582285,03,1250,0,0,Node 03: Network 3
10565,2025-07-18,00,50,57,743963,0.952988,01,250,0,0,Node 01: Network 3
10566,2025-07-18,00,50,58,210841,0.466878,02,750,0,0,Node 02: Network 3
10567,2025-07-18,00,50,58,791771,0.58093,03,1250,0,0,Node 03: Network 3
10568,2025-07-18,00,50,59,835255,1.043484,01,250,0,0,Node 01: Network 3
10569,2025-07-18,00,51,00,794241,0.958986,03,1250,0,0,Node 03: Network 3
10570,2025-07-18,00,51,01,836094,1.041853,01,250,0,0,Node 01: Network 3
10571,2025-07-18,00,51,02,796194,0.9601,03,1250,0,0,Node 03: Network 3
10572,2025-07-18,00,51,04,340790,1.544596,02,750,0,0,Node 02: Network 3
10573,2025-07-18,00,51,04,798604,0.457814,03,1250,0,0,Node 03: Network 3
10574,2025-07-18,00,51,05,886033,1.087429,01,250,0,0,Node 01: Network 3
10575,2025-07-18,00,51,06,342886,0.456853,02,750,0,0,Node 02: Network 3
10576,2025-07-18,00,51,06,801503,0.458617,03,1250,0,0,Node 03: Network 3
10577,2025-07-18,00,51,07,887158,1.085655,01,250,0,0,Node 01: Network 3
10578,2025-07-18,00,51,08,344715,0.457557,02,750,0,0,Node 02: Network 3
10579,2025-07-18,00,51,08,803261,0.458546,03,1250,0,0,Node 03: Network 3
10580,2025-07-18,00,51,09,886042,1.082781,01,250,0,0,Node 01: Network 3
10581,2025-07-18,00,51,10,346051,0.460009,02,750,0,0,Node 02: Network 3
10582,2025-07-18,00,51,10,805664,0.459613,03,1250,0,0,Node 03: Network 3
10583,2025-07-18,00,51,11,890660,1.084996,01,250,0,0,Node 01: Network 3
10584,2025-07-18,00,51,12,347623,0.456963,02,750,0,0,Node 02: Network 3
10585,2025-07-18,00,51,12,938761,0.591138,03,1250,0,0,Node 03: Network 3
10586,2025-07-18,00,51,13,405634,0.466873,BB,0,1,0,
10587,2025-07-18,00,51,13,445358,0.039724,02,1951,0,1,
10588,2025-07-18,00,51,14,222692,0.777334,02,750,0,0,Node 02: Network 3
10589,2025-07-18,00,51,14,768974,0.546282,03,1250,0,0,Node 03: Network 3
10590,2025-07-18,00,51,15,766773,0.997799,01,250,0,0,Node 01: Network 3
10591,2025-07-18,00,51,16,224196,0.457423,02,750,0,0,Node 02: Network 3
10592,2025-07-18,00,51,16,813318,0.589122,03,1250,0,0,Node 03: Network 3
10593,2025-07-18,00,51,17,768562,0.955244,01,250,0,0,Node 01: Network 3
10594,2025-07-18,00,51,18,226225,0.457663,02,750,0,0,Node 02: Network 3
10595,2025-07-18,00,51,18,402203,0.175978,0,01,1,0,0:Node 01: Network 3
10596,2025-07-18,00,51,18,434243,0.03204,BB,0,1,0,
10597,2025-07-18,00,51,18,518590,0.084347,01,250,0,0,Node 01: Network 3
10598,2025-07-18,00,51,18,571537,0.052947,02,750,0,0,Node 02: Network 3
10599,2025-07-18,00,51,18,618069,0.046532,01,281,0,0,Node 01: Network 3
10600,2025-07-18,00,51,18,670255,0.052186,02,780,0,0,Node 02: Network 3
10601,2025-07-18,00,51,18,703717,0.033462,02,750,0,0,Node 02: Network 3
10602,2025-07-18,00,51,18,791195,0.087478,03,1250,0,0,Node 03: Network 3
10603,2025-07-18,00,51,18,912595,0.1214,01,250,0,0,Node 01: Network 3
10604,2025-07-18,00,51,18,956969,0.044374,02,750,0,0,Node 02: Network 3
10605,2025-07-18,00,51,19,024780,0.067811,03,1250,0,0,Node 03: Network 3
10606,2025-07-18,00,51,19,079619,0.054839,01,250,0,0,Node 01: Network 3
10607,2025-07-18,00,51,19,169422,0.089803,02,750,0,0,Node 02: Network 3
10608,2025-07-18,00,51,19,228497,0.059075,03,1250,0,0,Node 03: Network 3
10609,2025-07-18,00,51,19,419622,0.191125,BB,0,1,0,
10610,2025-07-18,00,51,21,423870,2.004248,BB,0,1,0,
10611,2025-07-18,00,51,21,491488,0.067618,03,1183,0,1,
10612,2025-07-18,00,51,21,504508,0.01302,02,1629,0,1,
10613,2025-07-18,00,51,21,518812,0.014304,01,1632,0,1,
10614,2025-07-18,00,51,21,740373,0.221561,01,250,0,0,Node 01: Network 3
10615,2025-07-18,00,51,22,240516,0.500143,02,750,0,0,Node 02: Network 3
10616,2025-07-18,00,51,22,743481,0.502965,03,1250,0,0,Node 03: Network 3
10617,2025-07-18,00,51,23,741375,0.997894,01,250,0,0,Node 01: Network 3
10618,2025-07-18,00,51,24,243395,0.50202,02,750,0,0,Node 02: Network 3
10619,2025-07-18,00,51,24,788260,0.544865,03,1250,0,0,Node 03: Network 3
10620,2025-07-18,00,51,25,741341,0.953081,01,250,0,0,Node 01: Network 3
10621,2025-07-18,00,51,26,245127,0.503786,02,750,0,0,Node 02: Network 3
10622,2025-07-18,00,51,26,790796,0.545669,03,1250,0,0,Node 03: Network 3
10623,2025-07-18,00,51,27,742473,0.951677,01,250,0,0,Node 01: Network 3
10624,2025-07-18,00,51,28,336153,0.59368,02,750,0,0,Node 02: Network 3
10625,2025-07-18,00,51,28,792525,0.456372,03,1250,0,0,Node 03: Network 3
10626,2025-07-18,00,51,29,742500,0.949975,01,250,0,0,Node 01: Network 3
10627,2025-07-18,00,51,30,337571,0.595071,02,750,0,0,Node 02: Network 3
10628,2025-07-18,00,51,30,793850,0.456279,03,1250,0,0,Node 03: Network 3
10629,2025-07-18,00,51,31,743615,0.949765,01,250,0,0,Node 01: Network 3
10630,2025-07-18,00,51,32,339632,0.596017,02,750,0,0,Node 02: Network 3
10631,2025-07-18,00,51,32,791770,0.452138,03,1250,0,0,Node 03: Network 3
10632,2025-07-18,00,51,33,743649,0.951879,01,250,0,0,Node 01: Network 3
10633,2025-07-18,00,51,34,335719,0.59207,02,750,0,0,Node 02: Network 3
10634,2025-07-18,00,51,34,791358,0.455639,03,1250,0,0,Node 03: Network 3
10635,2025-07-18,00,51,35,745891,0.954533,01,250,0,0,Node 01: Network 3
10636,2025-07-18,00,51,36,334302,0.588411,02,750,0,0,Node 02: Network 3
10637,2025-07-18,00,51,36,791257,0.456955,03,1250,0,0,Node 03: Network 3
10638,2025-07-18,00,51,37,746330,0.955073,01,250,0,0,Node 01: Network 3
10639,2025-07-18,00,51,38,337164,0.590834,02,750,0,0,Node 02: Network 3
10640,2025-07-18,00,51,38,795757,0.458593,03,1251,0,0,Node 03: Network 3
10641,2025-07-18,00,51,39,747130,0.951373,01,250,0,0,Node 01: Network 3
10642,2025-07-18,00,51,40,338016,0.590886,02,750,0,0,Node 02: Network 3
10643,2025-07-18,00,51,40,885174,0.547158,03,1250,0,0,Node 03: Network 3
10644,2025-07-18,00,51,41,746692,0.861518,01,250,0,0,Node 01: Network 3
10645,2025-07-18,00,51,42,341442,0.59475,02,750,0,0,Node 02: Network 3
10646,2025-07-18,00,51,42,887684,0.546242,03,1250,0,0,Node 03: Network 3
10647,2025-07-18,00,51,43,747660,0.859976,01,250,0,0,Node 01: Network 3
10648,2025-07-18,00,51,44,342735,0.595075,02,750,0,0,Node 02: Network 3
10649,2025-07-18,00,51,44,889535,0.5468,03,1250,0,0,Node 03: Network 3
10650,2025-07-18,00,51,45,748583,0.859048,01,250,0,0,Node 01: Network 3
10651,2025-07-18,00,51,46,433624,0.685041,02,750,0,0,Node 02: Network 3
10652,2025-07-18,00,51,46,891142,0.457518,03,1250,0,0,Node 03: Network 3
10653,2025-07-18,00,51,47,978337,1.087195,01,250,0,0,Node 01: Network 3
10654,2025-07-18,00,51,48,435516,0.457179,02,750,0,0,Node 02: Network 3
10655,2025-07-18,00,51,48,893711,0.458195,03,1250,0,0,Node 03: Network 3
10656,2025-07-18,00,51,49,978303,1.084592,01,250,0,0,Node 01: Network 3
10657,2025-07-18,00,51,50,438213,0.45991,02,750,0,0,Node 02: Network 3
10658,2025-07-18,00,51,50,895246,0.457033,03,1250,0,0,Node 03: Network 3
10659,2025-07-18,00,51,51,979333,1.084087,01,250,0,0,Node 01: Network 3
10660,2025-07-18,00,51,52,439456,0.460123,02,750,0,0,Node 02: Network 3
10661,2025-07-18,00,51,52,898187,0.458731,03,1250,0,0,Node 03: Network 3
10662,2025-07-18,00,51,53,980630,1.082443,01,250,0,0,Node 01: Network 3
10663,2025-07-18,00,51,54,441799,0.461169,02,750,0,0,Node 02: Network 3
10664,2025-07-18,00,51,54,899406,0.457607,03,1250,0,0,Node 03: Network 3
10665,2025-07-18,00,51,55,981882,1.082476,01,250,0,0,Node 01: Network 3
10666,2025-07-18,00,51,56,443748,0.461866,02,750,0,0,Node 02: Network 3
10667,2025-07-18,00,51,56,902179,0.458431,03,1250,0,0,Node 03: Network 3
10668,2025-07-18,00,51,57,983088,1.080909,01,250,0,0,Node 01: Network 3
10669,2025-07-18,00,51,58,445849,0.462761,02,750,0,0,Node 02: Network 3
10670,2025-07-18,00,51,58,905151,0.459302,03,1250,0,0,Node 03: Network 3
10671,2025-07-18,00,51,59,990962,1.085811,01,250,0,0,Node 01: Network 3
10672,2025-07-18,00,52,00,448226,0.457264,02,750,0,0,Node 02: Network 3
10673,2025-07-18,00,52,00,906316,0.45809,03,1250,0,0,Node 03: Network 3
10674,2025-07-18,00,52,01,990422,1.084106,01,250,0,0,Node 01: Network 3
10675,2025-07-18,00,52,02,449178,0.458756,02,750,0,0,Node 02: Network 3
10676,2025-07-18,00,52,02,909330,0.460152,03,1250,0,0,Node 03: Network 3
10677,2025-07-18,00,52,03,953037,1.043707,01,250,0,0,Node 01: Network 3
10678,2025-07-18,00,52,04,454001,0.500964,02,750,0,0,Node 02: Network 3
10679,2025-07-18,00,52,04,910871,0.45687,03,1250,0,0,Node 03: Network 3
10680,2025-07-18,00,52,05,975350,1.064479,01,250,0,0,Node 01: Network 3
10681,2025-07-18,00,52,06,455970,0.48062,02,750,0,0,Node 02: Network 3
10682,2025-07-18,00,52,06,912820,0.45685,03,1250,0,0,Node 03: Network 3
10683,2025-07-18,00,52,07,953924,1.041104,01,250,0,0,Node 01: Network 3
10684,2025-07-18,00,52,08,457598,0.503674,02,750,0,0,Node 02: Network 3
10685,2025-07-18,00,52,08,914827,0.457229,03,1250,0,0,Node 03: Network 3
10686,2025-07-18,00,52,09,953593,1.038766,01,250,0,0,Node 01: Network 3
10687,2025-07-18,00,52,10,459334,0.505741,02,750,0,0,Node 02: Network 3
10688,2025-07-18,00,52,10,917296,0.457962,03,1250,0,0,Node 03: Network 3
10689,2025-07-18,00,52,11,954503,1.037207,01,250,0,0,Node 01: Network 3
10690,2025-07-18,00,52,12,463009,0.508506,02,750,0,0,Node 02: Network 3
10691,2025-07-18,00,52,14,007636,1.544627,01,250,0,0,Node 01: Network 3
10692,2025-07-18,00,52,14,464828,0.457192,02,750,0,0,Node 02: Network 3
10693,2025-07-18,00,52,15,055205,0.590377,03,1250,0,0,Node 03: Network 3
10694,2025-07-18,00,52,15,541501,0.486296,BB,0,1,0,
10695,2025-07-18,00,52,17,545115,2.003614,BB,0,1,0,
10696,2025-07-18,00,52,17,609064,0.063949,03,1812,0,1,
10697,2025-07-18,00,52,17,623088,0.014024,01,1859,0,1,
10698,2025-07-18,00,52,17,636543,0.013455,02,1901,0,1,
10699,2025-07-18,00,52,17,861439,0.224896,01,250,0,0,Node 01: Network 3
10700,2025-07-18,00,52,18,361571,0.500132,02,750,0,0,Node 02: Network 3
10701,2025-07-18,00,52,18,863852,0.502281,03,1250,0,0,Node 03: Network 3
10702,2025-07-18,00,52,19,905484,1.041632,01,250,0,0,Node 01: Network 3
10703,2025-07-18,00,52,20,363678,0.458194,02,750,0,0,Node 02: Network 3
10704,2025-07-18,00,52,20,866620,0.502942,03,1251,0,0,Node 03: Network 3
10705,2025-07-18,00,52,21,908732,1.042112,01,250,0,0,Node 01: Network 3
10706,2025-07-18,00,52,22,367019,0.458287,02,750,0,0,Node 02: Network 3
10707,2025-07-18,00,52,22,868409,0.50139,03,1250,0,0,Node 03: Network 3
10708,2025-07-18,00,52,23,909416,1.041007,01,250,0,0,Node 01: Network 3
10709,2025-07-18,00,52,24,368622,0.459206,02,750,0,0,Node 02: Network 3
10710,2025-07-18,00,52,24,870965,0.502343,03,1250,0,0,Node 03: Network 3
10711,2025-07-18,00,52,25,910040,1.039075,01,250,0,0,Node 01: Network 3
10712,2025-07-18,00,52,26,370502,0.460462,02,750,0,0,Node 02: Network 3
10713,2025-07-18,00,52,26,957340,0.586838,03,1250,0,0,Node 03: Network 3
10714,2025-07-18,00,52,27,910797,0.953457,01,250,0,0,Node 01: Network 3
10715,2025-07-18,00,52,28,371460,0.460663,02,750,0,0,Node 02: Network 3
10716,2025-07-18,00,52,28,958503,0.587043,03,1250,0,0,Node 03: Network 3
10717,2025-07-18,00,52,29,912061,0.953558,01,250,0,0,Node 01: Network 3
10718,2025-07-18,00,52,30,373904,0.461843,02,750,0,0,Node 02: Network 3
10719,2025-07-18,00,52,30,960963,0.587059,03,1250,0,0,Node 03: Network 3
10720,2025-07-18,00,52,31,913240,0.952277,01,250,0,0,Node 01: Network 3
10721,2025-07-18,00,52,32,375827,0.462587,02,750,0,0,Node 02: Network 3
10722,2025-07-18,00,52,32,962852,0.587025,03,1250,0,0,Node 03: Network 3
10723,2025-07-18,00,52,33,912722,0.94987,01,250,0,0,Node 01: Network 3
10724,2025-07-18,00,52,34,378366,0.465644,02,750,0,0,Node 02: Network 3
10725,2025-07-18,00,52,34,960229,0.581863,03,1250,0,0,Node 03: Network 3
10726,2025-07-18,00,52,35,914326,0.954097,01,250,0,0,Node 01: Network 3
10727,2025-07-18,00,52,36,379984,0.465658,02,750,0,0,Node 02: Network 3
10728,2025-07-18,00,52,36,927272,0.547288,03,1251,0,0,Node 03: Network 3
10729,2025-07-18,00,52,37,914204,0.986932,01,250,0,0,Node 01: Network 3
10730,2025-07-18,00,52,38,382240,0.468036,02,750,0,0,Node 02: Network 3
10731,2025-07-18,00,52,38,928503,0.546263,03,1250,0,0,Node 03: Network 3
10732,2025-07-18,00,52,39,915449,0.986946,01,250,0,0,Node 01: Network 3
10733,2025-07-18,00,52,40,384054,0.468605,02,750,0,0,Node 02: Network 3
10734,2025-07-18,00,52,40,931814,0.54776,03,1250,0,0,Node 03: Network 3
10735,2025-07-18,00,52,41,914598,0.982784,01,250,0,0,Node 01: Network 3
10736,2025-07-18,00,52,42,386512,0.471914,02,750,0,0,Node 02: Network 3
10737,2025-07-18,00,52,42,932675,0.546163,03,1250,0,0,Node 03: Network 3
10738,2025-07-18,00,52,43,915904,0.983229,01,250,0,0,Node 01: Network 3
10739,2025-07-18,00,52,44,388620,0.472716,02,750,0,0,Node 02: Network 3
10740,2025-07-18,00,52,44,936008,0.547388,03,1250,0,0,Node 03: Network 3
10741,2025-07-18,00,52,45,917654,0.981646,01,250,0,0,Node 01: Network 3
10742,2025-07-18,00,52,46,390388,0.472734,02,750,0,0,Node 02: Network 3
10743,2025-07-18,00,52,46,937698,0.54731,03,1250,0,0,Node 03: Network 3
10744,2025-07-18,00,52,47,918834,0.981136,01,250,0,0,Node 01: Network 3
10745,2025-07-18,00,52,48,482792,0.563958,02,750,0,0,Node 02: Network 3
10746,2025-07-18,00,52,48,939734,0.456942,03,1250,0,0,Node 03: Network 3
10747,2025-07-18,00,52,49,919053,0.979319,01,250,0,0,Node 01: Network 3
10748,2025-07-18,00,52,50,483576,0.564523,02,750,0,0,Node 02: Network 3
10749,2025-07-18,00,52,50,965338,0.481762,03,1250,0,0,Node 03: Network 3
10750,2025-07-18,00,52,52,028203,1.062865,01,250,0,0,Node 01: Network 3
10751,2025-07-18,00,52,52,485612,0.457409,02,750,0,0,Node 02: Network 3
10752,2025-07-18,00,52,52,968943,0.483331,03,1250,0,0,Node 03: Network 3
10753,2025-07-18,00,52,54,030857,1.061914,01,251,0,0,Node 01: Network 3
10754,2025-07-18,00,52,54,488189,0.457332,02,750,0,0,Node 02: Network 3
10755,2025-07-18,00,52,54,970342,0.482153,03,1250,0,0,Node 03: Network 3
10756,2025-07-18,00,52,56,031966,1.061624,01,250,0,0,Node 01: Network 3
10757,2025-07-18,00,52,56,490698,0.458732,02,750,0,0,Node 02: Network 3
10758,2025-07-18,00,52,57,037444,0.546746,03,1250,0,0,Node 03: Network 3
10759,2025-07-18,00,52,58,034562,0.997118,01,250,0,0,Node 01: Network 3
10760,2025-07-18,00,52,58,492704,0.458142,02,750,0,0,Node 02: Network 3
10761,2025-07-18,00,52,59,039054,0.54635,03,1250,0,0,Node 03: Network 3
10762,2025-07-18,00,53,00,035166,0.996112,01,250,0,0,Node 01: Network 3
10763,2025-07-18,00,53,00,583899,0.548733,02,750,0,0,Node 02: Network 3
10764,2025-07-18,00,53,01,041110,0.457211,03,1250,0,0,Node 03: Network 3
10765,2025-07-18,00,53,02,036080,0.99497,01,250,0,0,Node 01: Network 3
10766,2025-07-18,00,53,02,585650,0.54957,02,750,0,0,Node 02: Network 3
10767,2025-07-18,00,53,03,043695,0.458045,03,1250,0,0,Node 03: Network 3
10768,2025-07-18,00,53,04,037207,0.993512,01,250,0,0,Node 01: Network 3
10769,2025-07-18,00,53,04,587152,0.549945,02,750,0,0,Node 02: Network 3
10770,2025-07-18,00,53,05,044645,0.457493,03,1250,0,0,Node 03: Network 3
10771,2025-07-18,00,53,06,036975,0.99233,01,250,0,0,Node 01: Network 3
10772,2025-07-18,00,53,06,589444,0.552469,02,750,0,0,Node 02: Network 3
10773,2025-07-18,00,53,07,047795,0.458351,03,1250,0,0,Node 03: Network 3
10774,2025-07-18,00,53,08,038312,0.990517,01,250,0,0,Node 01: Network 3
10775,2025-07-18,00,53,08,591076,0.552764,02,750,0,0,Node 02: Network 3
10776,2025-07-18,00,53,09,049193,0.458117,03,1250,0,0,Node 03: Network 3
10777,2025-07-18,00,53,10,038444,0.989251,01,250,0,0,Node 01: Network 3
10778,2025-07-18,00,53,10,594146,0.555702,02,750,0,0,Node 02: Network 3
10779,2025-07-18,00,53,11,053058,0.458912,03,1250,0,0,Node 03: Network 3
10780,2025-07-18,00,53,12,040513,0.987455,01,250,0,0,Node 01: Network 3
10781,2025-07-18,00,53,12,595832,0.555319,02,750,0,0,Node 02: Network 3
10782,2025-07-18,00,53,13,054346,0.458514,03,1250,0,0,Node 03: Network 3
10783,2025-07-18,00,53,14,040931,0.986585,01,250,0,0,Node 01: Network 3
10784,2025-07-18,00,53,14,597860,0.556929,02,750,0,0,Node 02: Network 3
10785,2025-07-18,00,53,15,087590,0.48973,03,1250,0,0,Node 03: Network 3
10786,2025-07-18,00,53,16,042024,0.954434,01,250,0,0,Node 01: Network 3
10787,2025-07-18,00,53,16,599595,0.557571,02,750,0,0,Node 02: Network 3
10788,2025-07-18,00,53,17,088332,0.488737,03,1250,0,0,Node 03: Network 3
10789,2025-07-18,00,53,18,041801,0.953469,01,250,0,0,Node 01: Network 3
10790,2025-07-18,00,53,18,601149,0.559348,02,750,0,0,Node 02: Network 3
10791,2025-07-18,00,53,19,090546,0.489397,03,1250,0,0,Node 03: Network 3
10792,2025-07-18,00,53,20,042408,0.951862,01,250,0,0,Node 01: Network 3
10793,2025-07-18,00,53,20,604277,0.561869,02,750,0,0,Node 02: Network 3
10794,2025-07-18,00,53,21,092638,0.488361,03,1250,0,0,Node 03: Network 3
10795,2025-07-18,00,53,22,043627,0.950989,01,250,0,0,Node 01: Network 3
10796,2025-07-18,00,53,22,635629,0.592002,02,750,0,0,Node 02: Network 3
10797,2025-07-18,00,53,23,095818,0.460189,03,1250,0,0,Node 03: Network 3
10798,2025-07-18,00,53,24,181042,1.085224,01,250,0,0,Node 01: Network 3
10799,2025-07-18,00,53,24,639885,0.458843,02,750,0,0,Node 02: Network 3
10800,2025-07-18,00,53,25,097490,0.457605,03,1250,0,0,Node 03: Network 3
10801,2025-07-18,00,53,26,183861,1.086371,01,250,0,0,Node 01: Network 3
10802,2025-07-18,00,53,26,641417,0.457556,02,750,0,0,Node 02: Network 3
10803,2025-07-18,00,53,26,881104,0.239687,BB,0,1,0,
10804,2025-07-18,00,53,26,949291,0.068187,BB,0,1,0,03:1183:0:1
10805,2025-07-18,00,53,26,992345,0.043054,01,1632,0,1,1629:0:1
10806,2025-07-18,00,53,27,060646,0.068301,01,250,0,0,Node 01: Network 3
10807,2025-07-18,00,53,27,094207,0.033561,02,750,0,0,Node 02: Network 3
10808,2025-07-18,00,53,27,107442,0.013235,02,1130,0,1,
10809,2025-07-18,00,53,27,120622,0.01318,03,1175,0,1,
10810,2025-07-18,00,53,27,175196,0.054574,01,250,0,0,Node 01: Network 3
10811,2025-07-18,00,53,27,296624,0.121428,02,750,0,0,Node 02: Network 3
10812,2025-07-18,00,53,27,331165,0.034541,03,1250,0,0,Node 03: Network 3
10813,2025-07-18,00,53,27,394598,0.063433,01,250,0,0,Node 01: Network 3
10814,2025-07-18,00,53,27,426541,0.031943,01,281,0,0,Node 01: Network 3
10815,2025-07-18,00,53,27,460090,0.033549,02,750,0,0,Node 02: Network 3
10816,2025-07-18,00,53,27,553391,0.093301,03,1250,0,0,Node 03: Network 3
10817,2025-07-18,00,53,27,588938,0.035547,01,250,0,0,Node 01: Network 3
10818,2025-07-18,00,53,27,693916,0.104978,02,750,0,0,Node 02: Network 3
10819,2025-07-18,00,53,27,788027,0.094111,03,1250,0,0,Node 03: Network 3
10820,2025-07-18,00,53,27,894738,0.106711,02,764,0,0,Node 02: Network 3
10821,2025-07-18,00,53,27,914520,0.019782,BB,0,1,0,
10822,2025-07-18,00,53,29,704382,1.789862,BB,0,1,0,
10823,2025-07-18,00,53,29,762942,0.05856,02,773,0,1,
10824,2025-07-18,00,53,29,796487,0.033545,03,922,0,1,
10825,2025-07-18,00,53,29,827616,0.031129,01,924,0,1,
10826,2025-07-18,00,53,30,021561,0.193945,01,250,0,0,Node 01: Network 3
10827,2025-07-18,00,53,30,521532,0.499971,02,750,0,0,Node 02: Network 3
10828,2025-07-18,00,53,31,025870,0.504338,03,1250,0,0,Node 03: Network 3
10829,2025-07-18,00,53,32,021818,0.995948,01,250,0,0,Node 01: Network 3
10830,2025-07-18,00,53,32,522637,0.500819,02,750,0,0,Node 02: Network 3
10831,2025-07-18,00,53,33,026874,0.504237,03,1250,0,0,Node 03: Network 3
10832,2025-07-18,00,53,34,022891,0.996017,01,250,0,0,Node 01: Network 3
10833,2025-07-18,00,53,34,525131,0.50224,02,750,0,0,Node 02: Network 3
10834,2025-07-18,00,53,35,028040,0.502909,03,1250,0,0,Node 03: Network 3
10835,2025-07-18,00,53,36,069212,1.041172,01,250,0,0,Node 01: Network 3
10836,2025-07-18,00,53,36,526219,0.457007,02,750,0,0,Node 02: Network 3
10837,2025-07-18,00,53,37,031507,0.505288,03,1250,0,0,Node 03: Network 3
10838,2025-07-18,00,53,38,070319,1.038812,01,250,0,0,Node 01: Network 3
10839,2025-07-18,00,53,38,528361,0.458042,02,750,0,0,Node 02: Network 3
10840,2025-07-18,00,53,39,033106,0.504745,03,1250,0,0,Node 03: Network 3
10841,2025-07-18,00,53,40,070341,1.037235,01,250,0,0,Node 01: Network 3
10842,2025-07-18,00,53,40,531118,0.460777,02,750,0,0,Node 02: Network 3
10843,2025-07-18,00,53,41,116396,0.585278,03,1250,0,0,Node 03: Network 3
10844,2025-07-18,00,53,42,070652,0.954256,01,250,0,0,Node 01: Network 3
10845,2025-07-18,00,53,42,532689,0.462037,02,750,0,0,Node 02: Network 3
10846,2025-07-18,00,53,43,119548,0.586859,03,1250,0,0,Node 03: Network 3
10847,2025-07-18,00,53,44,163187,1.043639,01,250,0,0,Node 01: Network 3
10848,2025-07-18,00,53,44,707796,0.544609,02,750,0,0,Node 02: Network 3
10849,2025-07-18,00,53,45,209613,0.501817,03,1250,0,0,Node 03: Network 3
10850,2025-07-18,00,53,46,164182,0.954569,01,250,0,0,Node 01: Network 3
10851,2025-07-18,00,53,46,753616,0.589434,02,750,0,0,Node 02: Network 3
10852,2025-07-18,00,53,47,212935,0.459319,03,1250,0,0,Node 03: Network 3
10853,2025-07-18,00,53,47,743275,0.53034,BB,0,1,0,
10854,2025-07-18,00,53,49,748092,2.004817,BB,0,1,0,
10855,2025-07-18,00,53,49,810116,0.062024,01,1906,0,1,
10856,2025-07-18,00,53,49,830728,0.020612,03,1857,0,1,
10857,2025-07-18,00,53,49,862127,0.031399,02,1813,0,1,
10858,2025-07-18,00,53,50,064161,0.202034,01,250,0,0,Node 01: Network 3
10859,2025-07-18,00,53,50,565206,0.501045,02,750,0,0,Node 02: Network 3
10860,2025-07-18,00,53,51,065617,0.500411,03,1250,0,0,Node 03: Network 3
10861,2025-07-18,00,53,52,109221,1.043604,01,250,0,0,Node 01: Network 3
10862,2025-07-18,00,53,52,566155,0.456934,02,750,0,0,Node 02: Network 3
10863,2025-07-18,00,53,53,068149,0.501994,03,1250,0,0,Node 03: Network 3
10864,2025-07-18,00,53,54,110482,1.042333,01,250,0,0,Node 01: Network 3
10865,2025-07-18,00,53,54,567873,0.457391,02,750,0,0,Node 02: Network 3
10866,2025-07-18,00,53,55,158266,0.590393,03,1250,0,0,Node 03: Network 3
10867,2025-07-18,00,53,56,110565,0.952299,01,250,0,0,Node 01: Network 3
10868,2025-07-18,00,53,56,571305,0.46074,02,750,0,0,Node 02: Network 3
10869,2025-07-18,00,53,57,159800,0.588495,03,1250,0,0,Node 03: Network 3
10870,2025-07-18,00,53,58,111381,0.951581,01,250,0,0,Node 01: Network 3
10871,2025-07-18,00,53,58,704288,0.592907,02,750,0,0,Node 02: Network 3
10872,2025-07-18,00,53,59,162381,0.458093,03,1250,0,0,Node 03: Network 3
10873,2025-07-18,00,54,00,111682,0.949301,01,250,0,0,Node 01: Network 3
10874,2025-07-18,00,54,00,706038,0.594356,02,750,0,0,Node 02: Network 3
10875,2025-07-18,00,54,01,164693,0.458655,03,1250,0,0,Node 03: Network 3
10876,2025-07-18,00,54,02,250853,1.08616,01,250,0,0,Node 01: Network 3
10877,2025-07-18,00,54,02,708320,0.457467,02,750,0,0,Node 02: Network 3
10878,2025-07-18,00,54,03,166517,0.458197,03,1250,0,0,Node 03: Network 3
10879,2025-07-18,00,54,04,250875,1.084358,01,250,0,0,Node 01: Network 3
10880,2025-07-18,00,54,04,709740,0.458865,02,750,0,0,Node 02: Network 3
10881,2025-07-18,00,54,05,169838,0.460098,03,1250,0,0,Node 03: Network 3
10882,2025-07-18,00,54,06,251711,1.081873,01,250,0,0,Node 01: Network 3
10883,2025-07-18,00,54,06,712606,0.460895,02,750,0,0,Node 02: Network 3
10884,2025-07-18,00,54,07,171333,0.458727,03,1250,0,0,Node 03: Network 3
10885,2025-07-18,00,54,08,254232,1.082899,01,250,0,0,Node 01: Network 3
10886,2025-07-18,00,54,08,718974,0.464742,02,750,0,0,Node 02: Network 3
10887,2025-07-18,00,54,09,173314,0.45434,03,1250,0,0,Node 03: Network 3
10888,2025-07-18,00,54,10,254188,1.080874,01,250,0,0,Node 01: Network 3
10889,2025-07-18,00,54,10,715806,0.461618,02,750,0,0,Node 02: Network 3
10890,2025-07-18,00,54,11,176320,0.460514,03,1250,0,0,Node 03: Network 3
10891,2025-07-18,00,54,12,253697,1.077377,01,250,0,0,Node 01: Network 3
10892,2025-07-18,00,54,12,717557,0.46386,02,750,0,0,Node 02: Network 3
10893,2025-07-18,00,54,13,300803,0.583246,03,1250,0,0,Node 03: Network 3
10894,2025-07-18,00,54,14,255518,0.954715,01,250,0,0,Node 01: Network 3
10895,2025-07-18,00,54,14,719142,0.463624,02,750,0,0,Node 02: Network 3
10896,2025-07-18,00,54,15,302442,0.5833,03,1250,0,0,Node 03: Network 3
10897,2025-07-18,00,54,16,264132,0.96169,01,250,0,0,Node 01: Network 3
10898,2025-07-18,00,54,16,722292,0.45816,02,750,0,0,Node 02: Network 3
10899,2025-07-18,00,54,17,304769,0.582477,03,1250,0,0,Node 03: Network 3
10900,2025-07-18,00,54,18,264371,0.959602,01,250,0,0,Node 01: Network 3
10901,2025-07-18,00,54,18,723881,0.45951,02,750,0,0,Node 02: Network 3
10902,2025-07-18,00,54,19,310768,0.586887,03,1250,0,0,Node 03: Network 3
10903,2025-07-18,00,54,20,265346,0.954578,01,250,0,0,Node 01: Network 3
10904,2025-07-18,00,54,20,726480,0.461134,02,750,0,0,Node 02: Network 3
10905,2025-07-18,00,54,21,313873,0.587393,03,1250,0,0,Node 03: Network 3
10906,2025-07-18,00,54,22,265858,0.951985,01,250,0,0,Node 01: Network 3
10907,2025-07-18,00,54,22,728991,0.463133,02,750,0,0,Node 02: Network 3
10908,2025-07-18,00,54,23,315682,0.586691,03,1250,0,0,Node 03: Network 3
10909,2025-07-18,00,54,24,266880,0.951198,01,250,0,0,Node 01: Network 3
10910,2025-07-18,00,54,24,730615,0.463735,02,750,0,0,Node 02: Network 3
10911,2025-07-18,00,54,25,318117,0.587502,03,1250,0,0,Node 03: Network 3
10912,2025-07-18,00,54,26,267059,0.948942,01,250,0,0,Node 01: Network 3
10913,2025-07-18,00,54,26,863029,0.59597,02,750,0,0,Node 02: Network 3
10914,2025-07-18,00,54,27,312793,0.449764,03,1250,0,0,Node 03: Network 3
10915,2025-07-18,00,54,27,830968,0.518175,BB,0,1,0,
10916,2025-07-18,00,54,29,835468,2.0045,BB,0,1,0,
10917,2025-07-18,00,54,29,880170,0.044702,03,1845,0,1,
10918,2025-07-18,00,54,29,915280,0.03511,01,1889,0,1,
10919,2025-07-18,00,54,29,928789,0.013509,02,1793,0,1,
10920,2025-07-18,00,54,30,152037,0.223248,01,251,0,0,Node 01: Network 3
10921,2025-07-18,00,54,30,651326,0.499289,02,750,0,0,Node 02: Network 3
10922,2025-07-18,00,54,31,154822,0.503496,03,1250,0,0,Node 03: Network 3
10923,2025-07-18,00,54,32,151447,0.996625,01,250,0,0,Node 01: Network 3
10924,2025-07-18,00,54,32,653400,0.501953,02,750,0,0,Node 02: Network 3
10925,2025-07-18,00,54,33,198673,0.545273,03,1250,0,0,Node 03: Network 3
10926,2025-07-18,00,54,34,153430,0.954757,01,250,0,0,Node 01: Network 3
10927,2025-07-18,00,54,34,742921,0.589491,02,750,0,0,Node 02: Network 3
10928,2025-07-18,00,54,35,200058,0.457137,03,1250,0,0,Node 03: Network 3
10929,2025-07-18,00,54,36,153462,0.953404,01,250,0,0,Node 01: Network 3
10930,2025-07-18,00,54,36,744609,0.591147,02,750,0,0,Node 02: Network 3
10931,2025-07-18,00,54,37,202716,0.458107,03,1250,0,0,Node 03: Network 3
10932,2025-07-18,00,54,38,152967,0.950251,01,250,0,0,Node 01: Network 3
10933,2025-07-18,00,54,38,747609,0.594642,02,751,0,0,Node 02: Network 3
10934,2025-07-18,00,54,39,201656,0.454047,03,1250,0,0,Node 03: Network 3
10935,2025-07-18,00,54,40,154268,0.952612,01,250,0,0,Node 01: Network 3
10936,2025-07-18,00,54,40,745964,0.591696,02,750,0,0,Node 02: Network 3
10937,2025-07-18,00,54,41,203238,0.457274,03,1250,0,0,Node 03: Network 3
10938,2025-07-18,00,54,42,155800,0.952562,01,250,0,0,Node 01: Network 3
10939,2025-07-18,00,54,42,747391,0.591591,02,750,0,0,Node 02: Network 3
10940,2025-07-18,00,54,43,205013,0.457622,03,1250,0,0,Node 03: Network 3
10941,2025-07-18,00,54,44,155530,0.950517,01,250,0,0,Node 01: Network 3
10942,2025-07-18,00,54,44,749404,0.593874,02,750,0,0,Node 02: Network 3
10943,2025-07-18,00,54,45,207715,0.458311,03,1250,0,0,Node 03: Network 3
10944,2025-07-18,00,54,46,158038,0.950323,01,251,0,0,Node 01: Network 3
10945,2025-07-18,00,54,46,752038,0.594,02,750,0,0,Node 02: Network 3
10946,2025-07-18,00,54,47,209295,0.457257,03,1250,0,0,Node 03: Network 3
10947,2025-07-18,00,54,48,158030,0.948735,01,250,0,0,Node 01: Network 3
10948,2025-07-18,00,54,48,753842,0.595812,02,750,0,0,Node 02: Network 3
10949,2025-07-18,00,54,49,211848,0.458006,03,1250,0,0,Node 03: Network 3
10950,2025-07-18,00,54,50,296798,1.08495,01,250,0,0,Node 01: Network 3
10951,2025-07-18,00,54,50,755601,0.458803,02,750,0,0,Node 02: Network 3
10952,2025-07-18,00,54,51,214084,0.458483,03,1250,0,0,Node 03: Network 3
10953,2025-07-18,00,54,52,298278,1.084194,01,250,0,0,Node 01: Network 3
10954,2025-07-18,00,54,52,757603,0.459325,02,750,0,0,Node 02: Network 3
10955,2025-07-18,00,54,53,216501,0.458898,03,1250,0,0,Node 03: Network 3
10956,2025-07-18,00,54,54,298705,1.082204,01,250,0,0,Node 01: Network 3
10957,2025-07-18,00,54,54,760630,0.461925,02,750,0,0,Node 02: Network 3
10958,2025-07-18,00,54,55,218341,0.457711,03,1250,0,0,Node 03: Network 3
10959,2025-07-18,00,54,56,304276,1.085935,01,250,0,0,Node 01: Network 3
10960,2025-07-18,00,54,56,761903,0.457627,02,750,0,0,Node 02: Network 3
10961,2025-07-18,00,54,57,220069,0.458166,03,1250,0,0,Node 03: Network 3
10962,2025-07-18,00,54,58,305391,1.085322,01,250,0,0,Node 01: Network 3
10963,2025-07-18,00,54,58,764032,0.458641,02,750,0,0,Node 02: Network 3
10964,2025-07-18,00,54,59,223364,0.459332,03,1250,0,0,Node 03: Network 3
10965,2025-07-18,00,55,00,308343,1.084979,01,250,0,0,Node 01: Network 3
10966,2025-07-18,00,55,00,765673,0.45733,02,750,0,0,Node 02: Network 3
10967,2025-07-18,00,55,01,355007,0.589334,03,1250,0,0,Node 03: Network 3
10968,2025-07-18,00,55,02,310987,0.95598,01,250,0,0,Node 01: Network 3
10969,2025-07-18,00,55,02,767723,0.456736,02,750,0,0,Node 02: Network 3
10970,2025-07-18,00,55,03,357119,0.589396,03,1250,0,0,Node 03: Network 3
10971,2025-07-18,00,55,04,310757,0.953638,01,250,0,0,Node 01: Network 3
10972,2025-07-18,00,55,04,769537,0.45878,02,750,0,0,Node 02: Network 3
10973,2025-07-18,00,55,05,358357,0.58882,03,1250,0,0,Node 03: Network 3
10974,2025-07-18,00,55,06,311873,0.953516,01,250,0,0,Node 01: Network 3
10975,2025-07-18,00,55,06,772020,0.460147,02,750,0,0,Node 02: Network 3
10976,2025-07-18,00,55,07,359248,0.587228,03,1250,0,0,Node 03: Network 3
10977,2025-07-18,00,55,08,312365,0.953117,01,250,0,0,Node 01: Network 3
10978,2025-07-18,00,55,08,773898,0.461533,02,750,0,0,Node 02: Network 3
10979,2025-07-18,00,55,09,361277,0.587379,03,1250,0,0,Node 03: Network 3
10980,2025-07-18,00,55,10,313943,0.952666,01,250,0,0,Node 01: Network 3
10981,2025-07-18,00,55,10,775644,0.461701,02,750,0,0,Node 02: Network 3
10982,2025-07-18,00,55,11,362460,0.586816,03,1250,0,0,Node 03: Network 3
10983,2025-07-18,00,55,12,314101,0.951641,01,250,0,0,Node 01: Network 3
10984,2025-07-18,00,55,12,778828,0.464727,02,750,0,0,Node 02: Network 3
10985,2025-07-18,00,55,13,365800,0.586972,03,1250,0,0,Node 03: Network 3
10986,2025-07-18,00,55,14,314969,0.949169,01,250,0,0,Node 01: Network 3
10987,2025-07-18,00,55,14,779785,0.464816,02,750,0,0,Node 02: Network 3
10988,2025-07-18,00,55,15,367273,0.587488,03,1250,0,0,Node 03: Network 3
10989,2025-07-18,00,55,16,315987,0.948714,01,250,0,0,Node 01: Network 3
10990,2025-07-18,00,55,16,782163,0.466176,02,750,0,0,Node 02: Network 3
10991,2025-07-18,00,55,17,368566,0.586403,03,1250,0,0,Node 03: Network 3
10992,2025-07-18,00,55,18,326920,0.958354,01,250,0,0,Node 01: Network 3
10993,2025-07-18,00,55,18,784514,0.457594,02,750,0,0,Node 02: Network 3
10994,2025-07-18,00,55,19,373691,0.589177,03,1250,0,0,Node 03: Network 3
10995,2025-07-18,00,55,20,326517,0.952826,01,250,0,0,Node 01: Network 3
10996,2025-07-18,00,55,20,917509,0.590992,02,750,0,0,Node 02: Network 3
10997,2025-07-18,00,55,21,375046,0.457537,03,1250,0,0,Node 03: Network 3
10998,2025-07-18,00,55,22,327666,0.95262,01,250,0,0,Node 01: Network 3
10999,2025-07-18,00,55,22,920261,0.592595,02,750,0,0,Node 02: Network 3
11000,2025-07-18,00,55,23,378327,0.458066,03,1250,0,0,Node 03: Network 3
11001,2025-07-18,00,55,24,463346,1.085019,01,250,0,0,Node 01: Network 3
11002,2025-07-18,00,55,24,921787,0.458441,02,750,0,0,Node 02: Network 3
11003,2025-07-18,00,55,25,380321,0.458534,03,1250,0,0,Node 03: Network 3
11004,2025-07-18,00,55,25,959094,0.578773,BB,0,1,0,
11005,2025-07-18,00,55,27,963043,2.003949,BB,0,1,0,
11006,2025-07-18,00,55,28,023411,0.060368,02,1861,0,1,
11007,2025-07-18,00,55,28,041437,0.018026,03,1905,0,1,
11008,2025-07-18,00,55,28,054967,0.01353,01,1821,0,1,
11009,2025-07-18,00,55,28,282996,0.228029,01,250,0,0,Node 01: Network 3
11010,2025-07-18,00,55,28,779113,0.496117,02,750,0,0,Node 02: Network 3
11011,2025-07-18,00,55,29,281508,0.502395,03,1250,0,0,Node 03: Network 3
11012,2025-07-18,00,55,30,280170,0.998662,01,250,0,0,Node 01: Network 3
11013,2025-07-18,00,55,30,826212,0.546042,02,750,0,0,Node 02: Network 3
11014,2025-07-18,00,55,31,283877,0.457665,03,1250,0,0,Node 03: Network 3
11015,2025-07-18,00,55,32,280355,0.996478,01,250,0,0,Node 01: Network 3
11016,2025-07-18,00,55,32,827840,0.547485,02,750,0,0,Node 02: Network 3
11017,2025-07-18,00,55,33,286814,0.458974,03,1250,0,0,Node 03: Network 3
11018,2025-07-18,00,55,34,281092,0.994278,01,250,0,0,Node 01: Network 3
11019,2025-07-18,00,55,34,613718,0.332626,BB,0,1,0,
11020,2025-07-18,00,55,34,663701,0.049983,BB,0,1,0,922:0:1
11021,2025-07-18,00,55,34,740186,0.076485,02,773,0,1,01:924:0:1
11022,2025-07-18,00,55,34,752209,0.012023,03,701,0,1,
11023,2025-07-18,00,55,34,765238,0.013029,01,706,0,1,
11024,2025-07-18,00,55,34,777763,0.012525,02,656,0,1,
11025,2025-07-18,00,55,34,836117,0.058354,01,250,0,0,Node 01: Network 3
11026,2025-07-18,00,55,35,056581,0.220464,01,280,0,0,Node 01: Network 3
11027,2025-07-18,00,55,35,127550,0.070969,02,750,0,0,Node 02: Network 3
11028,2025-07-18,00,55,35,186288,0.058738,02,764,0,0,Node 02: Network 3
11029,2025-07-18,00,55,35,240000,0.053712,01,250,0,0,Node 01: Network 3
11030,2025-07-18,00,55,35,350346,0.110346,02,750,0,0,Node 02: Network 3
11031,2025-07-18,00,55,35,395424,0.045078,03,1250,0,0,Node 03: Network 3
11032,2025-07-18,00,55,35,452536,0.057112,01,250,0,0,Node 01: Network 3
11033,2025-07-18,00,55,35,502139,0.049603,02,750,0,0,Node 02: Network 3
11034,2025-07-18,00,55,35,534707,0.032568,02,750,0,0,Node 02: Network 3
11035,2025-07-18,00,55,35,618160,0.083453,03,1250,0,0,Node 03: Network 3
11036,2025-07-18,00,55,35,708827,0.090667,01,250,0,0,Node 01: Network 3
11037,2025-07-18,00,55,35,839864,0.131037,02,750,0,0,Node 02: Network 3
11038,2025-07-18,00,55,35,974460,0.134596,03,1250,0,0,Node 03: Network 3
11039,2025-07-18,00,55,36,046410,0.07195,BB,0,1,0,
11040,2025-07-18,00,55,39,990174,3.943764,BB,0,1,0,
11041,2025-07-18,00,55,40,034903,0.044729,02,1337,0,1,
11042,2025-07-18,00,55,40,076571,0.041668,03,1336,0,1,
11043,2025-07-18,00,55,40,095744,0.019173,01,1431,0,1,
11044,2025-07-18,00,55,40,305233,0.209489,01,250,0,0,Node 01: Network 3
11045,2025-07-18,00,55,40,848603,0.54337,02,750,0,0,Node 02: Network 3
11046,2025-07-18,00,55,41,308710,0.460107,03,1250,0,0,Node 03: Network 3
11047,2025-07-18,00,55,42,851273,1.542563,02,750,0,0,Node 02: Network 3
11048,2025-07-18,00,55,43,311714,0.460441,03,1250,0,0,Node 03: Network 3
11049,2025-07-18,00,55,44,395059,1.083345,01,250,0,0,Node 01: Network 3
11050,2025-07-18,00,55,44,854208,0.459149,02,750,0,0,Node 02: Network 3
11051,2025-07-18,00,55,45,312844,0.458636,03,1250,0,0,Node 03: Network 3
11052,2025-07-18,00,55,46,396230,1.083386,01,250,0,0,Node 01: Network 3
11053,2025-07-18,00,55,46,855565,0.459335,02,750,0,0,Node 02: Network 3
11054,2025-07-18,00,55,47,314867,0.459302,03,1250,0,0,Node 03: Network 3
11055,2025-07-18,00,55,48,396358,1.081491,01,250,0,0,Node 01: Network 3
11056,2025-07-18,00,55,48,857778,0.46142,02,750,0,0,Node 02: Network 3
11057,2025-07-18,00,55,49,317526,0.459748,03,1250,0,0,Node 03: Network 3
11058,2025-07-18,00,55,50,397517,1.079991,01,250,0,0,Node 01: Network 3
11059,2025-07-18,00,55,50,858819,0.461302,02,750,0,0,Node 02: Network 3
11060,2025-07-18,00,55,51,318576,0.459757,03,1250,0,0,Node 03: Network 3
11061,2025-07-18,00,55,52,398788,1.080212,01,251,0,0,Node 01: Network 3
11062,2025-07-18,00,55,52,861478,0.46269,02,750,0,0,Node 02: Network 3
11063,2025-07-18,00,55,53,322634,0.461156,03,1251,0,0,Node 03: Network 3
11064,2025-07-18,00,55,54,405873,1.083239,01,251,0,0,Node 01: Network 3
11065,2025-07-18,00,55,55,324363,0.91849,03,1250,0,0,Node 03: Network 3
11066,2025-07-18,00,55,56,406872,1.082509,01,250,0,0,Node 01: Network 3
11067,2025-07-18,00,55,56,868318,0.461446,02,750,0,0,Node 02: Network 3
11068,2025-07-18,00,55,57,325972,0.457654,03,1250,0,0,Node 03: Network 3
11069,2025-07-18,00,55,58,411092,1.08512,01,250,0,0,Node 01: Network 3
11070,2025-07-18,00,55,58,870692,0.4596,02,751,0,0,Node 02: Network 3
11071,2025-07-18,00,55,59,328702,0.45801,03,1250,0,0,Node 03: Network 3
11072,2025-07-18,00,56,00,412140,1.083438,01,250,0,0,Node 01: Network 3
11073,2025-07-18,00,56,00,872337,0.460197,02,750,0,0,Node 02: Network 3
11074,2025-07-18,00,56,01,330272,0.457935,03,1250,0,0,Node 03: Network 3
11075,2025-07-18,00,56,02,412727,1.082455,01,250,0,0,Node 01: Network 3
11076,2025-07-18,00,56,03,332518,0.919791,03,1250,0,0,Node 03: Network 3
11077,2025-07-18,00,56,04,876887,1.544369,02,750,0,0,Node 02: Network 3
11078,2025-07-18,00,56,05,423286,0.546399,03,1250,0,0,Node 03: Network 3
11079,2025-07-18,00,56,06,421159,0.997873,01,250,0,0,Node 01: Network 3
11080,2025-07-18,00,56,06,968015,0.546856,02,750,0,0,Node 02: Network 3
11081,2025-07-18,00,56,07,424997,0.456982,03,1250,0,0,Node 03: Network 3
11082,2025-07-18,00,56,08,420408,0.995411,01,250,0,0,Node 01: Network 3
11083,2025-07-18,00,56,08,969400,0.548992,02,750,0,0,Node 02: Network 3
11084,2025-07-18,00,56,09,426602,0.457202,03,1250,0,0,Node 03: Network 3
11085,2025-07-18,00,56,10,514277,1.087675,01,250,0,0,Node 01: Network 3
11086,2025-07-18,00,56,10,971919,0.457642,02,750,0,0,Node 02: Network 3
11087,2025-07-18,00,56,11,429700,0.457781,03,1250,0,0,Node 03: Network 3
11088,2025-07-18,00,56,12,514390,1.08469,01,250,0,0,Node 01: Network 3
11089,2025-07-18,00,56,12,973505,0.459115,02,750,0,0,Node 02: Network 3
11090,2025-07-18,00,56,13,431763,0.458258,03,1250,0,0,Node 03: Network 3
11091,2025-07-18,00,56,14,515154,1.083391,01,250,0,0,Node 01: Network 3
11092,2025-07-18,00,56,14,975019,0.459865,02,750,0,0,Node 02: Network 3
11093,2025-07-18,00,56,16,515246,1.540227,01,250,0,0,Node 01: Network 3
11094,2025-07-18,00,56,16,978618,0.463372,02,750,0,0,Node 02: Network 3
11095,2025-07-18,00,56,17,563157,0.584539,03,1250,0,0,Node 03: Network 3
11096,2025-07-18,00,56,18,516455,0.953298,01,250,0,0,Node 01: Network 3
11097,2025-07-18,00,56,19,107853,0.591398,02,750,0,0,Node 02: Network 3
11098,2025-07-18,00,56,19,564901,0.457048,03,1250,0,0,Node 03: Network 3
11099,2025-07-18,00,56,20,077188,0.512287,BB,0,1,0,
11100,2025-07-18,00,56,22,082111,2.004923,BB,0,1,0,
11101,2025-07-18,00,56,22,139632,0.057521,03,1839,0,1,
11102,2025-07-18,00,56,22,176832,0.0372,02,1794,0,1,
11103,2025-07-18,00,56,22,224810,0.047978,01,1887,0,1,
11104,2025-07-18,00,56,22,397312,0.172502,01,250,0,0,Node 01: Network 3
11105,2025-07-18,00,56,22,941245,0.543933,02,750,0,0,Node 02: Network 3
11106,2025-07-18,00,56,23,400227,0.458982,03,1250,0,0,Node 03: Network 3
11107,2025-07-18,00,56,24,443720,1.043493,01,250,0,0,Node 01: Network 3
11108,2025-07-18,00,56,24,943131,0.499411,02,750,0,0,Node 02: Network 3
11109,2025-07-18,00,56,25,489518,0.546387,03,1250,0,0,Node 03: Network 3
11110,2025-07-18,00,56,26,443885,0.954367,01,250,0,0,Node 01: Network 3
11111,2025-07-18,00,56,27,491894,1.048009,03,1250,0,0,Node 03: Network 3
11112,2025-07-18,00,56,28,536015,1.044121,01,250,0,0,Node 01: Network 3
11113,2025-07-18,00,56,29,036976,0.500961,02,750,0,0,Node 02: Network 3
11114,2025-07-18,00,56,29,494507,0.457531,03,1250,0,0,Node 03: Network 3
11115,2025-07-18,00,56,30,537090,1.042583,01,250,0,0,Node 01: Network 3
11116,2025-07-18,00,56,31,038374,0.501284,02,750,0,0,Node 02: Network 3
11117,2025-07-18,00,56,31,497232,0.458858,03,1250,0,0,Node 03: Network 3
11118,2025-07-18,00,56,32,537262,1.04003,01,250,0,0,Node 01: Network 3
11119,2025-07-18,00,56,33,081621,0.544359,02,750,0,0,Node 02: Network 3
11120,2025-07-18,00,56,33,498109,0.416488,03,1250,0,0,Node 03: Network 3
11121,2025-07-18,00,56,34,537378,1.039269,01,250,0,0,Node 01: Network 3
11122,2025-07-18,00,56,35,082762,0.545384,02,750,0,0,Node 02: Network 3
11123,2025-07-18,00,56,35,500734,0.417972,03,1250,0,0,Node 03: Network 3
11124,2025-07-18,00,56,36,538383,1.037649,01,250,0,0,Node 01: Network 3
11125,2025-07-18,00,56,37,084509,0.546126,02,750,0,0,Node 02: Network 3
11126,2025-07-18,00,56,37,585521,0.501012,03,1250,0,0,Node 03: Network 3
11127,2025-07-18,00,56,38,538377,0.952856,01,250,0,0,Node 01: Network 3
11128,2025-07-18,00,56,39,130243,0.591866,02,750,0,0,Node 02: Network 3
11129,2025-07-18,00,56,39,586931,0.456688,03,1250,0,0,Node 03: Network 3
11130,2025-07-18,00,56,40,121238,0.534307,BB,0,1,0,
11131,2025-07-18,00,56,42,125573,2.004335,BB,0,1,0,
11132,2025-07-18,00,56,42,178724,0.053151,02,1816,0,1,
11133,2025-07-18,00,56,42,206709,0.027985,01,1908,0,1,
11134,2025-07-18,00,56,42,221157,0.014448,03,1861,0,1,
11135,2025-07-18,00,56,42,442183,0.221026,01,250,0,0,Node 01: Network 3
11136,2025-07-18,00,56,42,943630,0.501447,02,750,0,0,Node 02: Network 3
11137,2025-07-18,00,56,43,489929,0.546299,03,1250,0,0,Node 03: Network 3
11138,2025-07-18,00,56,44,442188,0.952259,01,250,0,0,Node 01: Network 3
11139,2025-07-18,00,56,45,034154,0.591966,02,750,0,0,Node 02: Network 3
11140,2025-07-18,00,56,45,490778,0.456624,03,1250,0,0,Node 03: Network 3
11141,2025-07-18,00,56,46,442867,0.952089,01,250,0,0,Node 01: Network 3
11142,2025-07-18,00,56,47,035415,0.592548,02,750,0,0,Node 02: Network 3
11143,2025-07-18,00,56,47,493840,0.458425,03,1250,0,0,Node 03: Network 3
11144,2025-07-18,00,56,48,443156,0.949316,01,250,0,0,Node 01: Network 3
11145,2025-07-18,00,56,49,037345,0.594189,02,750,0,0,Node 02: Network 3
11146,2025-07-18,00,56,49,495750,0.458405,03,1250,0,0,Node 03: Network 3
11147,2025-07-18,00,56,50,444875,0.949125,01,250,0,0,Node 01: Network 3
11148,2025-07-18,00,56,51,040270,0.595395,02,750,0,0,Node 02: Network 3
11149,2025-07-18,00,56,51,497482,0.457212,03,1250,0,0,Node 03: Network 3
11150,2025-07-18,00,56,52,445705,0.948223,01,250,0,0,Node 01: Network 3
11151,2025-07-18,00,56,53,041675,0.59597,02,750,0,0,Node 02: Network 3
11152,2025-07-18,00,56,53,501278,0.459603,03,1250,0,0,Node 03: Network 3
11153,2025-07-18,00,56,54,445772,0.944494,01,250,0,0,Node 01: Network 3
11154,2025-07-18,00,56,55,043347,0.597575,02,750,0,0,Node 02: Network 3
11155,2025-07-18,00,56,55,501853,0.458506,03,1250,0,0,Node 03: Network 3
11156,2025-07-18,00,56,56,588244,1.086391,01,250,0,0,Node 01: Network 3
11157,2025-07-18,00,56,57,045088,0.456844,02,750,0,0,Node 02: Network 3
11158,2025-07-18,00,56,57,504431,0.459343,03,1250,0,0,Node 03: Network 3
11159,2025-07-18,00,56,58,588231,1.0838,01,250,0,0,Node 01: Network 3
11160,2025-07-18,00,56,59,048737,0.460506,02,750,0,0,Node 02: Network 3
11161,2025-07-18,00,56,59,637706,0.588969,03,1250,0,0,Node 03: Network 3
11162,2025-07-18,00,57,00,589013,0.951307,01,250,0,0,Node 01: Network 3
11163,2025-07-18,00,57,01,181578,0.592565,02,750,0,0,Node 02: Network 3
11164,2025-07-18,00,57,01,638784,0.457206,03,1250,0,0,Node 03: Network 3
11165,2025-07-18,00,57,02,169687,0.530903,BB,0,1,0,
11166,2025-07-18,00,57,04,173239,2.003552,BB,0,1,0,
11167,2025-07-18,00,57,04,236139,0.0629,02,1812,0,1,
11168,2025-07-18,00,57,04,271162,0.035023,03,1857,0,1,
11169,2025-07-18,00,57,04,304377,0.033215,01,1906,0,1,
11170,2025-07-18,00,57,04,488675,0.184298,01,250,0,0,Node 01: Network 3
11171,2025-07-18,00,57,05,034027,0.545352,02,750,0,0,Node 02: Network 3
11172,2025-07-18,00,57,05,493571,0.459544,03,1250,0,0,Node 03: Network 3
11173,2025-07-18,00,57,06,489526,0.995955,01,250,0,0,Node 01: Network 3
11174,2025-07-18,00,57,07,035912,0.546386,02,750,0,0,Node 02: Network 3
11175,2025-07-18,00,57,07,495291,0.459379,03,1250,0,0,Node 03: Network 3
11176,2025-07-18,00,57,08,491415,0.996124,01,250,0,0,Node 01: Network 3
11177,2025-07-18,00,57,09,038918,0.547503,02,750,0,0,Node 02: Network 3
11178,2025-07-18,00,57,09,537108,0.49819,03,1250,0,0,Node 03: Network 3
11179,2025-07-18,00,57,10,491200,0.954092,01,250,0,0,Node 01: Network 3
11180,2025-07-18,00,57,11,082581,0.591381,02,750,0,0,Node 02: Network 3
11181,2025-07-18,00,57,11,539530,0.456949,03,1250,0,0,Node 03: Network 3
11182,2025-07-18,00,57,12,492673,0.953143,01,250,0,0,Node 01: Network 3
11183,2025-07-18,00,57,13,084431,0.591758,02,750,0,0,Node 02: Network 3
11184,2025-07-18,00,57,13,541529,0.457098,03,1250,0,0,Node 03: Network 3
11185,2025-07-18,00,57,14,493161,0.951632,01,250,0,0,Node 01: Network 3
11186,2025-07-18,00,57,15,085647,0.592486,02,750,0,0,Node 02: Network 3
11187,2025-07-18,00,57,15,544584,0.458937,03,1250,0,0,Node 03: Network 3
11188,2025-07-18,00,57,16,494316,0.949732,01,250,0,0,Node 01: Network 3
11189,2025-07-18,00,57,17,086985,0.592669,02,750,0,0,Node 02: Network 3
11190,2025-07-18,00,57,17,542007,0.455022,03,1250,0,0,Node 03: Network 3
11191,2025-07-18,00,57,18,493925,0.951918,01,250,0,0,Node 01: Network 3
11192,2025-07-18,00,57,19,088786,0.594861,02,750,0,0,Node 02: Network 3
11193,2025-07-18,00,57,19,543328,0.454542,03,1250,0,0,Node 03: Network 3
11194,2025-07-18,00,57,20,493927,0.950599,01,250,0,0,Node 01: Network 3
11195,2025-07-18,00,57,21,087112,0.593185,02,751,0,0,Node 02: Network 3
11196,2025-07-18,00,57,21,546330,0.459218,03,1250,0,0,Node 03: Network 3
11197,2025-07-18,00,57,22,588089,1.041759,01,250,0,0,Node 01: Network 3
11198,2025-07-18,00,57,23,089569,0.50148,02,750,0,0,Node 02: Network 3
11199,2025-07-18,00,57,23,634964,0.545395,03,1250,0,0,Node 03: Network 3
11200,2025-07-18,00,57,24,590264,0.9553,01,250,0,0,Node 01: Network 3
11201,2025-07-18,00,57,25,091112,0.500848,02,750,0,0,Node 02: Network 3
11202,2025-07-18,00,57,25,637546,0.546434,03,1250,0,0,Node 03: Network 3
11203,2025-07-18,00,57,26,590342,0.952796,01,250,0,0,Node 01: Network 3
11204,2025-07-18,00,57,27,093463,0.503121,02,750,0,0,Node 02: Network 3
11205,2025-07-18,00,57,27,638935,0.545472,03,1250,0,0,Node 03: Network 3
11206,2025-07-18,00,57,28,683262,1.044327,01,250,0,0,Node 01: Network 3
11207,2025-07-18,00,57,29,094819,0.411557,02,750,0,0,Node 02: Network 3
11208,2025-07-18,00,57,29,641148,0.546329,03,1250,0,0,Node 03: Network 3
11209,2025-07-18,00,57,30,639891,0.998743,01,250,0,0,Node 01: Network 3
11210,2025-07-18,00,57,31,097256,0.457365,02,750,0,0,Node 02: Network 3
11211,2025-07-18,00,57,31,687691,0.590435,03,1250,0,0,Node 03: Network 3
11212,2025-07-18,00,57,32,641332,0.953641,01,250,0,0,Node 01: Network 3
11213,2025-07-18,00,57,33,099512,0.45818,02,750,0,0,Node 02: Network 3
11214,2025-07-18,00,57,33,688684,0.589172,03,1250,0,0,Node 03: Network 3
11215,2025-07-18,00,57,34,641336,0.952652,01,250,0,0,Node 01: Network 3
11216,2025-07-18,00,57,35,101272,0.459936,02,750,0,0,Node 02: Network 3
11217,2025-07-18,00,57,35,692079,0.590807,03,1250,0,0,Node 03: Network 3
11218,2025-07-18,00,57,36,644884,0.952805,01,250,0,0,Node 01: Network 3
11219,2025-07-18,00,57,37,104235,0.459351,02,751,0,0,Node 02: Network 3
11220,2025-07-18,00,57,37,692943,0.588708,03,1250,0,0,Node 03: Network 3
11221,2025-07-18,00,57,38,645451,0.952508,01,250,0,0,Node 01: Network 3
11222,2025-07-18,00,57,39,106143,0.460692,02,750,0,0,Node 02: Network 3
11223,2025-07-18,00,57,39,695509,0.589366,03,1250,0,0,Node 03: Network 3
11224,2025-07-18,00,57,40,646707,0.951198,01,250,0,0,Node 01: Network 3
11225,2025-07-18,00,57,41,240951,0.594244,02,750,0,0,Node 02: Network 3
11226,2025-07-18,00,57,41,697831,0.45688,03,1250,0,0,Node 03: Network 3
11227,2025-07-18,00,57,42,646930,0.949099,01,250,0,0,Node 01: Network 3
11228,2025-07-18,00,57,43,242649,0.595719,02,750,0,0,Node 02: Network 3
11229,2025-07-18,00,57,43,698755,0.456106,03,1250,0,0,Node 03: Network 3
11230,2025-07-18,00,57,44,648790,0.950035,01,250,0,0,Node 01: Network 3
11231,2025-07-18,00,57,44,942089,0.293299,BB,0,1,0,
11232,2025-07-18,00,57,44,998973,0.056884,01,1920,0,1,
11233,2025-07-18,00,57,45,061312,0.062339,BB,0,1,0,02:1337:0:1
11234,2025-07-18,00,57,45,107780,0.046468,03,684,0,1,
11235,2025-07-18,00,57,45,120800,0.01302,02,641,0,1,
11236,2025-07-18,00,57,45,155412,0.034612,03,1336,0,1,1431:0:1
11237,2025-07-18,00,57,45,203964,0.048552,03,1250,0,0,Node 03: Network 3
11238,2025-07-18,00,57,45,262706,0.058742,01,250,0,0,Node 01: Network 3
11239,2025-07-18,00,57,45,394735,0.132029,02,750,0,0,Node 02: Network 3
11240,2025-07-18,00,57,45,455747,0.061012,03,1250,0,0,Node 03: Network 3
11241,2025-07-18,00,57,45,552028,0.096281,01,250,0,0,Node 01: Network 3
11242,2025-07-18,00,57,45,591755,0.039727,02,750,0,0,Node 02: Network 3
11243,2025-07-18,00,57,45,638883,0.047128,03,1250,0,0,Node 03: Network 3
11244,2025-07-18,00,57,45,676850,0.037967,02,750,0,0,Node 02: Network 3
11245,2025-07-18,00,57,45,731475,0.054625,03,1250,0,0,Node 03: Network 3
11246,2025-07-18,00,57,45,823280,0.091805,01,250,0,0,Node 01: Network 3
11247,2025-07-18,00,57,45,855361,0.032081,02,750,0,0,Node 02: Network 3
11248,2025-07-18,00,57,45,918952,0.063591,02,750,0,0,Node 02: Network 3
11249,2025-07-18,00,57,46,252766,0.333814,01,250,0,0,Node 01: Network 3
11250,2025-07-18,00,57,46,280860,0.028094,BB,0,1,0,
11251,2025-07-18,00,57,48,271038,1.990178,BB,0,1,0,
11252,2025-07-18,00,57,48,320126,0.049088,02,1285,0,1,
11253,2025-07-18,00,57,48,339173,0.019047,01,341,0,1,
11254,2025-07-18,00,57,48,418726,0.079553,03,1227,0,1,
11255,2025-07-18,00,57,48,586728,0.168002,01,250,0,0,Node 01: Network 3
11256,2025-07-18,00,57,49,088709,0.501981,02,750,0,0,Node 02: Network 3
11257,2025-07-18,00,57,49,590210,0.501501,03,1250,0,0,Node 03: Network 3
11258,2025-07-18,00,57,50,587570,0.99736,01,250,0,0,Node 01: Network 3
11259,2025-07-18,00,57,51,089950,0.50238,02,750,0,0,Node 02: Network 3
11260,2025-07-18,00,57,51,634588,0.544638,03,1250,0,0,Node 03: Network 3
11261,2025-07-18,00,57,52,589021,0.954433,01,250,0,0,Node 01: Network 3
11262,2025-07-18,00,57,53,092264,0.503243,02,750,0,0,Node 02: Network 3
11263,2025-07-18,00,57,53,637306,0.545042,03,1250,0,0,Node 03: Network 3
11264,2025-07-18,00,57,54,637195,0.999889,01,250,0,0,Node 01: Network 3
11265,2025-07-18,00,57,55,093969,0.456774,02,750,0,0,Node 02: Network 3
11266,2025-07-18,00,57,55,638787,0.544818,03,1250,0,0,Node 03: Network 3
11267,2025-07-18,00,57,56,637488,0.998701,01,250,0,0,Node 01: Network 3
11268,2025-07-18,00,57,57,181050,0.543562,02,750,0,0,Node 02: Network 3
11269,2025-07-18,00,57,57,641734,0.460684,03,1250,0,0,Node 03: Network 3
11270,2025-07-18,00,57,58,637674,0.99594,01,250,0,0,Node 01: Network 3
11271,2025-07-18,00,57,59,183705,0.546031,02,750,0,0,Node 02: Network 3
11272,2025-07-18,00,57,59,643360,0.459655,03,1250,0,0,Node 03: Network 3
11273,2025-07-18,00,58,00,638529,0.995169,01,250,0,0,Node 01: Network 3
11274,2025-07-18,00,58,01,185470,0.546941,02,750,0,0,Node 02: Network 3
11275,2025-07-18,00,58,01,644539,0.459069,03,1250,0,0,Node 03: Network 3
11276,2025-07-18,00,58,02,638788,0.994249,01,250,0,0,Node 01: Network 3
11277,2025-07-18,00,58,03,187073,0.548285,02,750,0,0,Node 02: Network 3
11278,2025-07-18,00,58,03,647889,0.460816,03,1250,0,0,Node 03: Network 3
11279,2025-07-18,00,58,04,640168,0.992279,01,250,0,0,Node 01: Network 3
11280,2025-07-18,00,58,05,188376,0.548208,02,750,0,0,Node 02: Network 3
11281,2025-07-18,00,58,05,648936,0.46056,03,1250,0,0,Node 03: Network 3
11282,2025-07-18,00,58,06,640837,0.991901,01,250,0,0,Node 01: Network 3
11283,2025-07-18,00,58,07,193073,0.552236,02,750,0,0,Node 02: Network 3
11284,2025-07-18,00,58,07,651838,0.458765,03,1250,0,0,Node 03: Network 3
11285,2025-07-18,00,58,08,641274,0.989436,01,250,0,0,Node 01: Network 3
11286,2025-07-18,00,58,09,194726,0.553452,02,750,0,0,Node 02: Network 3
11287,2025-07-18,00,58,09,689595,0.494869,03,1250,0,0,Node 03: Network 3
11288,2025-07-18,00,58,10,642600,0.953005,01,250,0,0,Node 01: Network 3
11289,2025-07-18,00,58,11,197385,0.554785,02,750,0,0,Node 02: Network 3
11290,2025-07-18,00,58,11,690695,0.49331,03,1250,0,0,Node 03: Network 3
11291,2025-07-18,00,58,12,643633,0.952938,01,250,0,0,Node 01: Network 3
11292,2025-07-18,00,58,13,235050,0.591417,02,750,0,0,Node 02: Network 3
11293,2025-07-18,00,58,13,692493,0.457443,03,1250,0,0,Node 03: Network 3
11294,2025-07-18,00,58,14,643520,0.951027,01,250,0,0,Node 01: Network 3
11295,2025-07-18,00,58,15,237238,0.593718,02,750,0,0,Node 02: Network 3
11296,2025-07-18,00,58,15,694448,0.45721,03,1250,0,0,Node 03: Network 3
11297,2025-07-18,00,58,16,781466,1.087018,01,250,0,0,Node 01: Network 3
11298,2025-07-18,00,58,17,238621,0.457155,02,750,0,0,Node 02: Network 3
11299,2025-07-18,00,58,17,696192,0.457571,03,1250,0,0,Node 03: Network 3
11300,2025-07-18,00,58,18,740281,1.044089,01,250,0,0,Node 01: Network 3
11301,2025-07-18,00,58,19,241586,0.501305,02,750,0,0,Node 02: Network 3
11302,2025-07-18,00,58,19,699436,0.45785,03,1250,0,0,Node 03: Network 3
11303,2025-07-18,00,58,20,741500,1.042064,01,250,0,0,Node 01: Network 3
11304,2025-07-18,00,58,21,243373,0.501873,02,750,0,0,Node 02: Network 3
11305,2025-07-18,00,58,21,701300,0.457927,03,1250,0,0,Node 03: Network 3
11306,2025-07-18,00,58,22,740599,1.039299,01,250,0,0,Node 01: Network 3
11307,2025-07-18,00,58,23,286162,0.545563,02,750,0,0,Node 02: Network 3
11308,2025-07-18,00,58,23,704216,0.418054,03,1250,0,0,Node 03: Network 3
11309,2025-07-18,00,58,24,742695,1.038479,01,250,0,0,Node 01: Network 3
11310,2025-07-18,00,58,25,286536,0.543841,02,750,0,0,Node 02: Network 3
11311,2025-07-18,00,58,25,705230,0.418694,03,1250,0,0,Node 03: Network 3
11312,2025-07-18,00,58,26,742479,1.037249,01,250,0,0,Node 01: Network 3
11313,2025-07-18,00,58,27,289300,0.546821,02,750,0,0,Node 02: Network 3
11314,2025-07-18,00,58,27,708770,0.41947,03,1250,0,0,Node 03: Network 3
11315,2025-07-18,00,58,28,743705,1.034935,01,250,0,0,Node 01: Network 3
11316,2025-07-18,00,58,29,251390,0.507685,02,751,0,0,Node 02: Network 3
11317,2025-07-18,00,58,29,710277,0.458887,03,1250,0,0,Node 03: Network 3
11318,2025-07-18,00,58,30,744533,1.034256,01,250,0,0,Node 01: Network 3
11319,2025-07-18,00,58,31,254145,0.509612,02,750,0,0,Node 02: Network 3
11320,2025-07-18,00,58,31,712797,0.458652,03,1250,0,0,Node 03: Network 3
11321,2025-07-18,00,58,32,755898,1.043101,01,251,0,0,Node 01: Network 3
11322,2025-07-18,00,58,33,256040,0.500142,02,750,0,0,Node 02: Network 3
11323,2025-07-18,00,58,33,714229,0.458189,03,1250,0,0,Node 03: Network 3
11324,2025-07-18,00,58,34,757004,1.042775,01,250,0,0,Node 01: Network 3
11325,2025-07-18,00,58,35,257693,0.500689,02,750,0,0,Node 02: Network 3
11326,2025-07-18,00,58,35,717251,0.459558,03,1250,0,0,Node 03: Network 3
11327,2025-07-18,00,58,36,757142,1.039891,01,250,0,0,Node 01: Network 3
11328,2025-07-18,00,58,37,261920,0.504778,02,750,0,0,Node 02: Network 3
11329,2025-07-18,00,58,37,718847,0.456927,03,1250,0,0,Node 03: Network 3
11330,2025-07-18,00,58,38,758236,1.039389,01,250,0,0,Node 01: Network 3
11331,2025-07-18,00,58,39,263913,0.505677,02,750,0,0,Node 02: Network 3
11332,2025-07-18,00,58,39,720499,0.456586,03,1250,0,0,Node 03: Network 3
11333,2025-07-18,00,58,40,807690,1.087191,01,250,0,0,Node 01: Network 3
11334,2025-07-18,00,58,41,265538,0.457848,02,750,0,0,Node 02: Network 3
11335,2025-07-18,00,58,41,855880,0.590342,03,1250,0,0,Node 03: Network 3
11336,2025-07-18,00,58,42,809249,0.953369,01,250,0,0,Node 01: Network 3
11337,2025-07-18,00,58,43,399625,0.590376,02,750,0,0,Node 02: Network 3
11338,2025-07-18,00,58,43,857199,0.457574,03,1250,0,0,Node 03: Network 3
11339,2025-07-18,00,58,44,394167,0.536968,BB,0,1,0,
11340,2025-07-18,00,58,46,398135,2.003968,BB,0,1,0,
11341,2025-07-18,00,58,46,456857,0.058722,02,1818,0,1,
11342,2025-07-18,00,58,46,469875,0.013018,01,1777,0,1,
11343,2025-07-18,00,58,46,487401,0.017526,03,1862,0,1,
11344,2025-07-18,00,58,47,215837,0.728436,02,750,0,0,Node 02: Network 3
11345,2025-07-18,00,58,47,717762,0.501925,03,1250,0,0,Node 03: Network 3
11346,2025-07-18,00,58,48,761173,1.043411,01,251,0,0,Node 01: Network 3
11347,2025-07-18,00,58,49,262723,0.50155,02,750,0,0,Node 02: Network 3
11348,2025-07-18,00,58,49,719752,0.457029,03,1250,0,0,Node 03: Network 3
11349,2025-07-18,00,58,50,762824,1.043072,01,250,0,0,Node 01: Network 3
11350,2025-07-18,00,58,51,264135,0.501311,02,750,0,0,Node 02: Network 3
11351,2025-07-18,00,58,51,721876,0.457741,03,1250,0,0,Node 03: Network 3
11352,2025-07-18,00,58,52,793041,1.071165,01,250,0,0,Node 01: Network 3
11353,2025-07-18,00,58,53,265899,0.472858,02,750,0,0,Node 02: Network 3
11354,2025-07-18,00,58,53,723665,0.457766,03,1250,0,0,Node 03: Network 3
11355,2025-07-18,00,58,54,763968,1.040303,01,250,0,0,Node 01: Network 3
11356,2025-07-18,00,58,55,268241,0.504273,02,750,0,0,Node 02: Network 3
11357,2025-07-18,00,58,55,810803,0.542562,03,1250,0,0,Node 03: Network 3
11358,2025-07-18,00,58,56,764016,0.953213,01,250,0,0,Node 01: Network 3
11359,2025-07-18,00,58,57,269350,0.505334,02,750,0,0,Node 02: Network 3
11360,2025-07-18,00,58,57,812686,0.543336,03,1250,0,0,Node 03: Network 3
11361,2025-07-18,00,58,58,764824,0.952138,01,250,0,0,Node 01: Network 3
11362,2025-07-18,00,58,59,273232,0.508408,02,750,0,0,Node 02: Network 3
11363,2025-07-18,00,58,59,815042,0.54181,03,1250,0,0,Node 03: Network 3
11364,2025-07-18,00,59,00,857920,1.042878,01,250,0,0,Node 01: Network 3
11365,2025-07-18,00,59,01,359920,0.502,02,750,0,0,Node 02: Network 3
11366,2025-07-18,00,59,01,903633,0.543713,03,1250,0,0,Node 03: Network 3
11367,2025-07-18,00,59,02,857592,0.953959,01,250,0,0,Node 01: Network 3
11368,2025-07-18,00,59,03,361830,0.504238,02,750,0,0,Node 02: Network 3
11369,2025-07-18,00,59,03,907364,0.545534,03,1250,0,0,Node 03: Network 3
11370,2025-07-18,00,59,04,859163,0.951799,01,250,0,0,Node 01: Network 3
11371,2025-07-18,00,59,05,363636,0.504473,02,750,0,0,Node 02: Network 3
11372,2025-07-18,00,59,05,906186,0.54255,03,1250,0,0,Node 03: Network 3
11373,2025-07-18,00,59,06,858131,0.951945,01,250,0,0,Node 01: Network 3
11374,2025-07-18,00,59,07,365269,0.507138,02,750,0,0,Node 02: Network 3
11375,2025-07-18,00,59,07,907712,0.542443,03,1250,0,0,Node 03: Network 3
11376,2025-07-18,00,59,08,908566,1.000854,01,250,0,0,Node 01: Network 3
11377,2025-07-18,00,59,09,367456,0.45889,02,750,0,0,Node 02: Network 3
11378,2025-07-18,00,59,09,956279,0.588823,03,1250,0,0,Node 03: Network 3
11379,2025-07-18,00,59,10,451026,0.494747,BB,0,1,0,
11380,2025-07-18,00,59,12,454244,2.003218,BB,0,1,0,
11381,2025-07-18,00,59,12,525160,0.070916,02,1907,0,1,
11382,2025-07-18,00,59,12,537841,0.012681,03,1821,0,1,
11383,2025-07-18,00,59,12,552245,0.014404,01,1867,0,1,
11384,2025-07-18,00,59,13,270447,0.718202,02,750,0,0,Node 02: Network 3
11385,2025-07-18,00,59,13,775505,0.505058,03,1250,0,0,Node 03: Network 3
11386,2025-07-18,00,59,14,815885,1.04038,01,250,0,0,Node 01: Network 3
11387,2025-07-18,00,59,15,272996,0.457111,02,750,0,0,Node 02: Network 3
11388,2025-07-18,00,59,15,862851,0.589855,03,1250,0,0,Node 03: Network 3
11389,2025-07-18,00,59,16,816264,0.953413,01,250,0,0,Node 01: Network 3
11390,2025-07-18,00,59,17,274176,0.457912,02,750,0,0,Node 02: Network 3
11391,2025-07-18,00,59,17,864544,0.590368,03,1250,0,0,Node 03: Network 3
11392,2025-07-18,00,59,18,865218,1.000674,01,250,0,0,Node 01: Network 3
11393,2025-07-18,00,59,19,276547,0.411329,02,750,0,0,Node 02: Network 3
11394,2025-07-18,00,59,19,866603,0.590056,03,1250,0,0,Node 03: Network 3
11395,2025-07-18,00,59,20,817031,0.950428,01,250,0,0,Node 01: Network 3
11396,2025-07-18,00,59,21,278926,0.461895,02,750,0,0,Node 02: Network 3
11397,2025-07-18,00,59,21,868671,0.589745,03,1250,0,0,Node 03: Network 3
11398,2025-07-18,00,59,22,819492,0.950821,01,250,0,0,Node 01: Network 3
11399,2025-07-18,00,59,23,280701,0.461209,02,750,0,0,Node 02: Network 3
11400,2025-07-18,00,59,23,870960,0.590259,03,1250,0,0,Node 03: Network 3
11401,2025-07-18,00,59,24,818881,0.947921,01,250,0,0,Node 01: Network 3
11402,2025-07-18,00,59,25,282935,0.464054,02,750,0,0,Node 02: Network 3
11403,2025-07-18,00,59,25,871711,0.588776,03,1250,0,0,Node 03: Network 3
11404,2025-07-18,00,59,26,820309,0.948598,01,250,0,0,Node 01: Network 3
11405,2025-07-18,00,59,27,417260,0.596951,02,750,0,0,Node 02: Network 3
11406,2025-07-18,00,59,27,875651,0.458391,03,1250,0,0,Node 03: Network 3
11407,2025-07-18,00,59,28,820654,0.945003,01,250,0,0,Node 01: Network 3
11408,2025-07-18,00,59,29,419378,0.598724,02,750,0,0,Node 02: Network 3
11409,2025-07-18,00,59,29,878130,0.458752,03,1251,0,0,Node 03: Network 3
11410,2025-07-18,00,59,30,820388,0.942258,01,250,0,0,Node 01: Network 3
11411,2025-07-18,00,59,31,421251,0.600863,02,750,0,0,Node 02: Network 3
11412,2025-07-18,00,59,31,880460,0.459209,03,1250,0,0,Node 03: Network 3
11413,2025-07-18,00,59,32,821192,0.940732,01,250,0,0,Node 01: Network 3
11414,2025-07-18,00,59,33,365353,0.544161,02,750,0,0,Node 02: Network 3
11415,2025-07-18,00,59,33,911921,0.546568,03,1250,0,0,Node 03: Network 3
11416,2025-07-18,00,59,34,822166,0.910245,01,250,0,0,Node 01: Network 3
11417,2025-07-18,00,59,35,367463,0.545297,02,750,0,0,Node 02: Network 3
11418,2025-07-18,00,59,35,914279,0.546816,03,1250,0,0,Node 03: Network 3
11419,2025-07-18,00,59,36,910661,0.996382,01,250,0,0,Node 01: Network 3
11420,2025-07-18,00,59,37,370279,0.459618,02,750,0,0,Node 02: Network 3
11421,2025-07-18,00,59,37,916919,0.54664,03,1250,0,0,Node 03: Network 3
11422,2025-07-18,00,59,38,912289,0.99537,01,251,0,0,Node 01: Network 3
11423,2025-07-18,00,59,39,372300,0.460011,02,750,0,0,Node 02: Network 3
11424,2025-07-18,00,59,39,918519,0.546219,03,1250,0,0,Node 03: Network 3
11425,2025-07-18,00,59,40,914101,0.995582,01,250,0,0,Node 01: Network 3
11426,2025-07-18,00,59,41,374575,0.460474,02,750,0,0,Node 02: Network 3
11427,2025-07-18,00,59,41,921251,0.546676,03,1250,0,0,Node 03: Network 3
11428,2025-07-18,00,59,42,914176,0.992925,01,250,0,0,Node 01: Network 3
11429,2025-07-18,00,59,43,376280,0.462104,02,750,0,0,Node 02: Network 3
11430,2025-07-18,00,59,43,961431,0.585151,03,1250,0,0,Node 03: Network 3
11431,2025-07-18,00,59,44,914156,0.952725,01,250,0,0,Node 01: Network 3
11432,2025-07-18,00,59,45,963255,1.049099,03,1250,0,0,Node 03: Network 3
11433,2025-07-18,00,59,46,915041,0.951786,01,250,0,0,Node 01: Network 3
11434,2025-07-18,00,59,47,507464,0.592423,02,750,0,0,Node 02: Network 3
11435,2025-07-18,00,59,47,965931,0.458467,03,1250,0,0,Node 03: Network 3
11436,2025-07-18,00,59,48,915896,0.949965,01,250,0,0,Node 01: Network 3
11437,2025-07-18,00,59,49,509367,0.593471,02,750,0,0,Node 02: Network 3
11438,2025-07-18,00,59,49,963057,0.45369,03,1250,0,0,Node 03: Network 3
11439,2025-07-18,00,59,50,916830,0.953773,01,250,0,0,Node 01: Network 3
11440,2025-07-18,00,59,51,510798,0.593968,02,750,0,0,Node 02: Network 3
11441,2025-07-18,00,59,51,962858,0.45206,03,1250,0,0,Node 03: Network 3
11442,2025-07-18,00,59,52,678164,0.715306,BB,0,1,0,
11443,2025-07-18,00,59,52,734968,0.056804,BB,0,1,0,02:1285:0:1
11444,2025-07-18,00,59,52,765418,0.03045,03,1227,0,1,341:0:1
11445,2025-07-18,00,59,52,826524,0.061106,03,1250,0,0,Node 03: Network 3
11446,2025-07-18,00,59,52,838539,0.012015,03,95,0,1,
11447,2025-07-18,00,59,52,918918,0.080379,01,250,0,0,Node 01: Network 3
11448,2025-07-18,00,59,52,952142,0.033224,02,750,0,0,Node 02: Network 3
11449,2025-07-18,00,59,52,963154,0.011012,02,45,0,1,
11450,2025-07-18,00,59,53,001913,0.038759,01,250,0,0,Node 01: Network 3
11451,2025-07-18,00,59,53,109919,0.108006,01,250,0,0,Node 01: Network 3
11452,2025-07-18,00,59,53,123053,0.013134,01,141,0,1,
11453,2025-07-18,00,59,53,193786,0.070733,02,750,0,0,Node 02: Network 3
11454,2025-07-18,00,59,53,268060,0.074274,03,1250,0,0,Node 03: Network 3
11455,2025-07-18,00,59,53,300792,0.032732,01,250,0,0,Node 01: Network 3
11456,2025-07-18,00,59,53,408023,0.107231,01,254,0,0,Node 01: Network 3
11457,2025-07-18,00,59,53,484542,0.076519,03,1250,0,0,Node 03: Network 3
11458,2025-07-18,00,59,53,524916,0.040374,01,250,0,0,Node 01: Network 3
11459,2025-07-18,00,59,53,595334,0.070418,01,280,0,0,Node 01: Network 3
11460,2025-07-18,00,59,53,640681,0.045347,02,750,0,0,Node 02: Network 3
11461,2025-07-18,00,59,53,673568,0.032887,01,250,0,0,Node 01: Network 3
11462,2025-07-18,00,59,54,041764,0.368196,03,1250,0,0,Node 03: Network 3
11463,2025-07-18,00,59,54,547975,0.506211,BB,0,1,0,
11464,2025-07-18,00,59,56,551917,2.003942,BB,0,1,0,
11465,2025-07-18,00,59,56,616188,0.064271,01,137,0,1,
11466,2025-07-18,00,59,56,628556,0.012368,02,1834,0,1,
11467,2025-07-18,00,59,56,656871,0.028315,03,1834,0,1,
11468,2025-07-18,00,59,56,868354,0.211483,01,250,0,0,Node 01: Network 3
11469,2025-07-18,00,59,57,412735,0.544381,02,750,0,0,Node 02: Network 3
11470,2025-07-18,00,59,57,870976,0.458241,03,1250,0,0,Node 03: Network 3
11471,2025-07-18,00,59,58,957312,1.086336,01,250,0,0,Node 01: Network 3
11472,2025-07-18,00,59,59,413789,0.456477,02,750,0,0,Node 02: Network 3
11473,2025-07-18,00,59,59,873029,0.45924,03,1250,0,0,Node 03: Network 3
11474,2025-07-18,01,00,00,957322,1.084293,01,250,0,0,Node 01: Network 3
11475,2025-07-18,01,00,01,417327,0.460005,02,750,0,0,Node 02: Network 3
11476,2025-07-18,01,00,01,874869,0.457542,03,1250,0,0,Node 03: Network 3
11477,2025-07-18,01,00,02,958021,1.083152,01,250,0,0,Node 01: Network 3
11478,2025-07-18,01,00,03,419066,0.461045,02,750,0,0,Node 02: Network 3
11479,2025-07-18,01,00,03,878700,0.459634,03,1251,0,0,Node 03: Network 3
11480,2025-07-18,01,00,04,963685,1.084985,01,250,0,0,Node 01: Network 3
11481,2025-07-18,01,00,05,420840,0.457155,02,750,0,0,Node 02: Network 3
11482,2025-07-18,01,00,06,009787,0.588947,03,1250,0,0,Node 03: Network 3
11483,2025-07-18,01,00,06,964500,0.954713,01,250,0,0,Node 01: Network 3
11484,2025-07-18,01,00,07,423321,0.458821,02,750,0,0,Node 02: Network 3
11485,2025-07-18,01,00,08,012734,0.589413,03,1250,0,0,Node 03: Network 3
11486,2025-07-18,01,00,08,965190,0.952456,01,250,0,0,Node 01: Network 3
11487,2025-07-18,01,00,09,425300,0.46011,02,750,0,0,Node 02: Network 3
11488,2025-07-18,01,00,10,014174,0.588874,03,1250,0,0,Node 03: Network 3
11489,2025-07-18,01,00,10,969200,0.955026,01,250,0,0,Node 01: Network 3
11490,2025-07-18,01,00,11,426962,0.457762,02,750,0,0,Node 02: Network 3
11491,2025-07-18,01,00,12,016012,0.58905,03,1250,0,0,Node 03: Network 3
11492,2025-07-18,01,00,12,969677,0.953665,01,250,0,0,Node 01: Network 3
11493,2025-07-18,01,00,13,428743,0.459066,02,750,0,0,Node 02: Network 3
11494,2025-07-18,01,00,14,019046,0.590303,03,1250,0,0,Node 03: Network 3
11495,2025-07-18,01,00,14,969980,0.950934,01,250,0,0,Node 01: Network 3
11496,2025-07-18,01,00,15,431121,0.461141,02,750,0,0,Node 02: Network 3
11497,2025-07-18,01,00,16,020697,0.589576,03,1250,0,0,Node 03: Network 3
11498,2025-07-18,01,00,16,971715,0.951018,01,250,0,0,Node 01: Network 3
11499,2025-07-18,01,00,17,433721,0.462006,02,750,0,0,Node 02: Network 3
11500,2025-07-18,01,00,18,018502,0.584781,03,1250,0,0,Node 03: Network 3
11501,2025-07-18,01,00,18,971746,0.953244,01,250,0,0,Node 01: Network 3
11502,2025-07-18,01,00,19,435672,0.463926,02,750,0,0,Node 02: Network 3
11503,2025-07-18,01,00,20,019905,0.584233,03,1250,0,0,Node 03: Network 3
11504,2025-07-18,01,00,20,973036,0.953131,01,250,0,0,Node 01: Network 3
11505,2025-07-18,01,00,21,437901,0.464865,02,750,0,0,Node 02: Network 3
11506,2025-07-18,01,00,22,022635,0.584734,03,1250,0,0,Node 03: Network 3
11507,2025-07-18,01,00,23,065415,1.04278,01,250,0,0,Node 01: Network 3
11508,2025-07-18,01,00,23,439105,0.37369,02,750,0,0,Node 02: Network 3
11509,2025-07-18,01,00,24,025465,0.58636,03,1250,0,0,Node 03: Network 3
11510,2025-07-18,01,00,25,067358,1.041893,01,250,0,0,Node 01: Network 3
11511,2025-07-18,01,00,25,441740,0.374382,02,750,0,0,Node 02: Network 3
11512,2025-07-18,01,00,26,113582,0.671842,03,1250,0,0,Node 03: Network 3
11513,2025-07-18,01,00,27,066720,0.953138,01,250,0,0,Node 01: Network 3
11514,2025-07-18,01,00,27,442578,0.375858,02,750,0,0,Node 02: Network 3
11515,2025-07-18,01,00,28,116719,0.674141,03,1250,0,0,Node 03: Network 3
11516,2025-07-18,01,00,29,068239,0.95152,01,250,0,0,Node 01: Network 3
11517,2025-07-18,01,00,29,445362,0.377123,02,750,0,0,Node 02: Network 3
11518,2025-07-18,01,00,30,118293,0.672931,03,1250,0,0,Node 03: Network 3
11519,2025-07-18,01,00,30,988688,0.870395,01,250,0,0,Node 01: Network 3
11520,2025-07-18,01,00,31,532703,0.544015,02,750,0,0,Node 02: Network 3
11521,2025-07-18,01,00,32,119216,0.586513,03,1250,0,0,Node 03: Network 3
11522,2025-07-18,01,00,32,989932,0.870716,01,250,0,0,Node 01: Network 3
11523,2025-07-18,01,00,33,536303,0.546371,02,750,0,0,Node 02: Network 3
11524,2025-07-18,01,00,34,122674,0.586371,03,1250,0,0,Node 03: Network 3
11525,2025-07-18,01,00,34,990101,0.867427,01,250,0,0,Node 01: Network 3
11526,2025-07-18,01,00,35,538079,0.547978,02,750,0,0,Node 02: Network 3
11527,2025-07-18,01,00,36,992022,1.453943,01,250,0,0,Node 01: Network 3
11528,2025-07-18,01,00,38,039617,1.047595,03,1250,0,0,Node 03: Network 3
11529,2025-07-18,01,00,38,992410,0.952793,01,250,0,0,Node 01: Network 3
11530,2025-07-18,01,00,39,535294,0.542884,02,750,0,0,Node 02: Network 3
11531,2025-07-18,01,00,40,041859,0.506565,03,1250,0,0,Node 03: Network 3
11532,2025-07-18,01,00,40,992620,0.950761,01,250,0,0,Node 01: Network 3
11533,2025-07-18,01,00,41,537209,0.544589,02,750,0,0,Node 02: Network 3
11534,2025-07-18,01,00,42,043506,0.506297,03,1250,0,0,Node 03: Network 3
11535,2025-07-18,01,00,42,993598,0.950092,01,250,0,0,Node 01: Network 3
11536,2025-07-18,01,00,43,587424,0.593826,02,750,0,0,Node 02: Network 3
11537,2025-07-18,01,00,44,045891,0.458467,03,1250,0,0,Node 03: Network 3
11538,2025-07-18,01,00,44,993410,0.947519,01,250,0,0,Node 01: Network 3
11539,2025-07-18,01,00,45,589589,0.596179,02,750,0,0,Node 02: Network 3
11540,2025-07-18,01,00,46,047229,0.45764,03,1250,0,0,Node 03: Network 3
11541,2025-07-18,01,00,46,994970,0.947741,01,250,0,0,Node 01: Network 3
11542,2025-07-18,01,00,47,591528,0.596558,02,750,0,0,Node 02: Network 3
11543,2025-07-18,01,00,48,049388,0.45786,03,1250,0,0,Node 03: Network 3
11544,2025-07-18,01,00,48,995104,0.945716,01,250,0,0,Node 01: Network 3
11545,2025-07-18,01,00,49,594234,0.59913,02,750,0,0,Node 02: Network 3
11546,2025-07-18,01,00,50,051327,0.457093,03,1250,0,0,Node 03: Network 3
11547,2025-07-18,01,00,50,996614,0.945287,01,250,0,0,Node 01: Network 3
11548,2025-07-18,01,00,51,594947,0.598333,02,750,0,0,Node 02: Network 3
11549,2025-07-18,01,00,52,054100,0.459153,03,1250,0,0,Node 03: Network 3
11550,2025-07-18,01,00,52,997366,0.943266,01,250,0,0,Node 01: Network 3
11551,2025-07-18,01,00,53,597314,0.599948,02,750,0,0,Node 02: Network 3
11552,2025-07-18,01,00,54,044152,0.446838,03,1250,0,0,Node 03: Network 3
11553,2025-07-18,01,00,54,998155,0.954003,01,250,0,0,Node 01: Network 3
11554,2025-07-18,01,00,55,598998,0.600843,02,750,0,0,Node 02: Network 3
11555,2025-07-18,01,00,56,046156,0.447158,03,1250,0,0,Node 03: Network 3
11556,2025-07-18,01,00,57,143863,1.097707,01,250,0,0,Node 01: Network 3
11557,2025-07-18,01,00,57,600526,0.456663,02,750,0,0,Node 02: Network 3
11558,2025-07-18,01,00,58,048583,0.448057,03,1250,0,0,Node 03: Network 3
11559,2025-07-18,01,00,59,143932,1.095349,01,250,0,0,Node 01: Network 3
11560,2025-07-18,01,00,59,602714,0.458782,02,750,0,0,Node 02: Network 3
11561,2025-07-18,01,01,00,049626,0.446912,03,1250,0,0,Node 03: Network 3
11562,2025-07-18,01,01,01,145429,1.095803,01,250,0,0,Node 01: Network 3
11563,2025-07-18,01,01,01,605058,0.459629,02,750,0,0,Node 02: Network 3
11564,2025-07-18,01,01,02,053328,0.44827,03,1251,0,0,Node 03: Network 3
11565,2025-07-18,01,01,03,145584,1.092256,01,250,0,0,Node 01: Network 3
11566,2025-07-18,01,01,03,607196,0.461612,02,750,0,0,Node 02: Network 3
11567,2025-07-18,01,01,04,056021,0.448825,03,1250,0,0,Node 03: Network 3
11568,2025-07-18,01,01,05,152058,1.096037,01,250,0,0,Node 01: Network 3
11569,2025-07-18,01,01,05,610163,0.458105,02,750,0,0,Node 02: Network 3
11570,2025-07-18,01,01,06,058334,0.448171,03,1250,0,0,Node 03: Network 3
11571,2025-07-18,01,01,07,151807,1.093473,01,250,0,0,Node 01: Network 3
11572,2025-07-18,01,01,07,611889,0.460082,02,750,0,0,Node 02: Network 3
11573,2025-07-18,01,01,08,059184,0.447295,03,1250,0,0,Node 03: Network 3
11574,2025-07-18,01,01,09,151931,1.092747,01,250,0,0,Node 01: Network 3
11575,2025-07-18,01,01,09,613479,0.461548,02,750,0,0,Node 02: Network 3
11576,2025-07-18,01,01,10,061911,0.448432,03,1250,0,0,Node 03: Network 3
11577,2025-07-18,01,01,11,152828,1.090917,01,250,0,0,Node 01: Network 3
11578,2025-07-18,01,01,11,615276,0.462448,02,750,0,0,Node 02: Network 3
11579,2025-07-18,01,01,12,064125,0.448849,03,1250,0,0,Node 03: Network 3
11580,2025-07-18,01,01,13,158877,1.094752,01,250,0,0,Node 01: Network 3
11581,2025-07-18,01,01,13,704033,0.545156,02,750,0,0,Node 02: Network 3
11582,2025-07-18,01,01,14,066290,0.362257,03,1250,0,0,Node 03: Network 3
11583,2025-07-18,01,01,15,160803,1.094513,01,250,0,0,Node 01: Network 3
11584,2025-07-18,01,01,15,705214,0.544411,02,750,0,0,Node 02: Network 3
11585,2025-07-18,01,01,16,068039,0.362825,03,1250,0,0,Node 03: Network 3
11586,2025-07-18,01,01,17,161555,1.093516,01,250,0,0,Node 01: Network 3
11587,2025-07-18,01,01,17,705747,0.544192,02,750,0,0,Node 02: Network 3
11588,2025-07-18,01,01,18,071788,0.366041,03,1251,0,0,Node 03: Network 3
11589,2025-07-18,01,01,19,161491,1.089703,01,250,0,0,Node 01: Network 3
11590,2025-07-18,01,01,19,706985,0.545494,02,750,0,0,Node 02: Network 3
11591,2025-07-18,01,01,20,073244,0.366259,03,1250,0,0,Node 03: Network 3
11592,2025-07-18,01,01,21,252425,1.179181,01,250,0,0,Node 01: Network 3
11593,2025-07-18,01,01,21,617808,0.365383,02,750,0,0,Node 02: Network 3
11594,2025-07-18,01,01,22,299869,0.682061,03,1251,0,0,Node 03: Network 3
11595,2025-07-18,01,01,22,740002,0.440133,BB,0,1,0,
11596,2025-07-18,01,01,24,744641,2.004639,BB,0,1,0,
11597,2025-07-18,01,01,24,780937,0.036296,02,1947,0,1,
11598,2025-07-18,01,01,24,838552,0.057615,03,1769,0,1,
11599,2025-07-18,01,01,24,899593,0.061041,01,1906,0,1,
11600,2025-07-18,01,01,25,062242,0.162649,01,250,0,0,Node 01: Network 3
11601,2025-07-18,01,01,25,560718,0.498476,02,750,0,0,Node 02: Network 3
11602,2025-07-18,01,01,26,063735,0.503017,03,1250,0,0,Node 03: Network 3
11603,2025-07-18,01,01,27,062144,0.998409,01,250,0,0,Node 01: Network 3
11604,2025-07-18,01,01,27,564036,0.501892,02,750,0,0,Node 02: Network 3
11605,2025-07-18,01,01,28,065762,0.501726,03,1250,0,0,Node 03: Network 3
11606,2025-07-18,01,01,29,108717,1.042955,01,250,0,0,Node 01: Network 3
11607,2025-07-18,01,01,29,565976,0.457259,02,750,0,0,Node 02: Network 3
11608,2025-07-18,01,01,30,069971,0.503995,03,1250,0,0,Node 03: Network 3
11609,2025-07-18,01,01,31,108261,1.03829,01,250,0,0,Node 01: Network 3
11610,2025-07-18,01,01,31,567379,0.459118,02,750,0,0,Node 02: Network 3
11611,2025-07-18,01,01,32,071621,0.504242,03,1250,0,0,Node 03: Network 3
11612,2025-07-18,01,01,33,109435,1.037814,01,250,0,0,Node 01: Network 3
11613,2025-07-18,01,01,33,570088,0.460653,02,750,0,0,Node 02: Network 3
11614,2025-07-18,01,01,34,073176,0.503088,03,1250,0,0,Node 03: Network 3
11615,2025-07-18,01,01,35,110241,1.037065,01,250,0,0,Node 01: Network 3
11616,2025-07-18,01,01,35,571539,0.461298,02,750,0,0,Node 02: Network 3
11617,2025-07-18,01,01,36,074945,0.503406,03,1250,0,0,Node 03: Network 3
11618,2025-07-18,01,01,37,110486,1.035541,01,250,0,0,Node 01: Network 3
11619,2025-07-18,01,01,37,619780,0.509294,02,750,0,0,Node 02: Network 3
11620,2025-07-18,01,01,38,077358,0.457578,03,1250,0,0,Node 03: Network 3
11621,2025-07-18,01,01,39,163314,1.085956,01,250,0,0,Node 01: Network 3
11622,2025-07-18,01,01,39,621407,0.458093,02,750,0,0,Node 02: Network 3
11623,2025-07-18,01,01,40,079985,0.458578,03,1250,0,0,Node 03: Network 3
11624,2025-07-18,01,01,41,164463,1.084478,01,250,0,0,Node 01: Network 3
11625,2025-07-18,01,01,41,623420,0.458957,02,750,0,0,Node 02: Network 3
11626,2025-07-18,01,01,42,081700,0.45828,03,1250,0,0,Node 03: Network 3
11627,2025-07-18,01,01,43,164197,1.082497,01,250,0,0,Node 01: Network 3
11628,2025-07-18,01,01,43,625428,0.461231,02,750,0,0,Node 02: Network 3
11629,2025-07-18,01,01,44,083458,0.45803,03,1250,0,0,Node 03: Network 3
11630,2025-07-18,01,01,45,166253,1.082795,01,251,0,0,Node 01: Network 3
11631,2025-07-18,01,01,45,628479,0.462226,02,750,0,0,Node 02: Network 3
11632,2025-07-18,01,01,46,086215,0.457736,03,1250,0,0,Node 03: Network 3
11633,2025-07-18,01,01,47,130171,1.043956,01,251,0,0,Node 01: Network 3
11634,2025-07-18,01,01,47,630736,0.500565,02,750,0,0,Node 02: Network 3
11635,2025-07-18,01,01,48,088491,0.457755,03,1250,0,0,Node 03: Network 3
11636,2025-07-18,01,01,49,131210,1.042719,01,250,0,0,Node 01: Network 3
11637,2025-07-18,01,01,49,632457,0.501247,02,750,0,0,Node 02: Network 3
11638,2025-07-18,01,01,50,179449,0.546992,03,1250,0,0,Node 03: Network 3
11639,2025-07-18,01,01,51,178430,0.998981,01,250,0,0,Node 01: Network 3
11640,2025-07-18,01,01,51,633795,0.455365,02,750,0,0,Node 02: Network 3
11641,2025-07-18,01,01,52,181040,0.547245,03,1250,0,0,Node 03: Network 3
11642,2025-07-18,01,01,53,177510,0.99647,01,250,0,0,Node 01: Network 3
11643,2025-07-18,01,01,53,725764,0.548254,02,750,0,0,Node 02: Network 3
11644,2025-07-18,01,01,54,182344,0.45658,03,1250,0,0,Node 03: Network 3
11645,2025-07-18,01,01,55,178221,0.995877,01,250,0,0,Node 01: Network 3
11646,2025-07-18,01,01,55,727007,0.548786,02,750,0,0,Node 02: Network 3
11647,2025-07-18,01,01,56,185375,0.458368,03,1250,0,0,Node 03: Network 3
11648,2025-07-18,01,01,57,179343,0.993968,01,250,0,0,Node 01: Network 3
11649,2025-07-18,01,01,57,729968,0.550625,02,750,0,0,Node 02: Network 3
11650,2025-07-18,01,01,58,187461,0.457493,03,1250,0,0,Node 03: Network 3
11651,2025-07-18,01,01,59,046039,0.858578,BB,0,1,0,
11652,2025-07-18,01,01,59,124964,0.078925,BB,0,1,0,01:137:0:1
11653,2025-07-18,01,01,59,136994,0.01203,03,697,0,1,
11654,2025-07-18,01,01,59,186659,0.049665,02,1834,0,1,1834:0:1
11655,2025-07-18,01,01,59,250421,0.063762,02,219,0,1,
11656,2025-07-18,01,01,59,299050,0.048629,02,750,0,0,Node 02: Network 3
11657,2025-07-18,01,01,59,311745,0.012695,01,271,0,1,
11658,2025-07-18,01,01,59,346182,0.034437,03,1250,0,0,Node 03: Network 3
11659,2025-07-18,01,01,59,417048,0.070866,01,254,0,0,Node 01: Network 3
11660,2025-07-18,01,01,59,561172,0.144124,02,780,0,0,Node 02: Network 3
11661,2025-07-18,01,01,59,593660,0.032488,01,250,0,0,Node 01: Network 3
11662,2025-07-18,01,01,59,626627,0.032967,01,250,0,0,Node 01: Network 3
11663,2025-07-18,01,01,59,668878,0.042251,01,280,0,0,Node 01: Network 3
11664,2025-07-18,01,01,59,755173,0.086295,02,750,0,0,Node 02: Network 3
11665,2025-07-18,01,01,59,796426,0.041253,03,1250,0,0,Node 03: Network 3
11666,2025-07-18,01,01,59,887746,0.09132,01,250,0,0,Node 01: Network 3
11667,2025-07-18,01,01,59,924185,0.036439,02,750,0,0,Node 02: Network 3
11668,2025-07-18,01,02,00,054266,0.130081,03,1260,0,0,Node 03: Network 3
11669,2025-07-18,01,02,00,135191,0.080925,03,1250,0,0,Node 03: Network 3
11670,2025-07-18,01,02,00,199606,0.064415,01,250,0,0,Node 01: Network 3
11671,2025-07-18,01,02,00,824455,0.624849,BB,0,1,0,
11672,2025-07-18,01,02,02,829449,2.004994,BB,0,1,0,
11673,2025-07-18,01,02,02,864686,0.035237,01,1720,0,1,
11674,2025-07-18,01,02,02,877988,0.013302,03,1242,0,1,
11675,2025-07-18,01,02,02,940061,0.062073,02,289,0,1,
11676,2025-07-18,01,02,03,144887,0.204826,01,250,0,0,Node 01: Network 3
11677,2025-07-18,01,02,03,690190,0.545303,02,750,0,0,Node 02: Network 3
11678,2025-07-18,01,02,04,148131,0.457941,03,1250,0,0,Node 03: Network 3
11679,2025-07-18,01,02,05,144300,0.996169,01,250,0,0,Node 01: Network 3
11680,2025-07-18,01,02,05,692374,0.548074,02,750,0,0,Node 02: Network 3
11681,2025-07-18,01,02,06,150263,0.457889,03,1250,0,0,Node 03: Network 3
11682,2025-07-18,01,02,07,145462,0.995199,01,250,0,0,Node 01: Network 3
11683,2025-07-18,01,02,07,693166,0.547704,02,750,0,0,Node 02: Network 3
11684,2025-07-18,01,02,08,151926,0.45876,03,1250,0,0,Node 03: Network 3
11685,2025-07-18,01,02,09,146620,0.994694,01,250,0,0,Node 01: Network 3
11686,2025-07-18,01,02,09,695100,0.54848,02,750,0,0,Node 02: Network 3
11687,2025-07-18,01,02,10,154599,0.459499,03,1250,0,0,Node 03: Network 3
11688,2025-07-18,01,02,11,147293,0.992694,01,250,0,0,Node 01: Network 3
11689,2025-07-18,01,02,11,697045,0.549752,02,750,0,0,Node 02: Network 3
11690,2025-07-18,01,02,12,156333,0.459288,03,1250,0,0,Node 03: Network 3
11691,2025-07-18,01,02,13,241879,1.085546,01,250,0,0,Node 01: Network 3
11692,2025-07-18,01,02,13,698974,0.457095,02,750,0,0,Node 02: Network 3
11693,2025-07-18,01,02,14,158969,0.459995,03,1250,0,0,Node 03: Network 3
11694,2025-07-18,01,02,15,241795,1.082826,01,250,0,0,Node 01: Network 3
11695,2025-07-18,01,02,15,701106,0.459311,02,750,0,0,Node 02: Network 3
11696,2025-07-18,01,02,16,160333,0.459227,03,1251,0,0,Node 03: Network 3
11697,2025-07-18,01,02,17,245951,1.085618,01,250,0,0,Node 01: Network 3
11698,2025-07-18,01,02,17,704174,0.458223,02,750,0,0,Node 02: Network 3
11699,2025-07-18,01,02,18,163183,0.459009,03,1250,0,0,Node 03: Network 3
11700,2025-07-18,01,02,19,246207,1.083024,01,250,0,0,Node 01: Network 3
11701,2025-07-18,01,02,19,705485,0.459278,02,750,0,0,Node 02: Network 3
11702,2025-07-18,01,02,20,166018,0.460533,03,1250,0,0,Node 03: Network 3
11703,2025-07-18,01,02,21,247039,1.081021,01,250,0,0,Node 01: Network 3
11704,2025-07-18,01,02,21,707116,0.460077,02,750,0,0,Node 02: Network 3
11705,2025-07-18,01,02,22,167219,0.460103,03,1250,0,0,Node 03: Network 3
11706,2025-07-18,01,02,23,247649,1.08043,01,250,0,0,Node 01: Network 3
11707,2025-07-18,01,02,23,709088,0.461439,02,750,0,0,Node 02: Network 3
11708,2025-07-18,01,02,24,169402,0.460314,03,1250,0,0,Node 03: Network 3
11709,2025-07-18,01,02,25,247629,1.078227,01,250,0,0,Node 01: Network 3
11710,2025-07-18,01,02,25,714428,0.466799,02,750,0,0,Node 02: Network 3
11711,2025-07-18,01,02,26,171584,0.457156,03,1250,0,0,Node 03: Network 3
11712,2025-07-18,01,02,27,249107,1.077523,01,250,0,0,Node 01: Network 3
11713,2025-07-18,01,02,27,716357,0.46725,02,750,0,0,Node 02: Network 3
11714,2025-07-18,01,02,28,295658,0.579301,03,1250,0,0,Node 03: Network 3
11715,2025-07-18,01,02,29,259887,0.964229,01,250,0,0,Node 01: Network 3
11716,2025-07-18,01,02,29,839749,0.579862,02,750,0,0,Node 02: Network 3
11717,2025-07-18,01,02,30,298535,0.458786,03,1251,0,0,Node 03: Network 3
11718,2025-07-18,01,02,31,260836,0.962301,01,250,0,0,Node 01: Network 3
11719,2025-07-18,01,02,31,842585,0.581749,02,750,0,0,Node 02: Network 3
11720,2025-07-18,01,02,32,300767,0.458182,03,1250,0,0,Node 03: Network 3
11721,2025-07-18,01,02,33,261419,0.960652,01,250,0,0,Node 01: Network 3
11722,2025-07-18,01,02,33,843975,0.582556,02,750,0,0,Node 02: Network 3
11723,2025-07-18,01,02,34,303305,0.45933,03,1250,0,0,Node 03: Network 3
11724,2025-07-18,01,02,35,262663,0.959358,01,250,0,0,Node 01: Network 3
11725,2025-07-18,01,02,35,844852,0.582189,02,750,0,0,Node 02: Network 3
11726,2025-07-18,01,02,36,305175,0.460323,03,1250,0,0,Node 03: Network 3
11727,2025-07-18,01,02,37,263627,0.958452,01,250,0,0,Node 01: Network 3
11728,2025-07-18,01,02,37,847558,0.583931,02,750,0,0,Node 02: Network 3
11729,2025-07-18,01,02,38,306175,0.458617,03,1250,0,0,Node 03: Network 3
11730,2025-07-18,01,02,39,263645,0.95747,01,250,0,0,Node 01: Network 3
11731,2025-07-18,01,02,40,310738,1.047093,03,1250,0,0,Node 03: Network 3
11732,2025-07-18,01,02,41,263494,0.952756,01,250,0,0,Node 01: Network 3
11733,2025-07-18,01,02,41,807656,0.544162,02,750,0,0,Node 02: Network 3
11734,2025-07-18,01,02,42,311749,0.504093,03,1250,0,0,Node 03: Network 3
11735,2025-07-18,01,02,43,264822,0.953073,01,250,0,0,Node 01: Network 3
11736,2025-07-18,01,02,43,808663,0.543841,02,750,0,0,Node 02: Network 3
11737,2025-07-18,01,02,44,314522,0.505859,03,1250,0,0,Node 03: Network 3
11738,2025-07-18,01,02,45,265143,0.950621,01,250,0,0,Node 01: Network 3
11739,2025-07-18,01,02,45,858331,0.593188,02,750,0,0,Node 02: Network 3
11740,2025-07-18,01,02,46,316504,0.458173,03,1250,0,0,Node 03: Network 3
11741,2025-07-18,01,02,47,267232,0.950728,01,250,0,0,Node 01: Network 3
11742,2025-07-18,01,02,47,861348,0.594116,02,750,0,0,Node 02: Network 3
11743,2025-07-18,01,02,48,319401,0.458053,03,1250,0,0,Node 03: Network 3
11744,2025-07-18,01,02,49,404956,1.085555,01,250,0,0,Node 01: Network 3
11745,2025-07-18,01,02,49,863511,0.458555,02,750,0,0,Node 02: Network 3
11746,2025-07-18,01,02,50,322222,0.458711,03,1250,0,0,Node 03: Network 3
11747,2025-07-18,01,02,51,405442,1.08322,01,250,0,0,Node 01: Network 3
11748,2025-07-18,01,02,51,866221,0.460779,02,750,0,0,Node 02: Network 3
11749,2025-07-18,01,02,52,323478,0.457257,03,1250,0,0,Node 03: Network 3
11750,2025-07-18,01,02,53,407256,1.083778,01,250,0,0,Node 01: Network 3
11751,2025-07-18,01,02,53,868384,0.461128,02,750,0,0,Node 02: Network 3
11752,2025-07-18,01,02,54,325716,0.457332,03,1250,0,0,Node 03: Network 3
11753,2025-07-18,01,02,55,407069,1.081353,01,250,0,0,Node 01: Network 3
11754,2025-07-18,01,02,55,870427,0.463358,02,750,0,0,Node 02: Network 3
11755,2025-07-18,01,02,56,328180,0.457753,03,1250,0,0,Node 03: Network 3
11756,2025-07-18,01,02,57,408101,1.079921,01,250,0,0,Node 01: Network 3
11757,2025-07-18,01,02,57,872330,0.464229,02,750,0,0,Node 02: Network 3
11758,2025-07-18,01,02,58,455018,0.582688,03,1250,0,0,Node 03: Network 3
11759,2025-07-18,01,02,58,951362,0.496344,BB,0,1,0,
11760,2025-07-18,01,03,00,954545,2.003183,BB,0,1,0,
11761,2025-07-18,01,03,01,000337,0.045792,03,1823,0,1,
11762,2025-07-18,01,03,01,050526,0.050189,01,1861,0,1,
11763,2025-07-18,01,03,01,064041,0.013515,02,1904,0,1,
11764,2025-07-18,01,03,01,773475,0.709434,02,750,0,0,Node 02: Network 3
11765,2025-07-18,01,03,02,275724,0.502249,03,1250,0,0,Node 03: Network 3
11766,2025-07-18,01,03,03,318059,1.042335,01,250,0,0,Node 01: Network 3
11767,2025-07-18,01,03,03,775067,0.457008,02,750,0,0,Node 02: Network 3
11768,2025-07-18,01,03,04,273712,0.498645,03,1250,0,0,Node 03: Network 3
11769,2025-07-18,01,03,05,319130,1.045418,01,250,0,0,Node 01: Network 3
11770,2025-07-18,01,03,05,777408,0.458278,02,750,0,0,Node 02: Network 3
11771,2025-07-18,01,03,06,366174,0.588766,03,1250,0,0,Node 03: Network 3
11772,2025-07-18,01,03,07,319392,0.953218,01,250,0,0,Node 01: Network 3
11773,2025-07-18,01,03,07,779390,0.459998,02,750,0,0,Node 02: Network 3
11774,2025-07-18,01,03,09,320028,1.540638,01,250,0,0,Node 01: Network 3
11775,2025-07-18,01,03,09,779585,0.459557,02,750,0,0,Node 02: Network 3
11776,2025-07-18,01,03,10,325855,0.54627,03,1250,0,0,Node 03: Network 3
11777,2025-07-18,01,03,11,321311,0.995456,01,250,0,0,Node 01: Network 3
11778,2025-07-18,01,03,11,871119,0.549808,02,750,0,0,Node 02: Network 3
11779,2025-07-18,01,03,12,329099,0.45798,03,1250,0,0,Node 03: Network 3
11780,2025-07-18,01,03,13,321273,0.992174,01,250,0,0,Node 01: Network 3
11781,2025-07-18,01,03,13,872203,0.55093,02,750,0,0,Node 02: Network 3
11782,2025-07-18,01,03,14,331404,0.459201,03,1250,0,0,Node 03: Network 3
11783,2025-07-18,01,03,15,322219,0.990815,01,250,0,0,Node 01: Network 3
11784,2025-07-18,01,03,15,875088,0.552869,02,750,0,0,Node 02: Network 3
11785,2025-07-18,01,03,16,332686,0.457598,03,1250,0,0,Node 03: Network 3
11786,2025-07-18,01,03,17,322941,0.990255,01,250,0,0,Node 01: Network 3
11787,2025-07-18,01,03,17,877229,0.554288,02,750,0,0,Node 02: Network 3
11788,2025-07-18,01,03,18,336414,0.459185,03,1250,0,0,Node 03: Network 3
11789,2025-07-18,01,03,19,422022,1.085608,01,250,0,0,Node 01: Network 3
11790,2025-07-18,01,03,19,879312,0.45729,02,750,0,0,Node 02: Network 3
11791,2025-07-18,01,03,20,337665,0.458353,03,1250,0,0,Node 03: Network 3
11792,2025-07-18,01,03,21,422374,1.084709,01,250,0,0,Node 01: Network 3
11793,2025-07-18,01,03,21,881242,0.458868,02,750,0,0,Node 02: Network 3
11794,2025-07-18,01,03,22,468084,0.586842,03,1250,0,0,Node 03: Network 3
11795,2025-07-18,01,03,23,423076,0.954992,01,250,0,0,Node 01: Network 3
11796,2025-07-18,01,03,23,883219,0.460143,02,750,0,0,Node 02: Network 3
11797,2025-07-18,01,03,24,429466,0.546247,03,1250,0,0,Node 03: Network 3
11798,2025-07-18,01,03,25,424041,0.994575,01,250,0,0,Node 01: Network 3
11799,2025-07-18,01,03,25,885332,0.461291,02,750,0,0,Node 02: Network 3
11800,2025-07-18,01,03,26,431484,0.546152,03,1250,0,0,Node 03: Network 3
11801,2025-07-18,01,03,27,425022,0.993538,01,250,0,0,Node 01: Network 3
11802,2025-07-18,01,03,27,886275,0.461253,02,750,0,0,Node 02: Network 3
11803,2025-07-18,01,03,28,473022,0.586747,03,1250,0,0,Node 03: Network 3
11804,2025-07-18,01,03,29,425623,0.952601,01,250,0,0,Node 01: Network 3
11805,2025-07-18,01,03,29,888883,0.46326,02,750,0,0,Node 02: Network 3
11806,2025-07-18,01,03,30,475870,0.586987,03,1250,0,0,Node 03: Network 3
11807,2025-07-18,01,03,31,426256,0.950386,01,250,0,0,Node 01: Network 3
11808,2025-07-18,01,03,31,891979,0.465723,02,750,0,0,Node 02: Network 3
11809,2025-07-18,01,03,32,473297,0.581318,03,1250,0,0,Node 03: Network 3
11810,2025-07-18,01,03,33,435935,0.962638,01,250,0,0,Node 01: Network 3
11811,2025-07-18,01,03,33,892997,0.457062,02,750,0,0,Node 02: Network 3
11812,2025-07-18,01,03,34,474979,0.581982,03,1250,0,0,Node 03: Network 3
11813,2025-07-18,01,03,35,437284,0.962305,01,250,0,0,Node 01: Network 3
11814,2025-07-18,01,03,35,895672,0.458388,02,750,0,0,Node 02: Network 3
11815,2025-07-18,01,03,36,485010,0.589338,03,1250,0,0,Node 03: Network 3
11816,2025-07-18,01,03,37,440345,0.955335,01,250,0,0,Node 01: Network 3
11817,2025-07-18,01,03,37,897470,0.457125,02,750,0,0,Node 02: Network 3
11818,2025-07-18,01,03,38,486246,0.588776,03,1250,0,0,Node 03: Network 3
11819,2025-07-18,01,03,39,439247,0.953001,01,250,0,0,Node 01: Network 3
11820,2025-07-18,01,03,40,030596,0.591349,02,750,0,0,Node 02: Network 3
11821,2025-07-18,01,03,40,488515,0.457919,03,1250,0,0,Node 03: Network 3
11822,2025-07-18,01,03,41,439260,0.950745,01,250,0,0,Node 01: Network 3
11823,2025-07-18,01,03,42,031764,0.592504,02,750,0,0,Node 02: Network 3
11824,2025-07-18,01,03,42,579110,0.547346,03,1250,0,0,Node 03: Network 3
11825,2025-07-18,01,03,43,047952,0.468842,BB,0,1,0,
11826,2025-07-18,01,03,45,051676,2.003724,BB,0,1,0,
11827,2025-07-18,01,03,45,115902,0.064226,02,1839,0,1,
11828,2025-07-18,01,03,45,129570,0.013668,03,1795,0,1,
11829,2025-07-18,01,03,45,143206,0.013636,01,1798,0,1,
11830,2025-07-18,01,03,45,368013,0.224807,01,250,0,0,Node 01: Network 3
11831,2025-07-18,01,03,45,867501,0.499488,02,750,0,0,Node 02: Network 3
11832,2025-07-18,01,03,46,371695,0.504194,03,1251,0,0,Node 03: Network 3
11833,2025-07-18,01,03,47,391296,1.019601,01,250,0,0,Node 01: Network 3
11834,2025-07-18,01,03,47,915413,0.524117,02,750,0,0,Node 02: Network 3
11835,2025-07-18,01,03,48,373513,0.4581,03,1250,0,0,Node 03: Network 3
11836,2025-07-18,01,03,49,369618,0.996105,01,250,0,0,Node 01: Network 3
11837,2025-07-18,01,03,49,917451,0.547833,02,750,0,0,Node 02: Network 3
11838,2025-07-18,01,03,50,376401,0.45895,03,1250,0,0,Node 03: Network 3
11839,2025-07-18,01,03,51,370825,0.994424,01,250,0,0,Node 01: Network 3
11840,2025-07-18,01,03,51,919628,0.548803,02,750,0,0,Node 02: Network 3
11841,2025-07-18,01,03,52,377702,0.458074,03,1250,0,0,Node 03: Network 3
11842,2025-07-18,01,03,53,371327,0.993625,01,250,0,0,Node 01: Network 3
11843,2025-07-18,01,03,53,922279,0.550952,02,750,0,0,Node 02: Network 3
11844,2025-07-18,01,03,54,379637,0.457358,03,1250,0,0,Node 03: Network 3
11845,2025-07-18,01,03,55,372138,0.992501,01,250,0,0,Node 01: Network 3
11846,2025-07-18,01,03,55,924556,0.552418,02,750,0,0,Node 02: Network 3
11847,2025-07-18,01,03,56,382671,0.458115,03,1250,0,0,Node 03: Network 3
11848,2025-07-18,01,03,57,373459,0.990788,01,250,0,0,Node 01: Network 3
11849,2025-07-18,01,03,57,926056,0.552597,02,750,0,0,Node 02: Network 3
11850,2025-07-18,01,03,58,383214,0.457158,03,1250,0,0,Node 03: Network 3
11851,2025-07-18,01,03,59,373334,0.99012,01,250,0,0,Node 01: Network 3
11852,2025-07-18,01,03,59,928307,0.554973,02,750,0,0,Node 02: Network 3
11853,2025-07-18,01,04,00,385486,0.457179,03,1250,0,0,Node 03: Network 3
11854,2025-07-18,01,04,01,373976,0.98849,01,250,0,0,Node 01: Network 3
11855,2025-07-18,01,04,01,930099,0.556123,02,750,0,0,Node 02: Network 3
11856,2025-07-18,01,04,02,389628,0.459529,03,1251,0,0,Node 03: Network 3
11857,2025-07-18,01,04,03,374527,0.984899,01,250,0,0,Node 01: Network 3
11858,2025-07-18,01,04,03,932570,0.558043,02,750,0,0,Node 02: Network 3
11859,2025-07-18,01,04,04,479658,0.547088,03,1250,0,0,Node 03: Network 3
11860,2025-07-18,01,04,05,375609,0.895951,01,250,0,0,Node 01: Network 3
11861,2025-07-18,01,04,05,934461,0.558852,02,750,0,0,Node 02: Network 3
11862,2025-07-18,01,04,06,481376,0.546915,03,1250,0,0,Node 03: Network 3
11863,2025-07-18,01,04,07,375855,0.894479,01,250,0,0,Node 01: Network 3
11864,2025-07-18,01,04,07,781474,0.405619,BB,0,1,0,
11865,2025-07-18,01,04,07,851299,0.069825,BB,0,1,0,03:1242:0:1
11866,2025-07-18,01,04,07,891411,0.040112,01,1720,0,1,02:289:0:1
11867,2025-07-18,01,04,07,912431,0.02102,02,738,0,1,
11868,2025-07-18,01,04,07,935494,0.023063,01,798,0,1,
11869,2025-07-18,01,04,07,994557,0.059063,02,750,0,0,Node 02: Network 3
11870,2025-07-18,01,04,08,017138,0.022581,03,754,0,1,
11871,2025-07-18,01,04,08,092418,0.07528,03,1250,0,0,Node 03: Network 3
11872,2025-07-18,01,04,08,203430,0.111012,03,1260,0,0,Node 03: Network 3
11873,2025-07-18,01,04,08,297843,0.094413,01,250,0,0,Node 01: Network 3
11874,2025-07-18,01,04,08,331167,0.033324,02,750,0,0,Node 02: Network 3
11875,2025-07-18,01,04,08,488132,0.156965,01,250,0,0,Node 01: Network 3
11876,2025-07-18,01,04,08,529485,0.041353,03,1250,0,0,Node 03: Network 3
11877,2025-07-18,01,04,08,563625,0.03414,02,750,0,0,Node 02: Network 3
11878,2025-07-18,01,04,08,601710,0.038085,03,1250,0,0,Node 03: Network 3
11879,2025-07-18,01,04,08,681135,0.079425,02,750,0,0,Node 02: Network 3
11880,2025-07-18,01,04,08,780542,0.099407,02,771,0,0,Node 02: Network 3
11881,2025-07-18,01,04,08,813075,0.032533,01,250,0,0,Node 01: Network 3
11882,2025-07-18,01,04,09,105324,0.292249,BB,0,1,0,
11883,2025-07-18,01,04,09,184970,0.079646,03,1250,0,0,Node 03: Network 3
11884,2025-07-18,01,04,10,228247,1.043277,01,250,0,0,Node 01: Network 3
11885,2025-07-18,01,04,10,729139,0.500892,02,750,0,0,Node 02: Network 3
11886,2025-07-18,01,04,11,110144,0.381005,BB,0,1,0,
11887,2025-07-18,01,04,13,114293,2.004149,BB,0,1,0,
11888,2025-07-18,01,04,13,168749,0.054456,02,1205,0,1,
11889,2025-07-18,01,04,13,181805,0.013056,03,1161,0,1,
11890,2025-07-18,01,04,13,195819,0.014014,01,1207,0,1,
11891,2025-07-18,01,04,13,429578,0.233759,01,250,0,0,Node 01: Network 3
11892,2025-07-18,01,04,13,930619,0.501041,02,750,0,0,Node 02: Network 3
11893,2025-07-18,01,04,14,433477,0.502858,03,1250,0,0,Node 03: Network 3
11894,2025-07-18,01,04,15,430280,0.996803,01,250,0,0,Node 01: Network 3
11895,2025-07-18,01,04,15,978575,0.548295,02,750,0,0,Node 02: Network 3
11896,2025-07-18,01,04,16,435127,0.456552,03,1250,0,0,Node 03: Network 3
11897,2025-07-18,01,04,17,431081,0.995954,01,250,0,0,Node 01: Network 3
11898,2025-07-18,01,04,17,980299,0.549218,02,750,0,0,Node 02: Network 3
11899,2025-07-18,01,04,18,437293,0.456994,03,1250,0,0,Node 03: Network 3
11900,2025-07-18,01,04,19,432193,0.9949,01,250,0,0,Node 01: Network 3
11901,2025-07-18,01,04,19,983138,0.550945,02,750,0,0,Node 02: Network 3
11902,2025-07-18,01,04,20,439724,0.456586,03,1250,0,0,Node 03: Network 3
11903,2025-07-18,01,04,21,527756,1.088032,01,250,0,0,Node 01: Network 3
11904,2025-07-18,01,04,21,984847,0.457091,02,750,0,0,Node 02: Network 3
11905,2025-07-18,01,04,22,440891,0.456044,03,1250,0,0,Node 03: Network 3
11906,2025-07-18,01,04,23,528107,1.087216,01,250,0,0,Node 01: Network 3
11907,2025-07-18,01,04,23,986282,0.458175,02,750,0,0,Node 02: Network 3
11908,2025-07-18,01,04,24,443946,0.457664,03,1250,0,0,Node 03: Network 3
11909,2025-07-18,01,04,25,529189,1.085243,01,250,0,0,Node 01: Network 3
11910,2025-07-18,01,04,25,988273,0.459084,02,750,0,0,Node 02: Network 3
11911,2025-07-18,01,04,26,445684,0.457411,03,1250,0,0,Node 03: Network 3
11912,2025-07-18,01,04,27,529369,1.083685,01,250,0,0,Node 01: Network 3
11913,2025-07-18,01,04,27,990034,0.460665,02,750,0,0,Node 02: Network 3
11914,2025-07-18,01,04,28,574987,0.584953,03,1250,0,0,Node 03: Network 3
11915,2025-07-18,01,04,29,531432,0.956445,01,250,0,0,Node 01: Network 3
11916,2025-07-18,01,04,29,991548,0.460116,02,750,0,0,Node 02: Network 3
11917,2025-07-18,01,04,30,579044,0.587496,03,1250,0,0,Node 03: Network 3
11918,2025-07-18,01,04,31,536090,0.957046,01,250,0,0,Node 01: Network 3
11919,2025-07-18,01,04,31,994018,0.457928,02,750,0,0,Node 02: Network 3
11920,2025-07-18,01,04,32,581011,0.586993,03,1250,0,0,Node 03: Network 3
11921,2025-07-18,01,04,33,538161,0.95715,01,250,0,0,Node 01: Network 3
11922,2025-07-18,01,04,33,995879,0.457718,02,750,0,0,Node 02: Network 3
11923,2025-07-18,01,04,34,582848,0.586969,03,1250,0,0,Node 03: Network 3
11924,2025-07-18,01,04,35,537971,0.955123,01,250,0,0,Node 01: Network 3
11925,2025-07-18,01,04,35,998359,0.460388,02,750,0,0,Node 02: Network 3
11926,2025-07-18,01,04,36,585467,0.587108,03,1250,0,0,Node 03: Network 3
11927,2025-07-18,01,04,37,539285,0.953818,01,250,0,0,Node 01: Network 3
11928,2025-07-18,01,04,38,000425,0.46114,02,750,0,0,Node 02: Network 3
11929,2025-07-18,01,04,38,587360,0.586935,03,1250,0,0,Node 03: Network 3
11930,2025-07-18,01,04,39,539518,0.952158,01,250,0,0,Node 01: Network 3
11931,2025-07-18,01,04,40,002838,0.46332,02,750,0,0,Node 02: Network 3
11932,2025-07-18,01,04,40,589109,0.586271,03,1250,0,0,Node 03: Network 3
11933,2025-07-18,01,04,41,540073,0.950964,01,250,0,0,Node 01: Network 3
11934,2025-07-18,01,04,42,004836,0.464763,02,750,0,0,Node 02: Network 3
11935,2025-07-18,01,04,42,591329,0.586493,03,1250,0,0,Node 03: Network 3
11936,2025-07-18,01,04,43,541781,0.950452,01,250,0,0,Node 01: Network 3
11937,2025-07-18,01,04,44,135995,0.594214,02,750,0,0,Node 02: Network 3
11938,2025-07-18,01,04,44,592778,0.456783,03,1250,0,0,Node 03: Network 3
11939,2025-07-18,01,04,45,541480,0.948702,01,250,0,0,Node 01: Network 3
11940,2025-07-18,01,04,46,137120,0.59564,02,750,0,0,Node 02: Network 3
11941,2025-07-18,01,04,46,588808,0.451688,03,1250,0,0,Node 03: Network 3
11942,2025-07-18,01,04,47,543166,0.954358,01,250,0,0,Node 01: Network 3
11943,2025-07-18,01,04,48,139701,0.596535,02,750,0,0,Node 02: Network 3
11944,2025-07-18,01,04,48,591486,0.451785,03,1250,0,0,Node 03: Network 3
11945,2025-07-18,01,04,49,544080,0.952594,01,250,0,0,Node 01: Network 3
11946,2025-07-18,01,04,50,141834,0.597754,02,750,0,0,Node 02: Network 3
11947,2025-07-18,01,04,50,593436,0.451602,03,1250,0,0,Node 03: Network 3
11948,2025-07-18,01,04,51,544698,0.951262,01,250,0,0,Node 01: Network 3
11949,2025-07-18,01,04,52,144070,0.599372,02,751,0,0,Node 02: Network 3
11950,2025-07-18,01,04,52,595577,0.451507,03,1250,0,0,Node 03: Network 3
11951,2025-07-18,01,04,53,545143,0.949566,01,250,0,0,Node 01: Network 3
11952,2025-07-18,01,04,54,146568,0.601425,02,750,0,0,Node 02: Network 3
11953,2025-07-18,01,04,54,597401,0.450833,03,1250,0,0,Node 03: Network 3
11954,2025-07-18,01,04,55,545835,0.948434,01,250,0,0,Node 01: Network 3
11955,2025-07-18,01,04,56,147975,0.60214,02,750,0,0,Node 02: Network 3
11956,2025-07-18,01,04,56,599058,0.451083,03,1250,0,0,Node 03: Network 3
11957,2025-07-18,01,04,57,547004,0.947946,01,250,0,0,Node 01: Network 3
11958,2025-07-18,01,04,58,150375,0.603371,02,750,0,0,Node 02: Network 3
11959,2025-07-18,01,04,58,602123,0.451748,03,1250,0,0,Node 03: Network 3
11960,2025-07-18,01,04,59,546305,0.944182,01,250,0,0,Node 01: Network 3
11961,2025-07-18,01,05,00,151385,0.60508,02,750,0,0,Node 02: Network 3
11962,2025-07-18,01,05,00,698292,0.546907,03,1250,0,0,Node 03: Network 3
11963,2025-07-18,01,05,01,547902,0.84961,01,250,0,0,Node 01: Network 3
11964,2025-07-18,01,05,02,153923,0.606021,02,750,0,0,Node 02: Network 3
11965,2025-07-18,01,05,02,698942,0.545019,03,1250,0,0,Node 03: Network 3
11966,2025-07-18,01,05,03,549046,0.850104,01,250,0,0,Node 01: Network 3
11967,2025-07-18,01,05,04,155463,0.606417,02,750,0,0,Node 02: Network 3
11968,2025-07-18,01,05,04,702799,0.547336,03,1250,0,0,Node 03: Network 3
11969,2025-07-18,01,05,05,700454,0.997655,01,250,0,0,Node 01: Network 3
11970,2025-07-18,01,05,06,158336,0.457882,02,750,0,0,Node 02: Network 3
11971,2025-07-18,01,05,06,704982,0.546646,03,1250,0,0,Node 03: Network 3
11972,2025-07-18,01,05,07,700821,0.995839,01,250,0,0,Node 01: Network 3
11973,2025-07-18,01,05,08,160242,0.459421,02,751,0,0,Node 02: Network 3
11974,2025-07-18,01,05,08,706435,0.546193,03,1250,0,0,Node 03: Network 3
11975,2025-07-18,01,05,09,701278,0.994843,01,250,0,0,Node 01: Network 3
11976,2025-07-18,01,05,10,162597,0.461319,02,750,0,0,Node 02: Network 3
11977,2025-07-18,01,05,10,709988,0.547391,03,1250,0,0,Node 03: Network 3
11978,2025-07-18,01,05,11,702996,0.993008,01,250,0,0,Node 01: Network 3
11979,2025-07-18,01,05,12,164652,0.461656,02,750,0,0,Node 02: Network 3
11980,2025-07-18,01,05,12,711636,0.546984,03,1250,0,0,Node 03: Network 3
11981,2025-07-18,01,05,13,709054,0.997418,01,250,0,0,Node 01: Network 3
11982,2025-07-18,01,05,14,166613,0.457559,02,750,0,0,Node 02: Network 3
11983,2025-07-18,01,05,14,713324,0.546711,03,1250,0,0,Node 03: Network 3
11984,2025-07-18,01,05,15,709123,0.995799,01,250,0,0,Node 01: Network 3
11985,2025-07-18,01,05,16,168392,0.459269,02,750,0,0,Node 02: Network 3
11986,2025-07-18,01,05,16,715491,0.547099,03,1250,0,0,Node 03: Network 3
11987,2025-07-18,01,05,17,713513,0.998022,01,250,0,0,Node 01: Network 3
11988,2025-07-18,01,05,18,169915,0.456402,02,750,0,0,Node 02: Network 3
11989,2025-07-18,01,05,18,717252,0.547337,03,1250,0,0,Node 03: Network 3
11990,2025-07-18,01,05,19,714309,0.997057,01,250,0,0,Node 01: Network 3
11991,2025-07-18,01,05,20,172581,0.458272,02,750,0,0,Node 02: Network 3
11992,2025-07-18,01,05,20,721248,0.548667,03,1250,0,0,Node 03: Network 3
11993,2025-07-18,01,05,22,174381,1.453133,02,750,0,0,Node 02: Network 3
11994,2025-07-18,01,05,22,723057,0.548676,03,1250,0,0,Node 03: Network 3
11995,2025-07-18,01,05,23,719176,0.996119,01,250,0,0,Node 01: Network 3
11996,2025-07-18,01,05,24,177393,0.458217,02,751,0,0,Node 02: Network 3
11997,2025-07-18,01,05,24,724432,0.547039,03,1250,0,0,Node 03: Network 3
11998,2025-07-18,01,05,25,719726,0.995294,01,250,0,0,Node 01: Network 3
11999,2025-07-18,01,05,26,268685,0.548959,02,750,0,0,Node 02: Network 3
12000,2025-07-18,01,05,26,727489,0.458804,03,1250,0,0,Node 03: Network 3
12001,2025-07-18,01,05,27,720872,0.993383,01,250,0,0,Node 01: Network 3
12002,2025-07-18,01,05,28,270924,0.550052,02,750,0,0,Node 02: Network 3
12003,2025-07-18,01,05,28,729079,0.458155,03,1250,0,0,Node 03: Network 3
12004,2025-07-18,01,05,29,720192,0.991113,01,250,0,0,Node 01: Network 3
12005,2025-07-18,01,05,30,272838,0.552646,02,750,0,0,Node 02: Network 3
12006,2025-07-18,01,05,30,818622,0.545784,03,1250,0,0,Node 03: Network 3
12007,2025-07-18,01,05,31,285546,0.466924,BB,0,1,0,
12008,2025-07-18,01,05,33,290419,2.004873,BB,0,1,0,
12009,2025-07-18,01,05,33,335009,0.04459,02,1838,0,1,
12010,2025-07-18,01,05,33,353187,0.018178,03,1793,0,1,
12011,2025-07-18,01,05,33,396252,0.043065,01,1795,0,1,
12012,2025-07-18,01,05,33,605839,0.209587,01,250,0,0,Node 01: Network 3
12013,2025-07-18,01,05,34,106147,0.500308,02,750,0,0,Node 02: Network 3
12014,2025-07-18,01,05,34,608898,0.502751,03,1250,0,0,Node 03: Network 3
12015,2025-07-18,01,05,35,606270,0.997372,01,250,0,0,Node 01: Network 3
12016,2025-07-18,01,05,36,107085,0.500815,02,750,0,0,Node 02: Network 3
12017,2025-07-18,01,05,36,611928,0.504843,03,1250,0,0,Node 03: Network 3
12018,2025-07-18,01,05,37,656009,1.044081,01,250,0,0,Node 01: Network 3
12019,2025-07-18,01,05,38,109933,0.453924,02,750,0,0,Node 02: Network 3
12020,2025-07-18,01,05,38,614456,0.504523,03,1250,0,0,Node 03: Network 3
12021,2025-07-18,01,05,39,656139,1.041683,01,250,0,0,Node 01: Network 3
12022,2025-07-18,01,05,40,111606,0.455467,02,750,0,0,Node 02: Network 3
12023,2025-07-18,01,05,40,616023,0.504417,03,1250,0,0,Node 03: Network 3
12024,2025-07-18,01,05,41,656799,1.040776,01,250,0,0,Node 01: Network 3
12025,2025-07-18,01,05,42,158950,0.502151,02,750,0,0,Node 02: Network 3
12026,2025-07-18,01,05,42,618114,0.459164,03,1250,0,0,Node 03: Network 3
12027,2025-07-18,01,05,43,657595,1.039481,01,250,0,0,Node 01: Network 3
12028,2025-07-18,01,05,44,162672,0.505077,02,750,0,0,Node 02: Network 3
12029,2025-07-18,01,05,44,619412,0.45674,03,1250,0,0,Node 03: Network 3
12030,2025-07-18,01,05,45,658510,1.039098,01,250,0,0,Node 01: Network 3
12031,2025-07-18,01,05,46,163451,0.504941,02,750,0,0,Node 02: Network 3
12032,2025-07-18,01,05,46,622081,0.45863,03,1250,0,0,Node 03: Network 3
12033,2025-07-18,01,05,47,658358,1.036277,01,250,0,0,Node 01: Network 3
12034,2025-07-18,01,05,48,167757,0.509399,02,750,0,0,Node 02: Network 3
12035,2025-07-18,01,05,48,623917,0.45616,03,1250,0,0,Node 03: Network 3
12036,2025-07-18,01,05,49,658893,1.034976,01,250,0,0,Node 01: Network 3
12037,2025-07-18,01,05,50,168286,0.509393,02,750,0,0,Node 02: Network 3
12038,2025-07-18,01,05,50,714934,0.546648,03,1250,0,0,Node 03: Network 3
12039,2025-07-18,01,05,51,659997,0.945063,01,250,0,0,Node 01: Network 3
12040,2025-07-18,01,05,52,170777,0.51078,02,750,0,0,Node 02: Network 3
12041,2025-07-18,01,05,52,716980,0.546203,03,1251,0,0,Node 03: Network 3
12042,2025-07-18,01,05,53,660738,0.943758,01,250,0,0,Node 01: Network 3
12043,2025-07-18,01,05,54,172722,0.511984,02,750,0,0,Node 02: Network 3
12044,2025-07-18,01,05,54,719521,0.546799,03,1250,0,0,Node 03: Network 3
12045,2025-07-18,01,05,55,662363,0.942842,01,250,0,0,Node 01: Network 3
12046,2025-07-18,01,05,56,173923,0.51156,02,750,0,0,Node 02: Network 3
12047,2025-07-18,01,05,56,722244,0.548321,03,1250,0,0,Node 03: Network 3
12048,2025-07-18,01,05,57,662492,0.940248,01,250,0,0,Node 01: Network 3
12049,2025-07-18,01,05,58,175925,0.513433,02,750,0,0,Node 02: Network 3
12050,2025-07-18,01,05,58,724050,0.548125,03,1250,0,0,Node 03: Network 3
12051,2025-07-18,01,05,59,720504,0.996454,01,250,0,0,Node 01: Network 3
12052,2025-07-18,01,06,00,179396,0.458892,02,750,0,0,Node 02: Network 3
12053,2025-07-18,01,06,00,725648,0.546252,03,1250,0,0,Node 03: Network 3
12054,2025-07-18,01,06,01,721292,0.995644,01,250,0,0,Node 01: Network 3
12055,2025-07-18,01,06,02,270528,0.549236,02,750,0,0,Node 02: Network 3
12056,2025-07-18,01,06,02,727616,0.457088,03,1250,0,0,Node 03: Network 3
12057,2025-07-18,01,06,03,721742,0.994126,01,250,0,0,Node 01: Network 3
12058,2025-07-18,01,06,04,272229,0.550487,02,750,0,0,Node 02: Network 3
12059,2025-07-18,01,06,04,767467,0.495238,03,1250,0,0,Node 03: Network 3
12060,2025-07-18,01,06,05,722163,0.954696,01,250,0,0,Node 01: Network 3
12061,2025-07-18,01,06,06,274255,0.552092,02,750,0,0,Node 02: Network 3
12062,2025-07-18,01,06,06,770063,0.495808,03,1250,0,0,Node 03: Network 3
12063,2025-07-18,01,06,07,722463,0.9524,01,250,0,0,Node 01: Network 3
12064,2025-07-18,01,06,08,275506,0.553043,02,750,0,0,Node 02: Network 3
12065,2025-07-18,01,06,08,773763,0.498257,03,1250,0,0,Node 03: Network 3
12066,2025-07-18,01,06,09,722952,0.949189,01,250,0,0,Node 01: Network 3
12067,2025-07-18,01,06,10,318323,0.595371,02,750,0,0,Node 02: Network 3
12068,2025-07-18,01,06,10,775561,0.457238,03,1250,0,0,Node 03: Network 3
12069,2025-07-18,01,06,11,862358,1.086797,01,250,0,0,Node 01: Network 3
12070,2025-07-18,01,06,12,320134,0.457776,02,750,0,0,Node 02: Network 3
12071,2025-07-18,01,06,13,863507,1.543373,01,250,0,0,Node 01: Network 3
12072,2025-07-18,01,06,14,321183,0.457676,02,750,0,0,Node 02: Network 3
12073,2025-07-18,01,06,14,911981,0.590798,03,1250,0,0,Node 03: Network 3
12074,2025-07-18,01,06,15,381655,0.469674,BB,0,1,0,
12075,2025-07-18,01,06,16,592558,1.210903,BB,0,1,0,03:1250:0:0:Node 03: Network 3
12076,2025-07-18,01,06,16,611584,0.019026,BB,0,1,0,
12077,2025-07-18,01,06,16,654651,0.043067,03,1004,0,1,
12078,2025-07-18,01,06,16,678428,0.023777,BB,0,1,0,03:1161:0:1
12079,2025-07-18,01,06,16,692224,0.013796,01,1051,0,1,
12080,2025-07-18,01,06,16,705619,0.013395,02,1090,0,1,
12081,2025-07-18,01,06,16,729064,0.023445,02,1205,0,1,1207:0:1
12082,2025-07-18,01,06,16,741080,0.012016,01,60,0,1,
12083,2025-07-18,01,06,16,888325,0.147245,03,1250,0,0,Node 03: Network 3
12084,2025-07-18,01,06,16,946713,0.058388,03,117,0,1,
12085,2025-07-18,01,06,16,958729,0.012016,02,125,0,1,
12086,2025-07-18,01,06,16,999328,0.040599,01,250,0,0,Node 01: Network 3
12087,2025-07-18,01,06,17,096617,0.097289,02,771,0,0,Node 02: Network 3
12088,2025-07-18,01,06,17,137993,0.041376,01,250,0,0,Node 01: Network 3
12089,2025-07-18,01,06,17,182398,0.044405,02,750,0,0,Node 02: Network 3
12090,2025-07-18,01,06,17,278734,0.096336,01,250,0,0,Node 01: Network 3
12091,2025-07-18,01,06,17,336265,0.057531,02,750,0,0,Node 02: Network 3
12092,2025-07-18,01,06,17,455637,0.119372,03,1250,0,0,Node 03: Network 3
12093,2025-07-18,01,06,17,524618,0.068981,01,250,0,0,Node 01: Network 3
12094,2025-07-18,01,06,17,544143,0.019525,BB,0,1,0,
12095,2025-07-18,01,06,17,577840,0.033697,02,750,0,0,Node 02: Network 3
12096,2025-07-18,01,06,17,714230,0.13639,02,750,0,0,Node 02: Network 3
12097,2025-07-18,01,06,17,748577,0.034347,03,1250,0,0,Node 03: Network 3
12098,2025-07-18,01,06,17,906261,0.157684,02,781,0,0,Node 02: Network 3
12099,2025-07-18,01,06,18,124027,0.217766,03,1250,0,0,Node 03: Network 3
12100,2025-07-18,01,06,19,121267,0.99724,01,250,0,0,Node 01: Network 3
12101,2025-07-18,01,06,19,391661,0.270394,BB,0,1,0,
12102,2025-07-18,01,06,21,395399,2.003738,BB,0,1,0,
12103,2025-07-18,01,06,21,448510,0.053111,02,594,0,1,
12104,2025-07-18,01,06,21,473642,0.025132,01,597,0,1,
12105,2025-07-18,01,06,21,542584,0.068942,03,594,0,1,
12106,2025-07-18,01,06,21,712376,0.169792,01,250,0,0,Node 01: Network 3
12107,2025-07-18,01,06,22,212549,0.500173,02,750,0,0,Node 02: Network 3
12108,2025-07-18,01,06,22,758561,0.546012,03,1250,0,0,Node 03: Network 3
12109,2025-07-18,01,06,23,712071,0.95351,01,250,0,0,Node 01: Network 3
12110,2025-07-18,01,06,24,214448,0.502377,02,750,0,0,Node 02: Network 3
12111,2025-07-18,01,06,24,760516,0.546068,03,1250,0,0,Node 03: Network 3
12112,2025-07-18,01,06,25,714645,0.954129,01,250,0,0,Node 01: Network 3
12113,2025-07-18,01,06,26,215473,0.500828,02,750,0,0,Node 02: Network 3
12114,2025-07-18,01,06,26,760404,0.544931,03,1250,0,0,Node 03: Network 3
12115,2025-07-18,01,06,27,714283,0.953879,01,250,0,0,Node 01: Network 3
12116,2025-07-18,01,06,28,217683,0.5034,02,750,0,0,Node 02: Network 3
12117,2025-07-18,01,06,28,763220,0.545537,03,1250,0,0,Node 03: Network 3
12118,2025-07-18,01,06,29,714271,0.951051,01,250,0,0,Node 01: Network 3
12119,2025-07-18,01,06,30,219891,0.50562,02,750,0,0,Node 02: Network 3
12120,2025-07-18,01,06,30,765970,0.546079,03,1250,0,0,Node 03: Network 3
12121,2025-07-18,01,06,31,715389,0.949419,01,250,0,0,Node 01: Network 3
12122,2025-07-18,01,06,32,222065,0.506676,02,750,0,0,Node 02: Network 3
12123,2025-07-18,01,06,32,767238,0.545173,03,1250,0,0,Node 03: Network 3
12124,2025-07-18,01,06,33,716195,0.948957,01,250,0,0,Node 01: Network 3
12125,2025-07-18,01,06,34,310285,0.59409,02,750,0,0,Node 02: Network 3
12126,2025-07-18,01,06,34,770704,0.460419,03,1250,0,0,Node 03: Network 3
12127,2025-07-18,01,06,35,716515,0.945811,01,250,0,0,Node 01: Network 3
12128,2025-07-18,01,06,36,313945,0.59743,02,751,0,0,Node 02: Network 3
12129,2025-07-18,01,06,36,771764,0.457819,03,1250,0,0,Node 03: Network 3
12130,2025-07-18,01,06,37,716822,0.945058,01,250,0,0,Node 01: Network 3
12131,2025-07-18,01,06,38,315498,0.598676,02,750,0,0,Node 02: Network 3
12132,2025-07-18,01,06,38,772866,0.457368,03,1250,0,0,Node 03: Network 3
12133,2025-07-18,01,06,39,859234,1.086368,01,250,0,0,Node 01: Network 3
12134,2025-07-18,01,06,40,318582,0.459348,02,750,0,0,Node 02: Network 3
12135,2025-07-18,01,06,40,776639,0.458057,03,1250,0,0,Node 03: Network 3
12136,2025-07-18,01,06,41,860104,1.083465,01,250,0,0,Node 01: Network 3
12137,2025-07-18,01,06,42,320521,0.460417,02,750,0,0,Node 02: Network 3
12138,2025-07-18,01,06,42,778187,0.457666,03,1250,0,0,Node 03: Network 3
12139,2025-07-18,01,06,43,860865,1.082678,01,250,0,0,Node 01: Network 3
12140,2025-07-18,01,06,44,404301,0.543436,02,750,0,0,Node 02: Network 3
12141,2025-07-18,01,06,44,782050,0.377749,03,1250,0,0,Node 03: Network 3
12142,2025-07-18,01,06,45,862200,1.08015,01,251,0,0,Node 01: Network 3
12143,2025-07-18,01,06,46,405246,0.543046,02,750,0,0,Node 02: Network 3
12144,2025-07-18,01,06,46,783076,0.37783,03,1250,0,0,Node 03: Network 3
12145,2025-07-18,01,06,47,863527,1.080451,01,250,0,0,Node 01: Network 3
12146,2025-07-18,01,06,48,327863,0.464336,02,750,0,0,Node 02: Network 3
12147,2025-07-18,01,06,48,785389,0.457526,03,1250,0,0,Node 03: Network 3
12148,2025-07-18,01,06,49,863703,1.078314,01,250,0,0,Node 01: Network 3
12149,2025-07-18,01,06,50,330163,0.46646,02,750,0,0,Node 02: Network 3
12150,2025-07-18,01,06,50,787651,0.457488,03,1250,0,0,Node 03: Network 3
12151,2025-07-18,01,06,51,863923,1.076272,01,250,0,0,Node 01: Network 3
12152,2025-07-18,01,06,52,331552,0.467629,02,750,0,0,Node 02: Network 3
12153,2025-07-18,01,06,52,789094,0.457542,03,1250,0,0,Node 03: Network 3
12154,2025-07-18,01,06,53,864397,1.075303,01,250,0,0,Node 01: Network 3
12155,2025-07-18,01,06,54,333994,0.469597,02,750,0,0,Node 02: Network 3
12156,2025-07-18,01,06,54,790907,0.456913,03,1250,0,0,Node 03: Network 3
12157,2025-07-18,01,06,55,865012,1.074105,01,250,0,0,Node 01: Network 3
12158,2025-07-18,01,06,56,335626,0.470614,02,750,0,0,Node 02: Network 3
12159,2025-07-18,01,06,56,793895,0.458269,03,1250,0,0,Node 03: Network 3
12160,2025-07-18,01,06,57,836696,1.042801,01,250,0,0,Node 01: Network 3
12161,2025-07-18,01,06,58,337694,0.500998,02,750,0,0,Node 02: Network 3
12162,2025-07-18,01,06,58,795767,0.458073,03,1250,0,0,Node 03: Network 3
12163,2025-07-18,01,06,59,837714,1.041947,01,250,0,0,Node 01: Network 3
12164,2025-07-18,01,07,00,339784,0.50207,02,750,0,0,Node 02: Network 3
12165,2025-07-18,01,07,00,833610,0.493826,03,1250,0,0,Node 03: Network 3
12166,2025-07-18,01,07,01,837781,1.004171,01,250,0,0,Node 01: Network 3
12167,2025-07-18,01,07,02,336913,0.499132,02,750,0,0,Node 02: Network 3
12168,2025-07-18,01,07,02,801173,0.46426,03,1250,0,0,Node 03: Network 3
12169,2025-07-18,01,07,03,839762,1.038589,01,250,0,0,Node 01: Network 3
12170,2025-07-18,01,07,04,339573,0.499811,02,750,0,0,Node 02: Network 3
12171,2025-07-18,01,07,04,802977,0.463404,03,1250,0,0,Node 03: Network 3
12172,2025-07-18,01,07,05,882752,1.079775,01,250,0,0,Node 01: Network 3
12173,2025-07-18,01,07,06,341506,0.458754,02,750,0,0,Node 02: Network 3
12174,2025-07-18,01,07,06,803292,0.461786,03,1250,0,0,Node 03: Network 3
12175,2025-07-18,01,07,07,884748,1.081456,01,250,0,0,Node 01: Network 3
12176,2025-07-18,01,07,08,343933,0.459185,02,750,0,0,Node 02: Network 3
12177,2025-07-18,01,07,08,931502,0.587569,03,1250,0,0,Node 03: Network 3
12178,2025-07-18,01,07,09,885101,0.953599,01,250,0,0,Node 01: Network 3
12179,2025-07-18,01,07,10,345943,0.460842,02,750,0,0,Node 02: Network 3
12180,2025-07-18,01,07,10,932046,0.586103,03,1250,0,0,Node 03: Network 3
12181,2025-07-18,01,07,11,885833,0.953787,01,250,0,0,Node 01: Network 3
12182,2025-07-18,01,07,12,347967,0.462134,02,750,0,0,Node 02: Network 3
12183,2025-07-18,01,07,12,934424,0.586457,03,1250,0,0,Node 03: Network 3
12184,2025-07-18,01,07,13,886035,0.951611,01,250,0,0,Node 01: Network 3
12185,2025-07-18,01,07,14,350283,0.464248,02,750,0,0,Node 02: Network 3
12186,2025-07-18,01,07,14,938196,0.587913,03,1250,0,0,Node 03: Network 3
12187,2025-07-18,01,07,15,886613,0.948417,01,250,0,0,Node 01: Network 3
12188,2025-07-18,01,07,16,351030,0.464417,02,750,0,0,Node 02: Network 3
12189,2025-07-18,01,07,16,940319,0.589289,03,1250,0,0,Node 03: Network 3
12190,2025-07-18,01,07,17,886580,0.946261,01,250,0,0,Node 01: Network 3
12191,2025-07-18,01,07,18,353837,0.467257,02,750,0,0,Node 02: Network 3
12192,2025-07-18,01,07,18,942325,0.588488,03,1250,0,0,Node 03: Network 3
12193,2025-07-18,01,07,19,887466,0.945141,01,250,0,0,Node 01: Network 3
12194,2025-07-18,01,07,20,355520,0.468054,02,750,0,0,Node 02: Network 3
12195,2025-07-18,01,07,20,944249,0.588729,03,1250,0,0,Node 03: Network 3
12196,2025-07-18,01,07,21,888737,0.944488,01,250,0,0,Node 01: Network 3
12197,2025-07-18,01,07,22,356524,0.467787,02,750,0,0,Node 02: Network 3
12198,2025-07-18,01,07,23,889943,1.533419,01,250,0,0,Node 01: Network 3
12199,2025-07-18,01,07,24,359992,0.470049,02,750,0,0,Node 02: Network 3
12200,2025-07-18,01,07,24,936427,0.576435,03,1250,0,0,Node 03: Network 3
12201,2025-07-18,01,07,25,889883,0.953456,01,250,0,0,Node 01: Network 3
12202,2025-07-18,01,07,26,481294,0.591411,02,750,0,0,Node 02: Network 3
12203,2025-07-18,01,07,26,939454,0.45816,03,1250,0,0,Node 03: Network 3
12204,2025-07-18,01,07,27,891237,0.951783,01,250,0,0,Node 01: Network 3
12205,2025-07-18,01,07,28,483281,0.592044,02,750,0,0,Node 02: Network 3
12206,2025-07-18,01,07,28,940081,0.4568,03,1250,0,0,Node 03: Network 3
12207,2025-07-18,01,07,29,891378,0.951297,01,250,0,0,Node 01: Network 3
12208,2025-07-18,01,07,30,484564,0.593186,02,750,0,0,Node 02: Network 3
12209,2025-07-18,01,07,30,943406,0.458842,03,1250,0,0,Node 03: Network 3
12210,2025-07-18,01,07,31,892075,0.948669,01,250,0,0,Node 01: Network 3
12211,2025-07-18,01,07,32,487022,0.594947,02,750,0,0,Node 02: Network 3
12212,2025-07-18,01,07,32,945323,0.458301,03,1250,0,0,Node 03: Network 3
12213,2025-07-18,01,07,33,892202,0.946879,01,250,0,0,Node 01: Network 3
12214,2025-07-18,01,07,34,488845,0.596643,02,750,0,0,Node 02: Network 3
12215,2025-07-18,01,07,34,946786,0.457941,03,1250,0,0,Node 03: Network 3
12216,2025-07-18,01,07,35,894271,0.947485,01,250,0,0,Node 01: Network 3
12217,2025-07-18,01,07,36,491111,0.59684,02,750,0,0,Node 02: Network 3
12218,2025-07-18,01,07,36,949463,0.458352,03,1250,0,0,Node 03: Network 3
12219,2025-07-18,01,07,37,894619,0.945156,01,250,0,0,Node 01: Network 3
12220,2025-07-18,01,07,38,493320,0.598701,02,750,0,0,Node 02: Network 3
12221,2025-07-18,01,07,38,951228,0.457908,03,1250,0,0,Node 03: Network 3
12222,2025-07-18,01,07,40,037139,1.085911,01,250,0,0,Node 01: Network 3
12223,2025-07-18,01,07,40,495329,0.45819,02,750,0,0,Node 02: Network 3
12224,2025-07-18,01,07,41,041736,0.546407,03,1250,0,0,Node 03: Network 3
12225,2025-07-18,01,07,42,586436,1.5447,02,750,0,0,Node 02: Network 3
12226,2025-07-18,01,07,43,132166,0.54573,03,1250,0,0,Node 03: Network 3
12227,2025-07-18,01,07,43,575799,0.443633,BB,0,1,0,
12228,2025-07-18,01,07,43,646827,0.071028,01,335,0,1,
12229,2025-07-18,01,07,43,659060,0.012233,03,850,0,1,
12230,2025-07-18,01,07,43,891402,0.232342,01,250,0,0,Node 01: Network 3
12231,2025-07-18,01,07,44,436683,0.545281,02,751,0,0,Node 02: Network 3
12232,2025-07-18,01,07,44,895067,0.458384,03,1250,0,0,Node 03: Network 3
12233,2025-07-18,01,07,45,891849,0.996782,01,250,0,0,Node 01: Network 3
12234,2025-07-18,01,07,46,438066,0.546217,02,750,0,0,Node 02: Network 3
12235,2025-07-18,01,07,46,896911,0.458845,03,1250,0,0,Node 03: Network 3
12236,2025-07-18,01,07,47,891446,0.994535,01,250,0,0,Node 01: Network 3
12237,2025-07-18,01,07,48,440829,0.549383,02,750,0,0,Node 02: Network 3
12238,2025-07-18,01,07,48,899698,0.458869,03,1250,0,0,Node 03: Network 3
12239,2025-07-18,01,07,49,893146,0.993448,01,250,0,0,Node 01: Network 3
12240,2025-07-18,01,07,50,443168,0.550022,02,750,0,0,Node 02: Network 3
12241,2025-07-18,01,07,50,940656,0.497488,03,1250,0,0,Node 03: Network 3
12242,2025-07-18,01,07,51,892687,0.952031,01,250,0,0,Node 01: Network 3
12243,2025-07-18,01,07,52,445810,0.553123,02,750,0,0,Node 02: Network 3
12244,2025-07-18,01,07,52,992323,0.546513,03,1250,0,0,Node 03: Network 3
12245,2025-07-18,01,07,53,990924,0.998601,01,250,0,0,Node 01: Network 3
12246,2025-07-18,01,07,54,446546,0.455622,02,750,0,0,Node 02: Network 3
12247,2025-07-18,01,07,54,994917,0.548371,03,1250,0,0,Node 03: Network 3
12248,2025-07-18,01,07,55,990948,0.996031,01,250,0,0,Node 01: Network 3
12249,2025-07-18,01,07,56,448897,0.457949,02,750,0,0,Node 02: Network 3
12250,2025-07-18,01,07,56,996528,0.547631,03,1250,0,0,Node 03: Network 3
12251,2025-07-18,01,07,57,992050,0.995522,01,250,0,0,Node 01: Network 3
12252,2025-07-18,01,07,58,450643,0.458593,02,750,0,0,Node 02: Network 3
12253,2025-07-18,01,07,58,997456,0.546813,03,1250,0,0,Node 03: Network 3
12254,2025-07-18,01,07,59,993262,0.995806,01,250,0,0,Node 01: Network 3
12255,2025-07-18,01,08,00,452651,0.459389,02,750,0,0,Node 02: Network 3
12256,2025-07-18,01,08,00,998923,0.546272,03,1250,0,0,Node 03: Network 3
12257,2025-07-18,01,08,01,992969,0.994046,01,250,0,0,Node 01: Network 3
12258,2025-07-18,01,08,02,455454,0.462485,02,750,0,0,Node 02: Network 3
12259,2025-07-18,01,08,03,000339,0.544885,03,1250,0,0,Node 03: Network 3
12260,2025-07-18,01,08,03,993800,0.993461,01,250,0,0,Node 01: Network 3
12261,2025-07-18,01,08,04,457652,0.463852,02,750,0,0,Node 02: Network 3
12262,2025-07-18,01,08,05,003535,0.545883,03,1250,0,0,Node 03: Network 3
12263,2025-07-18,01,08,05,994696,0.991161,01,250,0,0,Node 01: Network 3
12264,2025-07-18,01,08,06,459437,0.464741,02,750,0,0,Node 02: Network 3
12265,2025-07-18,01,08,07,005662,0.546225,03,1250,0,0,Node 03: Network 3
12266,2025-07-18,01,08,07,995554,0.989892,01,250,0,0,Node 01: Network 3
12267,2025-07-18,01,08,08,461564,0.46601,02,750,0,0,Node 02: Network 3
12268,2025-07-18,01,08,09,008088,0.546524,03,1250,0,0,Node 03: Network 3
12269,2025-07-18,01,08,09,995795,0.987707,01,250,0,0,Node 01: Network 3
12270,2025-07-18,01,08,10,552756,0.556961,02,750,0,0,Node 02: Network 3
12271,2025-07-18,01,08,11,010107,0.457351,03,1250,0,0,Node 03: Network 3
12272,2025-07-18,01,08,12,096601,1.086494,01,250,0,0,Node 01: Network 3
12273,2025-07-18,01,08,12,554039,0.457438,02,750,0,0,Node 02: Network 3
12274,2025-07-18,01,08,13,011630,0.457591,03,1250,0,0,Node 03: Network 3
12275,2025-07-18,01,08,14,098039,1.086409,01,250,0,0,Node 01: Network 3
12276,2025-07-18,01,08,14,556532,0.458493,02,750,0,0,Node 02: Network 3
12277,2025-07-18,01,08,15,014162,0.45763,03,1250,0,0,Node 03: Network 3
12278,2025-07-18,01,08,16,098342,1.08418,01,250,0,0,Node 01: Network 3
12279,2025-07-18,01,08,16,557457,0.459115,02,750,0,0,Node 02: Network 3
12280,2025-07-18,01,08,17,016634,0.459177,03,1250,0,0,Node 03: Network 3
12281,2025-07-18,01,08,18,098625,1.081991,01,250,0,0,Node 01: Network 3
12282,2025-07-18,01,08,18,560965,0.46234,02,751,0,0,Node 02: Network 3
12283,2025-07-18,01,08,19,018064,0.457099,03,1250,0,0,Node 03: Network 3
12284,2025-07-18,01,08,20,100227,1.082163,01,250,0,0,Node 01: Network 3
12285,2025-07-18,01,08,20,560828,0.460601,02,750,0,0,Node 02: Network 3
12286,2025-07-18,01,08,21,019922,0.459094,03,1250,0,0,Node 03: Network 3
12287,2025-07-18,01,08,22,099664,1.079742,01,250,0,0,Node 01: Network 3
12288,2025-07-18,01,08,22,564837,0.465173,02,750,0,0,Node 02: Network 3
12289,2025-07-18,01,08,23,023047,0.45821,03,1250,0,0,Node 03: Network 3
12290,2025-07-18,01,08,24,102070,1.079023,01,250,0,0,Node 01: Network 3
12291,2025-07-18,01,08,24,303689,0.201619,BB,0,1,0,
12292,2025-07-18,01,08,24,339397,0.035708,BB,0,1,0,
12293,2025-07-18,01,08,24,397926,0.058529,BB,0,1,0,02:594:0:1
12294,2025-07-18,01,08,24,410893,0.012967,02,595,0,1,
12295,2025-07-18,01,08,24,423401,0.012508,01,564,0,1,
12296,2025-07-18,01,08,24,459820,0.036419,01,597,0,1,03:594:0:1
12297,2025-07-18,01,08,24,526223,0.066403,02,1904,0,1,
12298,2025-07-18,01,08,24,538497,0.012274,03,516,0,1,
12299,2025-07-18,01,08,24,640713,0.102216,01,250,0,0,Node 01: Network 3
12300,2025-07-18,01,08,24,685626,0.044913,03,1627,0,1,
12301,2025-07-18,01,08,24,727574,0.041948,02,750,0,0,Node 02: Network 3
12302,2025-07-18,01,08,24,821489,0.093915,02,750,0,0,Node 02: Network 3
12303,2025-07-18,01,08,25,018118,0.196629,02,781,0,0,Node 02: Network 3
12304,2025-07-18,01,08,25,067369,0.049251,03,1250,0,0,Node 03: Network 3
12305,2025-07-18,01,08,25,130065,0.062696,01,250,0,0,Node 01: Network 3
12306,2025-07-18,01,08,25,209453,0.079388,01,250,0,0,Node 01: Network 3
12307,2025-07-18,01,08,25,245145,0.035692,02,752,0,0,Node 02: Network 3
12308,2025-07-18,01,08,25,278299,0.033154,02,750,0,0,Node 02: Network 3
12309,2025-07-18,01,08,25,340153,0.061854,01,250,0,0,Node 01: Network 3
12310,2025-07-18,01,08,25,392224,0.052071,03,1250,0,0,Node 03: Network 3
12311,2025-07-18,01,08,25,425025,0.032801,02,750,0,0,Node 02: Network 3
12312,2025-07-18,01,08,25,668505,0.24348,BB,0,1,0,
12313,2025-07-18,01,08,25,750555,0.08205,03,1250,0,0,Node 03: Network 3
12314,2025-07-18,01,08,26,795156,1.044601,01,250,0,0,Node 01: Network 3
12315,2025-07-18,01,08,27,297299,0.502143,02,750,0,0,Node 02: Network 3
12316,2025-07-18,01,08,27,671858,0.374559,BB,0,1,0,
12317,2025-07-18,01,08,27,741535,0.069677,02,1175,0,1,
12318,2025-07-18,01,08,28,488590,0.747055,02,750,0,0,Node 02: Network 3
12319,2025-07-18,01,08,30,033308,1.544718,01,250,0,0,Node 01: Network 3
12320,2025-07-18,01,08,30,490497,0.457189,02,750,0,0,Node 02: Network 3
12321,2025-07-18,01,08,31,080456,0.589959,03,1250,0,0,Node 03: Network 3
12322,2025-07-18,01,08,32,033417,0.952961,01,250,0,0,Node 01: Network 3
12323,2025-07-18,01,08,32,492545,0.459128,02,750,0,0,Node 02: Network 3
12324,2025-07-18,01,08,33,082388,0.589843,03,1250,0,0,Node 03: Network 3
12325,2025-07-18,01,08,34,033006,0.950618,01,250,0,0,Node 01: Network 3
12326,2025-07-18,01,08,34,627635,0.594629,02,750,0,0,Node 02: Network 3
12327,2025-07-18,01,08,35,085060,0.457425,03,1250,0,0,Node 03: Network 3
12328,2025-07-18,01,08,36,170642,1.085582,01,250,0,0,Node 01: Network 3
12329,2025-07-18,01,08,36,628707,0.458065,02,750,0,0,Node 02: Network 3
12330,2025-07-18,01,08,37,087453,0.458746,03,1250,0,0,Node 03: Network 3
12331,2025-07-18,01,08,38,172297,1.084844,01,250,0,0,Node 01: Network 3
12332,2025-07-18,01,08,38,631815,0.459518,02,750,0,0,Node 02: Network 3
12333,2025-07-18,01,08,39,089367,0.457552,03,1250,0,0,Node 03: Network 3
12334,2025-07-18,01,08,40,172907,1.08354,01,250,0,0,Node 01: Network 3
12335,2025-07-18,01,08,40,633191,0.460284,02,750,0,0,Node 02: Network 3
12336,2025-07-18,01,08,41,092858,0.459667,03,1250,0,0,Node 03: Network 3
12337,2025-07-18,01,08,42,174163,1.081305,01,250,0,0,Node 01: Network 3
12338,2025-07-18,01,08,42,637461,0.463298,02,750,0,0,Node 02: Network 3
12339,2025-07-18,01,08,43,221832,0.584371,03,1250,0,0,Node 03: Network 3
12340,2025-07-18,01,08,43,707294,0.485462,BB,0,1,0,
12341,2025-07-18,01,08,45,712578,2.005284,BB,0,1,0,
12342,2025-07-18,01,08,45,772096,0.059518,01,1860,0,1,
12343,2025-07-18,01,08,45,785108,0.013012,02,1895,0,1,
12344,2025-07-18,01,08,45,843972,0.058864,03,1813,0,1,
12345,2025-07-18,01,08,46,029017,0.185045,01,250,0,0,Node 01: Network 3
12346,2025-07-18,01,08,46,574144,0.545127,02,750,0,0,Node 02: Network 3
12347,2025-07-18,01,08,47,029617,0.455473,03,1250,0,0,Node 03: Network 3
12348,2025-07-18,01,08,48,028547,0.99893,01,250,0,0,Node 01: Network 3
12349,2025-07-18,01,08,48,576317,0.54777,02,750,0,0,Node 02: Network 3
12350,2025-07-18,01,08,49,034475,0.458158,03,1250,0,0,Node 03: Network 3
12351,2025-07-18,01,08,50,028959,0.994484,01,250,0,0,Node 01: Network 3
12352,2025-07-18,01,08,50,578251,0.549292,02,750,0,0,Node 02: Network 3
12353,2025-07-18,01,08,51,077164,0.498913,03,1250,0,0,Node 03: Network 3
12354,2025-07-18,01,08,52,031268,0.954104,01,251,0,0,Node 01: Network 3
12355,2025-07-18,01,08,52,580219,0.548951,02,750,0,0,Node 02: Network 3
12356,2025-07-18,01,08,53,077550,0.497331,03,1250,0,0,Node 03: Network 3
12357,2025-07-18,01,08,54,031878,0.954328,01,250,0,0,Node 01: Network 3
12358,2025-07-18,01,08,54,581989,0.550111,02,750,0,0,Node 02: Network 3
12359,2025-07-18,01,08,55,079990,0.498001,03,1250,0,0,Node 03: Network 3
12360,2025-07-18,01,08,56,123205,1.043215,01,250,0,0,Node 01: Network 3
12361,2025-07-18,01,08,56,583771,0.460566,02,750,0,0,Node 02: Network 3
12362,2025-07-18,01,08,57,081152,0.497381,03,1250,0,0,Node 03: Network 3
12363,2025-07-18,01,08,58,123346,1.042194,01,250,0,0,Node 01: Network 3
12364,2025-07-18,01,08,58,624585,0.501239,02,750,0,0,Node 02: Network 3
12365,2025-07-18,01,08,59,083896,0.459311,03,1250,0,0,Node 03: Network 3
12366,2025-07-18,01,09,00,169166,1.08527,01,250,0,0,Node 01: Network 3
12367,2025-07-18,01,09,00,627125,0.457959,02,750,0,0,Node 02: Network 3
12368,2025-07-18,01,09,01,086649,0.459524,03,1250,0,0,Node 03: Network 3
12369,2025-07-18,01,09,02,168736,1.082087,01,250,0,0,Node 01: Network 3
12370,2025-07-18,01,09,02,629749,0.461013,02,750,0,0,Node 02: Network 3
12371,2025-07-18,01,09,03,089018,0.459269,03,1250,0,0,Node 03: Network 3
12372,2025-07-18,01,09,04,169843,1.080825,01,250,0,0,Node 01: Network 3
12373,2025-07-18,01,09,04,631177,0.461334,02,750,0,0,Node 02: Network 3
12374,2025-07-18,01,09,05,216709,0.585532,03,1250,0,0,Node 03: Network 3
12375,2025-07-18,01,09,06,170300,0.953591,01,250,0,0,Node 01: Network 3
12376,2025-07-18,01,09,06,633846,0.463546,02,750,0,0,Node 02: Network 3
12377,2025-07-18,01,09,07,219785,0.585939,03,1250,0,0,Node 03: Network 3
12378,2025-07-18,01,09,08,171373,0.951588,01,250,0,0,Node 01: Network 3
12379,2025-07-18,01,09,08,634615,0.463242,02,750,0,0,Node 02: Network 3
12380,2025-07-18,01,09,09,221568,0.586953,03,1250,0,0,Node 03: Network 3
12381,2025-07-18,01,09,10,171757,0.950189,01,250,0,0,Node 01: Network 3
12382,2025-07-18,01,09,10,766072,0.594315,02,750,0,0,Node 02: Network 3
12383,2025-07-18,01,09,11,217974,0.451902,03,1250,0,0,Node 03: Network 3
12384,2025-07-18,01,09,12,173200,0.955226,01,250,0,0,Node 01: Network 3
12385,2025-07-18,01,09,12,768053,0.594853,02,750,0,0,Node 02: Network 3
12386,2025-07-18,01,09,13,218771,0.450718,03,1250,0,0,Node 03: Network 3
12387,2025-07-18,01,09,14,174213,0.955442,01,250,0,0,Node 01: Network 3
12388,2025-07-18,01,09,14,770059,0.595846,02,750,0,0,Node 02: Network 3
12389,2025-07-18,01,09,15,220022,0.449963,03,1250,0,0,Node 03: Network 3
12390,2025-07-18,01,09,16,263459,1.043437,01,250,0,0,Node 01: Network 3
12391,2025-07-18,01,09,16,773090,0.509631,02,750,0,0,Node 02: Network 3
12392,2025-07-18,01,09,17,224269,0.451179,03,1250,0,0,Node 03: Network 3
12393,2025-07-18,01,09,18,263327,1.039058,01,250,0,0,Node 01: Network 3
12394,2025-07-18,01,09,18,774758,0.511431,02,750,0,0,Node 02: Network 3
12395,2025-07-18,01,09,19,225915,0.451157,03,1250,0,0,Node 03: Network 3
12396,2025-07-18,01,09,20,264876,1.038961,01,250,0,0,Node 01: Network 3
12397,2025-07-18,01,09,20,776912,0.512036,02,750,0,0,Node 02: Network 3
12398,2025-07-18,01,09,21,227748,0.450836,03,1250,0,0,Node 03: Network 3
12399,2025-07-18,01,09,22,264915,1.037167,01,250,0,0,Node 01: Network 3
12400,2025-07-18,01,09,22,778615,0.5137,02,750,0,0,Node 02: Network 3
12401,2025-07-18,01,09,23,228807,0.450192,03,1250,0,0,Node 03: Network 3
12402,2025-07-18,01,09,24,265645,1.036838,01,250,0,0,Node 01: Network 3
12403,2025-07-18,01,09,24,780092,0.514447,02,750,0,0,Node 02: Network 3
12404,2025-07-18,01,09,25,326019,0.545927,03,1250,0,0,Node 03: Network 3
12405,2025-07-18,01,09,25,799060,0.473041,BB,0,1,0,
12406,2025-07-18,01,09,25,876150,0.07709,02,1243,0,1,
12407,2025-07-18,01,09,26,615430,0.73928,02,750,0,0,Node 02: Network 3
12408,2025-07-18,01,09,27,175630,0.5602,03,1250,0,0,Node 03: Network 3
12409,2025-07-18,01,09,29,163682,1.988052,03,1250,0,0,Node 03: Network 3
12410,2025-07-18,01,09,30,207820,1.044138,01,250,0,0,Node 01: Network 3
12411,2025-07-18,01,09,30,708598,0.500778,02,750,0,0,Node 02: Network 3
12412,2025-07-18,01,09,31,165527,0.456929,03,1250,0,0,Node 03: Network 3
12413,2025-07-18,01,09,32,207447,1.04192,01,250,0,0,Node 01: Network 3
12414,2025-07-18,01,09,32,710585,0.503138,02,750,0,0,Node 02: Network 3
12415,2025-07-18,01,09,33,167046,0.456461,03,1250,0,0,Node 03: Network 3
12416,2025-07-18,01,09,34,207773,1.040727,01,250,0,0,Node 01: Network 3
12417,2025-07-18,01,09,34,713219,0.505446,02,751,0,0,Node 02: Network 3
12418,2025-07-18,01,09,35,169477,0.456258,03,1250,0,0,Node 03: Network 3
12419,2025-07-18,01,09,36,256743,1.087266,01,250,0,0,Node 01: Network 3
12420,2025-07-18,01,09,36,713417,0.456674,02,750,0,0,Node 02: Network 3
12421,2025-07-18,01,09,37,172833,0.459416,03,1250,0,0,Node 03: Network 3
12422,2025-07-18,01,09,38,257268,1.084435,01,250,0,0,Node 01: Network 3
12423,2025-07-18,01,09,38,715684,0.458416,02,750,0,0,Node 02: Network 3
12424,2025-07-18,01,09,39,174250,0.458566,03,1250,0,0,Node 03: Network 3
12425,2025-07-18,01,09,40,259570,1.08532,01,250,0,0,Node 01: Network 3
12426,2025-07-18,01,09,40,717510,0.45794,02,750,0,0,Node 02: Network 3
12427,2025-07-18,01,09,41,176322,0.458812,03,1250,0,0,Node 03: Network 3
12428,2025-07-18,01,09,42,259776,1.083454,01,250,0,0,Node 01: Network 3
12429,2025-07-18,01,09,42,719402,0.459626,02,750,0,0,Node 02: Network 3
12430,2025-07-18,01,09,43,178267,0.458865,03,1250,0,0,Node 03: Network 3
12431,2025-07-18,01,09,44,260765,1.082498,01,250,0,0,Node 01: Network 3
12432,2025-07-18,01,09,44,721407,0.460642,02,750,0,0,Node 02: Network 3
12433,2025-07-18,01,09,45,180706,0.459299,03,1250,0,0,Node 03: Network 3
12434,2025-07-18,01,09,46,261823,1.081117,01,250,0,0,Node 01: Network 3
12435,2025-07-18,01,09,46,723471,0.461648,02,750,0,0,Node 02: Network 3
12436,2025-07-18,01,09,47,181606,0.458135,03,1250,0,0,Node 03: Network 3
12437,2025-07-18,01,09,48,262230,1.080624,01,250,0,0,Node 01: Network 3
12438,2025-07-18,01,09,48,724739,0.462509,02,750,0,0,Node 02: Network 3
12439,2025-07-18,01,09,49,184773,0.460034,03,1250,0,0,Node 03: Network 3
12440,2025-07-18,01,09,50,262313,1.07754,01,250,0,0,Node 01: Network 3
12441,2025-07-18,01,09,50,727563,0.46525,02,750,0,0,Node 02: Network 3
12442,2025-07-18,01,09,51,274645,0.547082,03,1250,0,0,Node 03: Network 3
12443,2025-07-18,01,09,52,263289,0.988644,01,250,0,0,Node 01: Network 3
12444,2025-07-18,01,09,52,729738,0.466449,02,750,0,0,Node 02: Network 3
12445,2025-07-18,01,09,53,277297,0.547559,03,1250,0,0,Node 03: Network 3
12446,2025-07-18,01,09,54,263829,0.986532,01,250,0,0,Node 01: Network 3
12447,2025-07-18,01,09,54,732331,0.468502,02,750,0,0,Node 02: Network 3
12448,2025-07-18,01,09,55,279179,0.546848,03,1250,0,0,Node 03: Network 3
12449,2025-07-18,01,09,56,276161,0.996982,01,250,0,0,Node 01: Network 3
12450,2025-07-18,01,09,56,734420,0.458259,02,750,0,0,Node 02: Network 3
12451,2025-07-18,01,09,57,324955,0.590535,03,1250,0,0,Node 03: Network 3
12452,2025-07-18,01,09,58,276787,0.951832,01,250,0,0,Node 01: Network 3
12453,2025-07-18,01,09,58,869383,0.592596,02,750,0,0,Node 02: Network 3
12454,2025-07-18,01,09,59,325943,0.45656,03,1250,0,0,Node 03: Network 3
12455,2025-07-18,01,10,00,279255,0.953312,01,250,0,0,Node 01: Network 3
12456,2025-07-18,01,10,00,869468,0.590213,02,750,0,0,Node 02: Network 3
12457,2025-07-18,01,10,01,328048,0.45858,03,1250,0,0,Node 03: Network 3
12458,2025-07-18,01,10,02,279459,0.951411,01,250,0,0,Node 01: Network 3
12459,2025-07-18,01,10,02,872098,0.592639,02,750,0,0,Node 02: Network 3
12460,2025-07-18,01,10,03,329383,0.457285,03,1250,0,0,Node 03: Network 3
12461,2025-07-18,01,10,04,417549,1.088166,01,250,0,0,Node 01: Network 3
12462,2025-07-18,01,10,04,874778,0.457229,02,750,0,0,Node 02: Network 3
12463,2025-07-18,01,10,05,332132,0.457354,03,1250,0,0,Node 03: Network 3
12464,2025-07-18,01,10,05,888031,0.555899,BB,0,1,0,
12465,2025-07-18,01,10,07,892053,2.004022,BB,0,1,0,
12466,2025-07-18,01,10,07,959151,0.067098,02,1837,0,1,
12467,2025-07-18,01,10,07,980166,0.021015,03,1881,0,1,
12468,2025-07-18,01,10,08,044760,0.064594,01,1797,0,1,
12469,2025-07-18,01,10,08,206772,0.162012,01,250,0,0,Node 01: Network 3
12470,2025-07-18,01,10,08,708668,0.501896,02,750,0,0,Node 02: Network 3
12471,2025-07-18,01,10,09,209600,0.500932,03,1250,0,0,Node 03: Network 3
12472,2025-07-18,01,10,10,208349,0.998749,01,250,0,0,Node 01: Network 3
12473,2025-07-18,01,10,10,710028,0.501679,02,750,0,0,Node 02: Network 3
12474,2025-07-18,01,10,11,256151,0.546123,03,1250,0,0,Node 03: Network 3
12475,2025-07-18,01,10,12,208376,0.952225,01,250,0,0,Node 01: Network 3
12476,2025-07-18,01,10,12,712080,0.503704,02,750,0,0,Node 02: Network 3
12477,2025-07-18,01,10,13,257867,0.545787,03,1250,0,0,Node 03: Network 3
12478,2025-07-18,01,10,14,208868,0.951001,01,250,0,0,Node 01: Network 3
12479,2025-07-18,01,10,14,713582,0.504714,02,750,0,0,Node 02: Network 3
12480,2025-07-18,01,10,15,258542,0.54496,03,1250,0,0,Node 03: Network 3
12481,2025-07-18,01,10,16,210060,0.951518,01,250,0,0,Node 01: Network 3
12482,2025-07-18,01,10,16,715546,0.505486,02,750,0,0,Node 02: Network 3
12483,2025-07-18,01,10,17,260709,0.545163,03,1250,0,0,Node 03: Network 3
12484,2025-07-18,01,10,18,209558,0.948849,01,250,0,0,Node 01: Network 3
12485,2025-07-18,01,10,18,805583,0.596025,02,750,0,0,Node 02: Network 3
12486,2025-07-18,01,10,19,264403,0.45882,03,1250,0,0,Node 03: Network 3
12487,2025-07-18,01,10,20,306444,1.042041,01,250,0,0,Node 01: Network 3
12488,2025-07-18,01,10,20,807826,0.501382,02,750,0,0,Node 02: Network 3
12489,2025-07-18,01,10,21,266010,0.458184,03,1250,0,0,Node 03: Network 3
12490,2025-07-18,01,10,22,306939,1.040929,01,250,0,0,Node 01: Network 3
12491,2025-07-18,01,10,22,809628,0.502689,02,750,0,0,Node 02: Network 3
12492,2025-07-18,01,10,23,267881,0.458253,03,1250,0,0,Node 03: Network 3
12493,2025-07-18,01,10,24,308359,1.040478,01,250,0,0,Node 01: Network 3
12494,2025-07-18,01,10,24,811810,0.503451,02,750,0,0,Node 02: Network 3
12495,2025-07-18,01,10,25,270793,0.458983,03,1251,0,0,Node 03: Network 3
12496,2025-07-18,01,10,26,309789,1.038996,01,250,0,0,Node 01: Network 3
12497,2025-07-18,01,10,26,814338,0.504549,02,750,0,0,Node 02: Network 3
12498,2025-07-18,01,10,27,357289,0.542951,03,1250,0,0,Node 03: Network 3
12499,2025-07-18,01,10,28,310143,0.952854,01,250,0,0,Node 01: Network 3
12500,2025-07-18,01,10,28,901526,0.591383,02,750,0,0,Node 02: Network 3
12501,2025-07-18,01,10,29,358669,0.457143,03,1250,0,0,Node 03: Network 3
12502,2025-07-18,01,10,30,309854,0.951185,01,250,0,0,Node 01: Network 3
12503,2025-07-18,01,10,30,904084,0.59423,02,750,0,0,Node 02: Network 3
12504,2025-07-18,01,10,31,360708,0.456624,03,1250,0,0,Node 03: Network 3
12505,2025-07-18,01,10,32,310532,0.949824,01,250,0,0,Node 01: Network 3
12506,2025-07-18,01,10,32,649783,0.339251,BB,0,1,0,03:1250:0:0:Node 03: Network 3
12507,2025-07-18,01,10,32,700002,0.050219,BB,0,1,0,02:1175:0:1
12508,2025-07-18,01,10,32,763862,0.06386,03,1250,0,0,Node 03: Network 3
12509,2025-07-18,01,10,32,776212,0.01235,02,618,0,1,
12510,2025-07-18,01,10,32,789072,0.01286,03,662,0,1,
12511,2025-07-18,01,10,32,800768,0.011696,01,712,0,1,
12512,2025-07-18,01,10,32,859065,0.058297,01,250,0,0,Node 01: Network 3
12513,2025-07-18,01,10,33,012179,0.153114,01,250,0,0,Node 01: Network 3
12514,2025-07-18,01,10,33,045202,0.033023,02,752,0,0,Node 02: Network 3
12515,2025-07-18,01,10,33,141570,0.096368,01,250,0,0,Node 01: Network 3
12516,2025-07-18,01,10,33,175445,0.033875,02,750,0,0,Node 02: Network 3
12517,2025-07-18,01,10,33,254587,0.079142,02,750,0,0,Node 02: Network 3
12518,2025-07-18,01,10,33,287970,0.033383,01,250,0,0,Node 01: Network 3
12519,2025-07-18,01,10,33,433583,0.145613,02,750,0,0,Node 02: Network 3
12520,2025-07-18,01,10,33,501648,0.068065,03,1250,0,0,Node 03: Network 3
12521,2025-07-18,01,10,33,534450,0.032802,01,250,0,0,Node 01: Network 3
12522,2025-07-18,01,10,33,591213,0.056763,02,750,0,0,Node 02: Network 3
12523,2025-07-18,01,10,33,628699,0.037486,02,753,0,0,Node 02: Network 3
12524,2025-07-18,01,10,33,949387,0.320688,BB,0,1,0,
12525,2025-07-18,01,10,35,953642,2.004255,BB,0,1,0,
12526,2025-07-18,01,10,36,003294,0.049652,02,1271,0,1,
12527,2025-07-18,01,10,36,037883,0.034589,03,1217,0,1,
12528,2025-07-18,01,10,36,083437,0.045554,01,1273,0,1,
12529,2025-07-18,01,10,36,269639,0.186202,01,250,0,0,Node 01: Network 3
12530,2025-07-18,01,10,36,770682,0.501043,02,751,0,0,Node 02: Network 3
12531,2025-07-18,01,10,37,315742,0.54506,03,1250,0,0,Node 03: Network 3
12532,2025-07-18,01,10,38,269677,0.953935,01,250,0,0,Node 01: Network 3
12533,2025-07-18,01,10,38,861451,0.591774,02,750,0,0,Node 02: Network 3
12534,2025-07-18,01,10,39,319573,0.458122,03,1250,0,0,Node 03: Network 3
12535,2025-07-18,01,10,40,270546,0.950973,01,250,0,0,Node 01: Network 3
12536,2025-07-18,01,10,40,864094,0.593548,02,750,0,0,Node 02: Network 3
12537,2025-07-18,01,10,41,321011,0.456917,03,1250,0,0,Node 03: Network 3
12538,2025-07-18,01,10,42,272372,0.951361,01,250,0,0,Node 01: Network 3
12539,2025-07-18,01,10,42,865100,0.592728,02,750,0,0,Node 02: Network 3
12540,2025-07-18,01,10,43,322786,0.457686,03,1250,0,0,Node 03: Network 3
12541,2025-07-18,01,10,44,272664,0.949878,01,250,0,0,Node 01: Network 3
12542,2025-07-18,01,10,44,867302,0.594638,02,750,0,0,Node 02: Network 3
12543,2025-07-18,01,10,45,325503,0.458201,03,1250,0,0,Node 03: Network 3
12544,2025-07-18,01,10,46,273328,0.947825,01,250,0,0,Node 01: Network 3
12545,2025-07-18,01,10,46,868738,0.59541,02,750,0,0,Node 02: Network 3
12546,2025-07-18,01,10,47,327343,0.458605,03,1250,0,0,Node 03: Network 3
12547,2025-07-18,01,10,48,273218,0.945875,01,250,0,0,Node 01: Network 3
12548,2025-07-18,01,10,48,871456,0.598238,02,750,0,0,Node 02: Network 3
12549,2025-07-18,01,10,49,319608,0.448152,03,1250,0,0,Node 03: Network 3
12550,2025-07-18,01,10,50,273746,0.954138,01,250,0,0,Node 01: Network 3
12551,2025-07-18,01,10,50,864102,0.590356,02,751,0,0,Node 02: Network 3
12552,2025-07-18,01,10,51,323312,0.45921,03,1250,0,0,Node 03: Network 3
12553,2025-07-18,01,10,52,274540,0.951228,01,250,0,0,Node 01: Network 3
12554,2025-07-18,01,10,52,867325,0.592785,02,750,0,0,Node 02: Network 3
12555,2025-07-18,01,10,53,324794,0.457469,03,1250,0,0,Node 03: Network 3
12556,2025-07-18,01,10,54,870392,1.545598,02,750,0,0,Node 02: Network 3
12557,2025-07-18,01,10,55,327301,0.456909,03,1250,0,0,Node 03: Network 3
12558,2025-07-18,01,10,56,414443,1.087142,01,250,0,0,Node 01: Network 3
12559,2025-07-18,01,10,56,872240,0.457797,02,750,0,0,Node 02: Network 3
12560,2025-07-18,01,10,57,329423,0.457183,03,1250,0,0,Node 03: Network 3
12561,2025-07-18,01,10,58,414328,1.084905,01,250,0,0,Node 01: Network 3
12562,2025-07-18,01,10,58,873123,0.458795,02,750,0,0,Node 02: Network 3
12563,2025-07-18,01,10,59,331674,0.458551,03,1250,0,0,Node 03: Network 3
12564,2025-07-18,01,11,00,418285,1.086611,01,250,0,0,Node 01: Network 3
12565,2025-07-18,01,11,00,874694,0.456409,02,750,0,0,Node 02: Network 3
12566,2025-07-18,01,11,01,465387,0.590693,03,1250,0,0,Node 03: Network 3
12567,2025-07-18,01,11,02,418401,0.953014,01,250,0,0,Node 01: Network 3
12568,2025-07-18,01,11,02,876893,0.458492,02,750,0,0,Node 02: Network 3
12569,2025-07-18,01,11,03,466818,0.589925,03,1250,0,0,Node 03: Network 3
12570,2025-07-18,01,11,04,418223,0.951405,01,250,0,0,Node 01: Network 3
12571,2025-07-18,01,11,04,878956,0.460733,02,750,0,0,Node 02: Network 3
12572,2025-07-18,01,11,05,465249,0.586293,03,1250,0,0,Node 03: Network 3
12573,2025-07-18,01,11,06,418993,0.953744,01,250,0,0,Node 01: Network 3
12574,2025-07-18,01,11,06,881241,0.462248,02,750,0,0,Node 02: Network 3
12575,2025-07-18,01,11,07,478444,0.597203,03,1250,0,0,Node 03: Network 3
12576,2025-07-18,01,11,08,425304,0.94686,01,250,0,0,Node 01: Network 3
12577,2025-07-18,01,11,08,884421,0.459117,02,750,0,0,Node 02: Network 3
12578,2025-07-18,01,11,09,467552,0.583131,03,1250,0,0,Node 03: Network 3
12579,2025-07-18,01,11,10,428692,0.96114,01,250,0,0,Node 01: Network 3
12580,2025-07-18,01,11,11,013237,0.584545,02,750,0,0,Node 02: Network 3
12581,2025-07-18,01,11,11,560240,0.547003,03,1250,0,0,Node 03: Network 3
12582,2025-07-18,01,11,12,032336,0.472096,BB,0,1,0,
12583,2025-07-18,01,11,12,104205,0.071869,03,1079,0,1,
12584,2025-07-18,01,11,13,351959,1.247754,03,1250,0,0,Node 03: Network 3
12585,2025-07-18,01,11,14,396257,1.044298,01,250,0,0,Node 01: Network 3
12586,2025-07-18,01,11,14,897094,0.500837,02,750,0,0,Node 02: Network 3
12587,2025-07-18,01,11,15,354094,0.457,03,1250,0,0,Node 03: Network 3
12588,2025-07-18,01,11,16,396843,1.042749,01,250,0,0,Node 01: Network 3
12589,2025-07-18,01,11,16,899096,0.502253,02,750,0,0,Node 02: Network 3
12590,2025-07-18,01,11,17,356252,0.457156,03,1250,0,0,Node 03: Network 3
12591,2025-07-18,01,11,18,397403,1.041151,01,250,0,0,Node 01: Network 3
12592,2025-07-18,01,11,18,900657,0.503254,02,750,0,0,Node 02: Network 3
12593,2025-07-18,01,11,19,358186,0.457529,03,1250,0,0,Node 03: Network 3
12594,2025-07-18,01,11,20,397869,1.039683,01,250,0,0,Node 01: Network 3
12595,2025-07-18,01,11,20,902067,0.504198,02,750,0,0,Node 02: Network 3
12596,2025-07-18,01,11,21,360041,0.457974,03,1250,0,0,Node 03: Network 3
12597,2025-07-18,01,11,22,398845,1.038804,01,251,0,0,Node 01: Network 3
12598,2025-07-18,01,11,22,903889,0.505044,02,750,0,0,Node 02: Network 3
12599,2025-07-18,01,11,23,362578,0.458689,03,1250,0,0,Node 03: Network 3
12600,2025-07-18,01,11,24,400922,1.038344,01,250,0,0,Node 01: Network 3
12601,2025-07-18,01,11,24,906401,0.505479,02,750,0,0,Node 02: Network 3
12602,2025-07-18,01,11,25,365505,0.459104,03,1250,0,0,Node 03: Network 3
12603,2025-07-18,01,11,26,450685,1.08518,01,250,0,0,Node 01: Network 3
12604,2025-07-18,01,11,26,909400,0.458715,02,750,0,0,Node 02: Network 3
12605,2025-07-18,01,11,27,367400,0.458,03,1250,0,0,Node 03: Network 3
12606,2025-07-18,01,11,28,450730,1.08333,01,250,0,0,Node 01: Network 3
12607,2025-07-18,01,11,28,911651,0.460921,02,750,0,0,Node 02: Network 3
12608,2025-07-18,01,11,29,369991,0.45834,03,1250,0,0,Node 03: Network 3
12609,2025-07-18,01,11,30,451869,1.081878,01,250,0,0,Node 01: Network 3
12610,2025-07-18,01,11,30,913504,0.461635,02,750,0,0,Node 02: Network 3
12611,2025-07-18,01,11,31,371158,0.457654,03,1250,0,0,Node 03: Network 3
12612,2025-07-18,01,11,32,452656,1.081498,01,250,0,0,Node 01: Network 3
12613,2025-07-18,01,11,32,915538,0.462882,02,750,0,0,Node 02: Network 3
12614,2025-07-18,01,11,33,373533,0.457995,03,1250,0,0,Node 03: Network 3
12615,2025-07-18,01,11,34,459932,1.086399,01,250,0,0,Node 01: Network 3
12616,2025-07-18,01,11,34,916402,0.45647,02,750,0,0,Node 02: Network 3
12617,2025-07-18,01,11,35,506209,0.589807,03,1250,0,0,Node 03: Network 3
12618,2025-07-18,01,11,36,460392,0.954183,01,250,0,0,Node 01: Network 3
12619,2025-07-18,01,11,37,051560,0.591168,02,750,0,0,Node 02: Network 3
12620,2025-07-18,01,11,37,507569,0.456009,03,1250,0,0,Node 03: Network 3
12621,2025-07-18,01,11,38,460494,0.952925,01,250,0,0,Node 01: Network 3
12622,2025-07-18,01,11,39,053597,0.593103,02,750,0,0,Node 02: Network 3
12623,2025-07-18,01,11,39,510005,0.456408,03,1250,0,0,Node 03: Network 3
12624,2025-07-18,01,11,40,460297,0.950292,01,250,0,0,Node 01: Network 3
12625,2025-07-18,01,11,41,054835,0.594538,02,750,0,0,Node 02: Network 3
12626,2025-07-18,01,11,41,513632,0.458797,03,1250,0,0,Node 03: Network 3
12627,2025-07-18,01,11,42,461576,0.947944,01,250,0,0,Node 01: Network 3
12628,2025-07-18,01,11,43,056391,0.594815,02,750,0,0,Node 02: Network 3
12629,2025-07-18,01,11,43,515370,0.458979,03,1250,0,0,Node 03: Network 3
12630,2025-07-18,01,11,44,627628,1.112258,01,250,0,0,Node 01: Network 3
12631,2025-07-18,01,11,45,059545,0.431917,02,750,0,0,Node 02: Network 3
12632,2025-07-18,01,11,45,517428,0.457883,03,1250,0,0,Node 03: Network 3
12633,2025-07-18,01,11,46,600364,1.082936,01,250,0,0,Node 01: Network 3
12634,2025-07-18,01,11,47,061270,0.460906,02,750,0,0,Node 02: Network 3
12635,2025-07-18,01,11,47,518723,0.457453,03,1250,0,0,Node 03: Network 3
12636,2025-07-18,01,11,48,601810,1.083087,01,250,0,0,Node 01: Network 3
12637,2025-07-18,01,11,49,062639,0.460829,02,750,0,0,Node 02: Network 3
12638,2025-07-18,01,11,49,522075,0.459436,03,1250,0,0,Node 03: Network 3
12639,2025-07-18,01,11,50,602822,1.080747,01,250,0,0,Node 01: Network 3
12640,2025-07-18,01,11,51,065390,0.462568,02,750,0,0,Node 02: Network 3
12641,2025-07-18,01,11,51,523939,0.458549,03,1250,0,0,Node 03: Network 3
12642,2025-07-18,01,11,52,602916,1.078977,01,250,0,0,Node 01: Network 3
12643,2025-07-18,01,11,53,067703,0.464787,02,750,0,0,Node 02: Network 3
12644,2025-07-18,01,11,53,524676,0.456973,03,1250,0,0,Node 03: Network 3
12645,2025-07-18,01,11,54,603592,1.078916,01,250,0,0,Node 01: Network 3
12646,2025-07-18,01,11,55,069352,0.46576,02,750,0,0,Node 02: Network 3
12647,2025-07-18,01,11,55,527639,0.458287,03,1250,0,0,Node 03: Network 3
12648,2025-07-18,01,11,56,604576,1.076937,01,250,0,0,Node 01: Network 3
12649,2025-07-18,01,11,57,071092,0.466516,02,750,0,0,Node 02: Network 3
12650,2025-07-18,01,11,57,531243,0.460151,03,1250,0,0,Node 03: Network 3
12651,2025-07-18,01,11,58,604815,1.073572,01,250,0,0,Node 01: Network 3
12652,2025-07-18,01,11,59,074433,0.469618,02,750,0,0,Node 02: Network 3
12653,2025-07-18,01,12,00,605440,1.531007,01,250,0,0,Node 01: Network 3
12654,2025-07-18,01,12,01,076265,0.470825,02,750,0,0,Node 02: Network 3
12655,2025-07-18,01,12,01,624624,0.548359,03,1250,0,0,Node 03: Network 3
12656,2025-07-18,01,12,02,606864,0.98224,01,250,0,0,Node 01: Network 3
12657,2025-07-18,01,12,03,078195,0.471331,02,750,0,0,Node 02: Network 3
12658,2025-07-18,01,12,03,652648,0.574453,03,1250,0,0,Node 03: Network 3
12659,2025-07-18,01,12,04,146234,0.493586,BB,0,1,0,
12660,2025-07-18,01,12,06,150885,2.004651,BB,0,1,0,
12661,2025-07-18,01,12,06,215346,0.064461,02,1893,0,1,
12662,2025-07-18,01,12,06,250584,0.035238,01,1866,0,1,
12663,2025-07-18,01,12,06,325090,0.074506,03,1821,0,1,
12664,2025-07-18,01,12,06,467576,0.142486,01,250,0,0,Node 01: Network 3
12665,2025-07-18,01,12,06,968581,0.501005,02,750,0,0,Node 02: Network 3
12666,2025-07-18,01,12,07,471803,0.503222,03,1250,0,0,Node 03: Network 3
12667,2025-07-18,01,12,08,513660,1.041857,01,250,0,0,Node 01: Network 3
12668,2025-07-18,01,12,09,015661,0.502001,02,750,0,0,Node 02: Network 3
12669,2025-07-18,01,12,09,561372,0.545711,03,1250,0,0,Node 03: Network 3
12670,2025-07-18,01,12,10,514197,0.952825,01,250,0,0,Node 01: Network 3
12671,2025-07-18,01,12,11,018314,0.504117,02,750,0,0,Node 02: Network 3
12672,2025-07-18,01,12,11,562308,0.543994,03,1250,0,0,Node 03: Network 3
12673,2025-07-18,01,12,12,515093,0.952785,01,250,0,0,Node 01: Network 3
12674,2025-07-18,01,12,13,108157,0.593064,02,750,0,0,Node 02: Network 3
12675,2025-07-18,01,12,13,565815,0.457658,03,1250,0,0,Node 03: Network 3
12676,2025-07-18,01,12,14,515985,0.95017,01,250,0,0,Node 01: Network 3
12677,2025-07-18,01,12,15,109341,0.593356,02,750,0,0,Node 02: Network 3
12678,2025-07-18,01,12,15,567719,0.458378,03,1250,0,0,Node 03: Network 3
12679,2025-07-18,01,12,16,517212,0.949493,01,250,0,0,Node 01: Network 3
12680,2025-07-18,01,12,17,061630,0.544418,02,750,0,0,Node 02: Network 3
12681,2025-07-18,01,12,17,569330,0.5077,03,1250,0,0,Node 03: Network 3
12682,2025-07-18,01,12,18,606636,1.037306,01,250,0,0,Node 01: Network 3
12683,2025-07-18,01,12,19,063653,0.457017,02,750,0,0,Node 02: Network 3
12684,2025-07-18,01,12,19,571972,0.508319,03,1250,0,0,Node 03: Network 3
12685,2025-07-18,01,12,20,606160,1.034188,01,250,0,0,Node 01: Network 3
12686,2025-07-18,01,12,21,115321,0.509161,02,750,0,0,Node 02: Network 3
12687,2025-07-18,01,12,21,575326,0.460005,03,1250,0,0,Node 03: Network 3
12688,2025-07-18,01,12,22,607013,1.031687,01,250,0,0,Node 01: Network 3
12689,2025-07-18,01,12,23,118342,0.511329,02,751,0,0,Node 02: Network 3
12690,2025-07-18,01,12,23,577057,0.458715,03,1250,0,0,Node 03: Network 3
12691,2025-07-18,01,12,24,607215,1.030158,01,250,0,0,Node 01: Network 3
12692,2025-07-18,01,12,25,120224,0.513009,02,750,0,0,Node 02: Network 3
12693,2025-07-18,01,12,25,654096,0.533872,03,1250,0,0,Node 03: Network 3
12694,2025-07-18,01,12,26,664239,1.010143,01,250,0,0,Node 01: Network 3
12695,2025-07-18,01,12,27,121954,0.457715,02,750,0,0,Node 02: Network 3
12696,2025-07-18,01,12,27,656397,0.534443,03,1250,0,0,Node 03: Network 3
12697,2025-07-18,01,12,28,698813,1.042416,01,250,0,0,Node 01: Network 3
12698,2025-07-18,01,12,29,123859,0.425046,02,750,0,0,Node 02: Network 3
12699,2025-07-18,01,12,29,657835,0.533976,03,1250,0,0,Node 03: Network 3
12700,2025-07-18,01,12,30,667789,1.009954,01,250,0,0,Node 01: Network 3
12701,2025-07-18,01,12,31,125982,0.458193,02,750,0,0,Node 02: Network 3
12702,2025-07-18,01,12,31,659657,0.533675,03,1250,0,0,Node 03: Network 3
12703,2025-07-18,01,12,32,669226,1.009569,01,250,0,0,Node 01: Network 3
12704,2025-07-18,01,12,33,128175,0.458949,02,750,0,0,Node 02: Network 3
12705,2025-07-18,01,12,33,715042,0.586867,03,1250,0,0,Node 03: Network 3
12706,2025-07-18,01,12,34,211939,0.496897,BB,0,1,0,
12707,2025-07-18,01,12,36,217263,2.005324,BB,0,1,0,
12708,2025-07-18,01,12,36,274282,0.057019,03,1824,0,1,
12709,2025-07-18,01,12,36,306320,0.032038,02,1779,0,1,
12710,2025-07-18,01,12,36,319753,0.013433,01,1869,0,1,
12711,2025-07-18,01,12,36,533348,0.213595,01,250,0,0,Node 01: Network 3
12712,2025-07-18,01,12,37,077631,0.544283,02,750,0,0,Node 02: Network 3
12713,2025-07-18,01,12,37,537488,0.459857,03,1250,0,0,Node 03: Network 3
12714,2025-07-18,01,12,38,581297,1.043809,01,250,0,0,Node 01: Network 3
12715,2025-07-18,01,12,39,080349,0.499052,02,750,0,0,Node 02: Network 3
12716,2025-07-18,01,12,39,539160,0.458811,03,1250,0,0,Node 03: Network 3
12717,2025-07-18,01,12,40,581599,1.042439,01,250,0,0,Node 01: Network 3
12718,2025-07-18,01,12,40,952833,0.371234,BB,0,1,0,
12719,2025-07-18,01,12,41,023634,0.070801,01,1606,0,1,
12720,2025-07-18,01,12,41,065047,0.041413,BB,0,1,0,02:1271:0:1
12721,2025-07-18,01,12,41,122813,0.057766,02,806,0,1,
12722,2025-07-18,01,12,41,144744,0.021931,03,840,0,1,
12723,2025-07-18,01,12,41,172682,0.027938,03,1217,0,1,01:1273:0:1
12724,2025-07-18,01,12,41,186211,0.013529,01,1717,0,1,
12725,2025-07-18,01,12,41,230760,0.044549,03,1250,0,0,Node 03: Network 3
12726,2025-07-18,01,12,41,313215,0.082455,01,250,0,0,Node 01: Network 3
12727,2025-07-18,01,12,41,408841,0.095626,02,753,0,0,Node 02: Network 3
12728,2025-07-18,01,12,41,510759,0.101918,01,269,0,0,Node 01: Network 3
12729,2025-07-18,01,12,41,544018,0.033259,01,250,0,0,Node 01: Network 3
12730,2025-07-18,01,12,41,578003,0.033985,02,751,0,0,Node 02: Network 3
12731,2025-07-18,01,12,41,616531,0.038528,03,1250,0,0,Node 03: Network 3
12732,2025-07-18,01,12,41,669241,0.05271,01,250,0,0,Node 01: Network 3
12733,2025-07-18,01,12,41,701739,0.032498,02,750,0,0,Node 02: Network 3
12734,2025-07-18,01,12,41,736903,0.035164,03,1250,0,0,Node 03: Network 3
12735,2025-07-18,01,12,41,774201,0.037298,01,250,0,0,Node 01: Network 3
12736,2025-07-18,01,12,41,941936,0.167735,02,750,0,0,Node 02: Network 3
12737,2025-07-18,01,12,41,991964,0.050028,02,750,0,0,Node 02: Network 3
12738,2025-07-18,01,12,42,230675,0.238711,BB,0,1,0,
12739,2025-07-18,01,12,44,234777,2.004102,BB,0,1,0,
12740,2025-07-18,01,12,44,285818,0.051041,02,1188,0,1,
12741,2025-07-18,01,12,44,300827,0.015009,03,1196,0,1,
12742,2025-07-18,01,12,44,345747,0.04492,01,1190,0,1,
12743,2025-07-18,01,12,44,550675,0.204928,01,250,0,0,Node 01: Network 3
12744,2025-07-18,01,12,45,050280,0.499605,02,750,0,0,Node 02: Network 3
12745,2025-07-18,01,12,45,595797,0.545517,03,1250,0,0,Node 03: Network 3
12746,2025-07-18,01,12,46,550250,0.954453,01,250,0,0,Node 01: Network 3
12747,2025-07-18,01,12,47,052588,0.502338,02,750,0,0,Node 02: Network 3
12748,2025-07-18,01,12,47,598158,0.54557,03,1250,0,0,Node 03: Network 3
12749,2025-07-18,01,12,48,552213,0.954055,01,250,0,0,Node 01: Network 3
12750,2025-07-18,01,12,49,054958,0.502745,02,750,0,0,Node 02: Network 3
12751,2025-07-18,01,12,49,600456,0.545498,03,1250,0,0,Node 03: Network 3
12752,2025-07-18,01,12,50,552330,0.951874,01,250,0,0,Node 01: Network 3
12753,2025-07-18,01,12,51,057076,0.504746,02,750,0,0,Node 02: Network 3
12754,2025-07-18,01,12,51,614887,0.557811,03,1250,0,0,Node 03: Network 3
12755,2025-07-18,01,12,52,630937,1.01605,01,250,0,0,Node 01: Network 3
12756,2025-07-18,01,12,53,058787,0.42785,02,750,0,0,Node 02: Network 3
12757,2025-07-18,01,12,53,605268,0.546481,03,1250,0,0,Node 03: Network 3
12758,2025-07-18,01,12,54,632267,1.026999,01,250,0,0,Node 01: Network 3
12759,2025-07-18,01,12,55,061118,0.428851,02,750,0,0,Node 02: Network 3
12760,2025-07-18,01,12,55,608179,0.547061,03,1250,0,0,Node 03: Network 3
12761,2025-07-18,01,12,56,632486,1.024307,01,250,0,0,Node 01: Network 3
12762,2025-07-18,01,12,57,063395,0.430909,02,750,0,0,Node 02: Network 3
12763,2025-07-18,01,12,57,609892,0.546497,03,1250,0,0,Node 03: Network 3
12764,2025-07-18,01,12,58,633664,1.023772,01,250,0,0,Node 01: Network 3
12765,2025-07-18,01,12,59,065417,0.431753,02,750,0,0,Node 02: Network 3
12766,2025-07-18,01,12,59,612125,0.546708,03,1250,0,0,Node 03: Network 3
12767,2025-07-18,01,13,00,633815,1.02169,01,250,0,0,Node 01: Network 3
12768,2025-07-18,01,13,01,066793,0.432978,02,750,0,0,Node 02: Network 3
12769,2025-07-18,01,13,01,613866,0.547073,03,1250,0,0,Node 03: Network 3
12770,2025-07-18,01,13,02,611742,0.997876,01,250,0,0,Node 01: Network 3
12771,2025-07-18,01,13,03,069196,0.457454,02,750,0,0,Node 02: Network 3
12772,2025-07-18,01,13,03,615317,0.546121,03,1250,0,0,Node 03: Network 3
12773,2025-07-18,01,13,04,612072,0.996755,01,250,0,0,Node 01: Network 3
12774,2025-07-18,01,13,05,071345,0.459273,02,750,0,0,Node 02: Network 3
12775,2025-07-18,01,13,05,618605,0.54726,03,1250,0,0,Node 03: Network 3
12776,2025-07-18,01,13,06,613861,0.995256,01,250,0,0,Node 01: Network 3
12777,2025-07-18,01,13,07,073180,0.459319,02,750,0,0,Node 02: Network 3
12778,2025-07-18,01,13,07,620844,0.547664,03,1250,0,0,Node 03: Network 3
12779,2025-07-18,01,13,08,613432,0.992588,01,250,0,0,Node 01: Network 3
12780,2025-07-18,01,13,09,074474,0.461042,02,750,0,0,Node 02: Network 3
12781,2025-07-18,01,13,09,622666,0.548192,03,1250,0,0,Node 03: Network 3
12782,2025-07-18,01,13,10,619891,0.997225,01,250,0,0,Node 01: Network 3
12783,2025-07-18,01,13,11,078122,0.458231,02,750,0,0,Node 02: Network 3
12784,2025-07-18,01,13,11,625437,0.547315,03,1250,0,0,Node 03: Network 3
12785,2025-07-18,01,13,12,619977,0.99454,01,250,0,0,Node 01: Network 3
12786,2025-07-18,01,13,13,079390,0.459413,02,750,0,0,Node 02: Network 3
12787,2025-07-18,01,13,13,627349,0.547959,03,1250,0,0,Node 03: Network 3
12788,2025-07-18,01,13,14,620568,0.993219,01,250,0,0,Node 01: Network 3
12789,2025-07-18,01,13,15,081623,0.461055,02,750,0,0,Node 02: Network 3
12790,2025-07-18,01,13,15,628556,0.546933,03,1250,0,0,Node 03: Network 3
12791,2025-07-18,01,13,16,621102,0.992546,01,250,0,0,Node 01: Network 3
12792,2025-07-18,01,13,17,083417,0.462315,02,750,0,0,Node 02: Network 3
12793,2025-07-18,01,13,17,631446,0.548029,03,1250,0,0,Node 03: Network 3
12794,2025-07-18,01,13,18,622702,0.991256,01,250,0,0,Node 01: Network 3
12795,2025-07-18,01,13,19,176071,0.553369,02,750,0,0,Node 02: Network 3
12796,2025-07-18,01,13,19,633052,0.456981,03,1250,0,0,Node 03: Network 3
12797,2025-07-18,01,13,20,675290,1.042238,01,250,0,0,Node 01: Network 3
12798,2025-07-18,01,13,21,178065,0.502775,02,750,0,0,Node 02: Network 3
12799,2025-07-18,01,13,21,636113,0.458048,03,1250,0,0,Node 03: Network 3
12800,2025-07-18,01,13,22,677153,1.04104,01,250,0,0,Node 01: Network 3
12801,2025-07-18,01,13,23,179837,0.502684,02,750,0,0,Node 02: Network 3
12802,2025-07-18,01,13,23,638022,0.458185,03,1250,0,0,Node 03: Network 3
12803,2025-07-18,01,13,24,677150,1.039128,01,250,0,0,Node 01: Network 3
12804,2025-07-18,01,13,25,182805,0.505655,02,750,0,0,Node 02: Network 3
12805,2025-07-18,01,13,25,641077,0.458272,03,1250,0,0,Node 03: Network 3
12806,2025-07-18,01,13,26,678241,1.037164,01,250,0,0,Node 01: Network 3
12807,2025-07-18,01,13,27,185454,0.507213,02,750,0,0,Node 02: Network 3
12808,2025-07-18,01,13,27,642567,0.457113,03,1250,0,0,Node 03: Network 3
12809,2025-07-18,01,13,28,679040,1.036473,01,250,0,0,Node 01: Network 3
12810,2025-07-18,01,13,29,188231,0.509191,02,750,0,0,Node 02: Network 3
12811,2025-07-18,01,13,29,644606,0.456375,03,1250,0,0,Node 03: Network 3
12812,2025-07-18,01,13,30,679176,1.03457,01,250,0,0,Node 01: Network 3
12813,2025-07-18,01,13,31,190099,0.510923,02,750,0,0,Node 02: Network 3
12814,2025-07-18,01,13,31,646997,0.456898,03,1250,0,0,Node 03: Network 3
12815,2025-07-18,01,13,32,680435,1.033438,01,250,0,0,Node 01: Network 3
12816,2025-07-18,01,13,33,191798,0.511363,02,750,0,0,Node 02: Network 3
12817,2025-07-18,01,13,33,726777,0.534979,03,1250,0,0,Node 03: Network 3
12818,2025-07-18,01,13,34,680338,0.953561,01,250,0,0,Node 01: Network 3
12819,2025-07-18,01,13,35,192693,0.512355,02,750,0,0,Node 02: Network 3
12820,2025-07-18,01,13,35,727931,0.535238,03,1250,0,0,Node 03: Network 3
12821,2025-07-18,01,13,36,681983,0.954052,01,250,0,0,Node 01: Network 3
12822,2025-07-18,01,13,37,195715,0.513732,02,750,0,0,Node 02: Network 3
12823,2025-07-18,01,13,37,731502,0.535787,03,1250,0,0,Node 03: Network 3
12824,2025-07-18,01,13,38,739681,1.008179,01,250,0,0,Node 01: Network 3
12825,2025-07-18,01,13,39,197166,0.457485,02,750,0,0,Node 02: Network 3
12826,2025-07-18,01,13,39,733960,0.536794,03,1250,0,0,Node 03: Network 3
12827,2025-07-18,01,13,40,739968,1.006008,01,250,0,0,Node 01: Network 3
12828,2025-07-18,01,13,41,277161,0.537193,02,750,0,0,Node 02: Network 3
12829,2025-07-18,01,13,41,739894,0.462733,03,1250,0,0,Node 03: Network 3
12830,2025-07-18,01,13,42,821020,1.081126,01,250,0,0,Node 01: Network 3
12831,2025-07-18,01,13,43,252669,0.431649,02,750,0,0,Node 02: Network 3
12832,2025-07-18,01,13,43,737642,0.484973,03,1250,0,0,Node 03: Network 3
12833,2025-07-18,01,13,44,821889,1.084247,01,250,0,0,Node 01: Network 3
12834,2025-07-18,01,13,45,254574,0.432685,02,750,0,0,Node 02: Network 3
12835,2025-07-18,01,13,45,739601,0.485027,03,1250,0,0,Node 03: Network 3
12836,2025-07-18,01,13,46,822781,1.08318,01,250,0,0,Node 01: Network 3
12837,2025-07-18,01,13,47,255718,0.432937,02,750,0,0,Node 02: Network 3
12838,2025-07-18,01,13,47,742431,0.486713,03,1250,0,0,Node 03: Network 3
12839,2025-07-18,01,13,48,823587,1.081156,01,250,0,0,Node 01: Network 3
12840,2025-07-18,01,13,49,258644,0.435057,02,750,0,0,Node 02: Network 3
12841,2025-07-18,01,13,49,804321,0.545677,03,1250,0,0,Node 03: Network 3
12842,2025-07-18,01,13,50,823609,1.019288,01,250,0,0,Node 01: Network 3
12843,2025-07-18,01,13,51,349589,0.52598,02,750,0,0,Node 02: Network 3
12844,2025-07-18,01,13,51,870270,0.520681,03,1250,0,0,Node 03: Network 3
12845,2025-07-18,01,13,52,824633,0.954363,01,250,0,0,Node 01: Network 3
12846,2025-07-18,01,13,53,351478,0.526845,02,750,0,0,Node 02: Network 3
12847,2025-07-18,01,13,53,872775,0.521297,03,1250,0,0,Node 03: Network 3
12848,2025-07-18,01,13,54,825325,0.95255,01,250,0,0,Node 01: Network 3
12849,2025-07-18,01,13,55,353698,0.528373,02,750,0,0,Node 02: Network 3
12850,2025-07-18,01,13,55,876036,0.522338,03,1250,0,0,Node 03: Network 3
12851,2025-07-18,01,13,56,824921,0.948885,01,250,0,0,Node 01: Network 3
12852,2025-07-18,01,13,57,354900,0.529979,02,750,0,0,Node 02: Network 3
12853,2025-07-18,01,13,57,876619,0.521719,03,1250,0,0,Node 03: Network 3
12854,2025-07-18,01,13,58,827563,0.950944,01,250,0,0,Node 01: Network 3
12855,2025-07-18,01,13,59,356539,0.528976,02,750,0,0,Node 02: Network 3
12856,2025-07-18,01,13,59,879435,0.522896,03,1250,0,0,Node 03: Network 3
12857,2025-07-18,01,14,00,828442,0.949007,01,250,0,0,Node 01: Network 3
12858,2025-07-18,01,14,01,358689,0.530247,02,750,0,0,Node 02: Network 3
12859,2025-07-18,01,14,01,880865,0.522176,03,1250,0,0,Node 03: Network 3
12860,2025-07-18,01,14,02,828178,0.947313,01,250,0,0,Node 01: Network 3
12861,2025-07-18,01,14,03,425768,0.59759,02,750,0,0,Node 02: Network 3
12862,2025-07-18,01,14,03,883804,0.458036,03,1250,0,0,Node 03: Network 3
12863,2025-07-18,01,14,04,411023,0.527219,BB,0,1,0,
12864,2025-07-18,01,14,06,414176,2.003153,BB,0,1,0,
12865,2025-07-18,01,14,06,462741,0.048565,01,1908,0,1,
12866,2025-07-18,01,14,06,475514,0.012773,02,1809,0,1,
12867,2025-07-18,01,14,06,493764,0.01825,03,1853,0,1,
12868,2025-07-18,01,14,06,730489,0.236725,01,250,0,0,Node 01: Network 3
12869,2025-07-18,01,14,07,231950,0.501461,02,750,0,0,Node 02: Network 3
12870,2025-07-18,01,14,07,733853,0.501903,03,1250,0,0,Node 03: Network 3
12871,2025-07-18,01,14,08,775363,1.04151,01,250,0,0,Node 01: Network 3
12872,2025-07-18,01,14,09,233373,0.45801,02,750,0,0,Node 02: Network 3
12873,2025-07-18,01,14,09,735870,0.502497,03,1250,0,0,Node 03: Network 3
12874,2025-07-18,01,14,10,776762,1.040892,01,250,0,0,Node 01: Network 3
12875,2025-07-18,01,14,11,280257,0.503495,02,750,0,0,Node 02: Network 3
12876,2025-07-18,01,14,11,737955,0.457698,03,1250,0,0,Node 03: Network 3
12877,2025-07-18,01,14,12,823872,1.085917,01,250,0,0,Node 01: Network 3
12878,2025-07-18,01,14,13,282371,0.458499,02,750,0,0,Node 02: Network 3
12879,2025-07-18,01,14,13,740786,0.458415,03,1250,0,0,Node 03: Network 3
12880,2025-07-18,01,14,14,824633,1.083847,01,250,0,0,Node 01: Network 3
12881,2025-07-18,01,14,15,283809,0.459176,02,750,0,0,Node 02: Network 3
12882,2025-07-18,01,14,15,742585,0.458776,03,1250,0,0,Node 03: Network 3
12883,2025-07-18,01,14,16,828526,1.085941,01,250,0,0,Node 01: Network 3
12884,2025-07-18,01,14,17,287134,0.458608,02,750,0,0,Node 02: Network 3
12885,2025-07-18,01,14,17,876040,0.588906,03,1250,0,0,Node 03: Network 3
12886,2025-07-18,01,14,18,832516,0.956476,01,250,0,0,Node 01: Network 3
12887,2025-07-18,01,14,19,419191,0.586675,02,750,0,0,Node 02: Network 3
12888,2025-07-18,01,14,19,876995,0.457804,03,1250,0,0,Node 03: Network 3
12889,2025-07-18,01,14,20,833331,0.956336,01,250,0,0,Node 01: Network 3
12890,2025-07-18,01,14,21,422214,0.588883,02,750,0,0,Node 02: Network 3
12891,2025-07-18,01,14,21,880126,0.457912,03,1250,0,0,Node 03: Network 3
12892,2025-07-18,01,14,22,832856,0.95273,01,250,0,0,Node 01: Network 3
12893,2025-07-18,01,14,23,424889,0.592033,02,750,0,0,Node 02: Network 3
12894,2025-07-18,01,14,23,881338,0.456449,03,1250,0,0,Node 03: Network 3
12895,2025-07-18,01,14,24,833877,0.952539,01,250,0,0,Node 01: Network 3
12896,2025-07-18,01,14,25,427093,0.593216,02,750,0,0,Node 02: Network 3
12897,2025-07-18,01,14,25,883698,0.456605,03,1250,0,0,Node 03: Network 3
12898,2025-07-18,01,14,26,834525,0.950827,01,250,0,0,Node 01: Network 3
12899,2025-07-18,01,14,27,428202,0.593677,02,750,0,0,Node 02: Network 3
12900,2025-07-18,01,14,27,885481,0.457279,03,1250,0,0,Node 03: Network 3
12901,2025-07-18,01,14,28,835135,0.949654,01,250,0,0,Node 01: Network 3
12902,2025-07-18,01,14,29,430292,0.595157,02,750,0,0,Node 02: Network 3
12903,2025-07-18,01,14,29,888451,0.458159,03,1250,0,0,Node 03: Network 3
12904,2025-07-18,01,14,30,973670,1.085219,01,250,0,0,Node 01: Network 3
12905,2025-07-18,01,14,31,432679,0.459009,02,750,0,0,Node 02: Network 3
12906,2025-07-18,01,14,31,890593,0.457914,03,1250,0,0,Node 03: Network 3
12907,2025-07-18,01,14,32,472196,0.581603,BB,0,1,0,
12908,2025-07-18,01,14,34,476777,2.004581,BB,0,1,0,
12909,2025-07-18,01,14,34,511948,0.035171,02,1863,0,1,
12910,2025-07-18,01,14,34,525292,0.013344,01,1823,0,1,
12911,2025-07-18,01,14,34,549902,0.02461,03,1908,0,1,
12912,2025-07-18,01,14,34,792459,0.242557,01,250,0,0,Node 01: Network 3
12913,2025-07-18,01,14,35,292954,0.500495,02,750,0,0,Node 02: Network 3
12914,2025-07-18,01,14,35,794875,0.501921,03,1250,0,0,Node 03: Network 3
12915,2025-07-18,01,14,36,837348,1.042473,01,250,0,0,Node 01: Network 3
12916,2025-07-18,01,14,37,294710,0.457362,02,750,0,0,Node 02: Network 3
12917,2025-07-18,01,14,37,796254,0.501544,03,1250,0,0,Node 03: Network 3
12918,2025-07-18,01,14,38,838219,1.041965,01,250,0,0,Node 01: Network 3
12919,2025-07-18,01,14,39,297142,0.458923,02,750,0,0,Node 02: Network 3
12920,2025-07-18,01,14,39,799006,0.501864,03,1250,0,0,Node 03: Network 3
12921,2025-07-18,01,14,40,841009,1.042003,01,250,0,0,Node 01: Network 3
12922,2025-07-18,01,14,41,299440,0.458431,02,750,0,0,Node 02: Network 3
12923,2025-07-18,01,14,41,800988,0.501548,03,1250,0,0,Node 03: Network 3
12924,2025-07-18,01,14,42,842451,1.041463,01,250,0,0,Node 01: Network 3
12925,2025-07-18,01,14,43,301205,0.458754,02,750,0,0,Node 02: Network 3
12926,2025-07-18,01,14,43,803693,0.502488,03,1250,0,0,Node 03: Network 3
12927,2025-07-18,01,14,44,843636,1.039943,01,250,0,0,Node 01: Network 3
12928,2025-07-18,01,14,45,347242,0.503606,02,750,0,0,Node 02: Network 3
12929,2025-07-18,01,14,45,806002,0.45876,03,1250,0,0,Node 03: Network 3
12930,2025-07-18,01,14,46,844846,1.038844,01,250,0,0,Node 01: Network 3
12931,2025-07-18,01,14,47,349453,0.504607,02,750,0,0,Node 02: Network 3
12932,2025-07-18,01,14,47,892017,0.542564,03,1250,0,0,Node 03: Network 3
12933,2025-07-18,01,14,48,894587,1.00257,01,250,0,0,Node 01: Network 3
12934,2025-07-18,01,14,49,144079,0.249492,BB,0,1,0,
12935,2025-07-18,01,14,49,222581,0.078502,BB,0,1,0,02:1188:0:1
12936,2025-07-18,01,14,49,284006,0.061425,03,1196,0,1,01:1190:0:1
12937,2025-07-18,01,14,49,296238,0.012232,03,607,0,1,
12938,2025-07-18,01,14,49,308750,0.012512,01,652,0,1,
12939,2025-07-18,01,14,49,343695,0.034945,03,1250,0,0,Node 03: Network 3
12940,2025-07-18,01,14,49,355695,0.012,02,694,0,1,
12941,2025-07-18,01,14,49,476883,0.121188,01,250,0,0,Node 01: Network 3
12942,2025-07-18,01,14,49,610253,0.13337,02,750,0,0,Node 02: Network 3
12943,2025-07-18,01,14,49,654677,0.044424,01,250,0,0,Node 01: Network 3
12944,2025-07-18,01,14,49,686934,0.032257,01,275,0,0,Node 01: Network 3
12945,2025-07-18,01,14,49,747242,0.060308,02,750,0,0,Node 02: Network 3
12946,2025-07-18,01,14,49,870550,0.123308,03,1250,0,0,Node 03: Network 3
12947,2025-07-18,01,14,49,922247,0.051697,01,250,0,0,Node 01: Network 3
12948,2025-07-18,01,14,49,958358,0.036111,02,750,0,0,Node 02: Network 3
12949,2025-07-18,01,14,50,032220,0.073862,02,755,0,0,Node 02: Network 3
12950,2025-07-18,01,14,50,066759,0.034539,03,1250,0,0,Node 03: Network 3
12951,2025-07-18,01,14,50,141995,0.075236,01,250,0,0,Node 01: Network 3
12952,2025-07-18,01,14,50,214643,0.072648,02,750,0,0,Node 02: Network 3
12953,2025-07-18,01,14,50,527805,0.313162,03,1250,0,0,Node 03: Network 3
12954,2025-07-18,01,14,50,570108,0.042303,BB,0,1,0,
12955,2025-07-18,01,14,50,612551,0.042443,03,1375,0,1,
12956,2025-07-18,01,14,51,886681,1.27413,03,1251,0,0,Node 03: Network 3
12957,2025-07-18,01,14,53,430148,1.543467,02,750,0,0,Node 02: Network 3
12958,2025-07-18,01,14,53,977139,0.546991,03,1250,0,0,Node 03: Network 3
12959,2025-07-18,01,14,54,973877,0.996738,01,250,0,0,Node 01: Network 3
12960,2025-07-18,01,14,55,431791,0.457914,02,750,0,0,Node 02: Network 3
12961,2025-07-18,01,14,56,021046,0.589255,03,1250,0,0,Node 03: Network 3
12962,2025-07-18,01,14,56,975164,0.954118,01,250,0,0,Node 01: Network 3
12963,2025-07-18,01,14,57,434833,0.459669,02,750,0,0,Node 02: Network 3
12964,2025-07-18,01,14,58,023471,0.588638,03,1250,0,0,Node 03: Network 3
12965,2025-07-18,01,14,58,974944,0.951473,01,250,0,0,Node 01: Network 3
12966,2025-07-18,01,14,59,436399,0.461455,02,750,0,0,Node 02: Network 3
12967,2025-07-18,01,15,00,024909,0.58851,03,1250,0,0,Node 03: Network 3
12968,2025-07-18,01,15,00,975597,0.950688,01,250,0,0,Node 01: Network 3
12969,2025-07-18,01,15,01,438737,0.46314,02,750,0,0,Node 02: Network 3
12970,2025-07-18,01,15,02,021811,0.583074,03,1250,0,0,Node 03: Network 3
12971,2025-07-18,01,15,03,065779,1.043968,01,250,0,0,Node 01: Network 3
12972,2025-07-18,01,15,03,440872,0.375093,02,750,0,0,Node 02: Network 3
12973,2025-07-18,01,15,04,024349,0.583477,03,1250,0,0,Node 03: Network 3
12974,2025-07-18,01,15,04,541203,0.516854,BB,0,1,0,
12975,2025-07-18,01,15,06,547424,2.006221,BB,0,1,0,
12976,2025-07-18,01,15,06,586611,0.039187,01,1802,0,1,
12977,2025-07-18,01,15,06,602348,0.015737,02,1927,0,1,
12978,2025-07-18,01,15,06,615944,0.013596,03,1846,0,1,
12979,2025-07-18,01,15,06,863680,0.247736,01,250,0,0,Node 01: Network 3
12980,2025-07-18,01,15,07,364755,0.501075,02,750,0,0,Node 02: Network 3
12981,2025-07-18,01,15,07,909941,0.545186,03,1250,0,0,Node 03: Network 3
12982,2025-07-18,01,15,08,864466,0.954525,01,250,0,0,Node 01: Network 3
12983,2025-07-18,01,15,09,366676,0.50221,02,750,0,0,Node 02: Network 3
12984,2025-07-18,01,15,09,913026,0.54635,03,1250,0,0,Node 03: Network 3
12985,2025-07-18,01,15,10,864438,0.951412,01,250,0,0,Node 01: Network 3
12986,2025-07-18,01,15,11,368519,0.504081,02,750,0,0,Node 02: Network 3
12987,2025-07-18,01,15,11,915521,0.547002,03,1250,0,0,Node 03: Network 3
12988,2025-07-18,01,15,12,865645,0.950124,01,250,0,0,Node 01: Network 3
12989,2025-07-18,01,15,13,369246,0.503601,02,750,0,0,Node 02: Network 3
12990,2025-07-18,01,15,13,914048,0.544802,03,1250,0,0,Node 03: Network 3
12991,2025-07-18,01,15,14,914537,1.000489,01,250,0,0,Node 01: Network 3
12992,2025-07-18,01,15,15,458252,0.543715,02,750,0,0,Node 02: Network 3
12993,2025-07-18,01,15,15,915531,0.457279,03,1250,0,0,Node 03: Network 3
12994,2025-07-18,01,15,16,914488,0.998957,01,250,0,0,Node 01: Network 3
12995,2025-07-18,01,15,17,460541,0.546053,02,750,0,0,Node 02: Network 3
12996,2025-07-18,01,15,17,918152,0.457611,03,1250,0,0,Node 03: Network 3
12997,2025-07-18,01,15,18,915656,0.997504,01,250,0,0,Node 01: Network 3
12998,2025-07-18,01,15,19,463581,0.547925,02,750,0,0,Node 02: Network 3
12999,2025-07-18,01,15,19,919478,0.455897,03,1250,0,0,Node 03: Network 3
13000,2025-07-18,01,15,20,916817,0.997339,01,250,0,0,Node 01: Network 3
13001,2025-07-18,01,15,21,465016,0.548199,02,750,0,0,Node 02: Network 3
13002,2025-07-18,01,15,21,921334,0.456318,03,1250,0,0,Node 03: Network 3
13003,2025-07-18,01,15,22,916445,0.995111,01,250,0,0,Node 01: Network 3
13004,2025-07-18,01,15,23,466970,0.550525,02,750,0,0,Node 02: Network 3
13005,2025-07-18,01,15,23,923585,0.456615,03,1250,0,0,Node 03: Network 3
13006,2025-07-18,01,15,24,918277,0.994692,01,250,0,0,Node 01: Network 3
13007,2025-07-18,01,15,25,467924,0.549647,02,750,0,0,Node 02: Network 3
13008,2025-07-18,01,15,25,965102,0.497178,03,1250,0,0,Node 03: Network 3
13009,2025-07-18,01,15,26,919301,0.954199,01,250,0,0,Node 01: Network 3
13010,2025-07-18,01,15,27,509730,0.590429,02,750,0,0,Node 02: Network 3
13011,2025-07-18,01,15,27,966835,0.457105,03,1250,0,0,Node 03: Network 3
13012,2025-07-18,01,15,28,919668,0.952833,01,250,0,0,Node 01: Network 3
13013,2025-07-18,01,15,29,513246,0.593578,02,750,0,0,Node 02: Network 3
13014,2025-07-18,01,15,29,969382,0.456136,03,1250,0,0,Node 03: Network 3
13015,2025-07-18,01,15,31,056784,1.087402,01,250,0,0,Node 01: Network 3
13016,2025-07-18,01,15,31,514515,0.457731,02,750,0,0,Node 02: Network 3
13017,2025-07-18,01,15,31,970713,0.456198,03,1250,0,0,Node 03: Network 3
13018,2025-07-18,01,15,33,058063,1.08735,01,250,0,0,Node 01: Network 3
13019,2025-07-18,01,15,33,517239,0.459176,02,750,0,0,Node 02: Network 3
13020,2025-07-18,01,15,33,972826,0.455587,03,1250,0,0,Node 03: Network 3
13021,2025-07-18,01,15,35,059044,1.086218,01,250,0,0,Node 01: Network 3
13022,2025-07-18,01,15,35,518309,0.459265,02,750,0,0,Node 02: Network 3
13023,2025-07-18,01,15,35,975016,0.456707,03,1250,0,0,Node 03: Network 3
13024,2025-07-18,01,15,37,063193,1.088177,01,250,0,0,Node 01: Network 3
13025,2025-07-18,01,15,37,522001,0.458808,02,750,0,0,Node 02: Network 3
13026,2025-07-18,01,15,37,976488,0.454487,03,1250,0,0,Node 03: Network 3
13027,2025-07-18,01,15,39,063604,1.087116,01,250,0,0,Node 01: Network 3
13028,2025-07-18,01,15,39,522859,0.459255,02,750,0,0,Node 02: Network 3
13029,2025-07-18,01,15,39,980129,0.45727,03,1250,0,0,Node 03: Network 3
13030,2025-07-18,01,15,41,064700,1.084571,01,250,0,0,Node 01: Network 3
13031,2025-07-18,01,15,41,524904,0.460204,02,750,0,0,Node 02: Network 3
13032,2025-07-18,01,15,41,982331,0.457427,03,1250,0,0,Node 03: Network 3
13033,2025-07-18,01,15,43,065537,1.083206,01,250,0,0,Node 01: Network 3
13034,2025-07-18,01,15,43,527188,0.461651,02,750,0,0,Node 02: Network 3
13035,2025-07-18,01,15,43,983908,0.45672,03,1250,0,0,Node 03: Network 3
13036,2025-07-18,01,15,45,065508,1.0816,01,250,0,0,Node 01: Network 3
13037,2025-07-18,01,15,45,529013,0.463505,02,750,0,0,Node 02: Network 3
13038,2025-07-18,01,15,45,985690,0.456677,03,1250,0,0,Node 03: Network 3
13039,2025-07-18,01,15,47,079176,1.093486,01,250,0,0,Node 01: Network 3
13040,2025-07-18,01,15,47,530532,0.451356,02,750,0,0,Node 02: Network 3
13041,2025-07-18,01,15,47,987847,0.457315,03,1250,0,0,Node 03: Network 3
13042,2025-07-18,01,15,49,068256,1.080409,01,250,0,0,Node 01: Network 3
13043,2025-07-18,01,15,49,533727,0.465471,02,750,0,0,Node 02: Network 3
13044,2025-07-18,01,15,49,990805,0.457078,03,1250,0,0,Node 03: Network 3
13045,2025-07-18,01,15,51,067687,1.076882,01,250,0,0,Node 01: Network 3
13046,2025-07-18,01,15,51,535053,0.467366,02,750,0,0,Node 02: Network 3
13047,2025-07-18,01,15,52,114526,0.579473,03,1250,0,0,Node 03: Network 3
13048,2025-07-18,01,15,53,069447,0.954921,01,250,0,0,Node 01: Network 3
13049,2025-07-18,01,15,53,537034,0.467587,02,750,0,0,Node 02: Network 3
13050,2025-07-18,01,15,54,117014,0.57998,03,1250,0,0,Node 03: Network 3
13051,2025-07-18,01,15,55,069929,0.952915,01,250,0,0,Node 01: Network 3
13052,2025-07-18,01,15,55,539030,0.469101,02,750,0,0,Node 02: Network 3
13053,2025-07-18,01,15,56,119137,0.580107,03,1250,0,0,Node 03: Network 3
13054,2025-07-18,01,15,57,070236,0.951099,01,250,0,0,Node 01: Network 3
13055,2025-07-18,01,15,57,547760,0.477524,02,750,0,0,Node 02: Network 3
13056,2025-07-18,01,15,58,117115,0.569355,03,1250,0,0,Node 03: Network 3
13057,2025-07-18,01,15,59,070916,0.953801,01,250,0,0,Node 01: Network 3
13058,2025-07-18,01,15,59,543379,0.472463,02,750,0,0,Node 02: Network 3
13059,2025-07-18,01,16,00,119093,0.575714,03,1250,0,0,Node 03: Network 3
13060,2025-07-18,01,16,01,071899,0.952806,01,250,0,0,Node 01: Network 3
13061,2025-07-18,01,16,01,544756,0.472857,02,750,0,0,Node 02: Network 3
13062,2025-07-18,01,16,02,121000,0.576244,03,1250,0,0,Node 03: Network 3
13063,2025-07-18,01,16,03,071858,0.950858,01,250,0,0,Node 01: Network 3
13064,2025-07-18,01,16,03,545994,0.474136,02,750,0,0,Node 02: Network 3
13065,2025-07-18,01,16,04,119474,0.57348,03,1250,0,0,Node 03: Network 3
13066,2025-07-18,01,16,05,073712,0.954238,01,250,0,0,Node 01: Network 3
13067,2025-07-18,01,16,05,548955,0.475243,02,750,0,0,Node 02: Network 3
13068,2025-07-18,01,16,06,122274,0.573319,03,1251,0,0,Node 03: Network 3
13069,2025-07-18,01,16,07,074421,0.952147,01,250,0,0,Node 01: Network 3
13070,2025-07-18,01,16,07,664895,0.590474,02,750,0,0,Node 02: Network 3
13071,2025-07-18,01,16,08,125000,0.460105,03,1250,0,0,Node 03: Network 3
13072,2025-07-18,01,16,09,074619,0.949619,01,250,0,0,Node 01: Network 3
13073,2025-07-18,01,16,09,667201,0.592582,02,750,0,0,Node 02: Network 3
13074,2025-07-18,01,16,10,126616,0.459415,03,1250,0,0,Node 03: Network 3
13075,2025-07-18,01,16,11,074808,0.948192,01,250,0,0,Node 01: Network 3
13076,2025-07-18,01,16,11,669487,0.594679,02,750,0,0,Node 02: Network 3
13077,2025-07-18,01,16,12,129038,0.459551,03,1250,0,0,Node 03: Network 3
13078,2025-07-18,01,16,13,076327,0.947289,01,250,0,0,Node 01: Network 3
13079,2025-07-18,01,16,13,673464,0.597137,02,750,0,0,Node 02: Network 3
13080,2025-07-18,01,16,14,130098,0.456634,03,1250,0,0,Node 03: Network 3
13081,2025-07-18,01,16,15,218449,1.088351,01,250,0,0,Node 01: Network 3
13082,2025-07-18,01,16,15,674367,0.455918,02,750,0,0,Node 02: Network 3
13083,2025-07-18,01,16,16,132712,0.458345,03,1250,0,0,Node 03: Network 3
13084,2025-07-18,01,16,16,699715,0.567003,BB,0,1,0,
13085,2025-07-18,01,16,16,742408,0.042693,03,1414,0,1,
13086,2025-07-18,01,16,18,019280,1.276872,03,1250,0,0,Node 03: Network 3
13087,2025-07-18,01,16,19,563632,1.544352,02,750,0,0,Node 02: Network 3
13088,2025-07-18,01,16,20,109656,0.546024,03,1250,0,0,Node 03: Network 3
13089,2025-07-18,01,16,21,108562,0.998906,01,250,0,0,Node 01: Network 3
13090,2025-07-18,01,16,21,652279,0.543717,02,750,0,0,Node 02: Network 3
13091,2025-07-18,01,16,22,153338,0.501059,03,1250,0,0,Node 03: Network 3
13092,2025-07-18,01,16,23,197276,1.043938,01,250,0,0,Node 01: Network 3
13093,2025-07-18,01,16,23,654507,0.457231,02,750,0,0,Node 02: Network 3
13094,2025-07-18,01,16,24,243741,0.589234,03,1250,0,0,Node 03: Network 3
13095,2025-07-18,01,16,24,717127,0.473386,BB,0,1,0,
13096,2025-07-18,01,16,26,722535,2.005408,BB,0,1,0,
13097,2025-07-18,01,16,26,798924,0.076389,01,1847,0,1,
13098,2025-07-18,01,16,26,812380,0.013456,03,1802,0,1,
13099,2025-07-18,01,16,26,825985,0.013605,02,1888,0,1,
13100,2025-07-18,01,16,27,038681,0.212696,01,250,0,0,Node 01: Network 3
13101,2025-07-18,01,16,27,538557,0.499876,02,750,0,0,Node 02: Network 3
13102,2025-07-18,01,16,28,041233,0.502676,03,1250,0,0,Node 03: Network 3
13103,2025-07-18,01,16,29,038404,0.997171,01,250,0,0,Node 01: Network 3
13104,2025-07-18,01,16,29,541853,0.503449,02,750,0,0,Node 02: Network 3
13105,2025-07-18,01,16,30,043206,0.501353,03,1250,0,0,Node 03: Network 3
13106,2025-07-18,01,16,31,039207,0.996001,01,250,0,0,Node 01: Network 3
13107,2025-07-18,01,16,31,542820,0.503613,02,750,0,0,Node 02: Network 3
13108,2025-07-18,01,16,32,086221,0.543401,03,1250,0,0,Node 03: Network 3
13109,2025-07-18,01,16,33,040002,0.953781,01,250,0,0,Node 01: Network 3
13110,2025-07-18,01,16,33,545169,0.505167,02,750,0,0,Node 02: Network 3
13111,2025-07-18,01,16,34,088458,0.543289,03,1250,0,0,Node 03: Network 3
13112,2025-07-18,01,16,35,041278,0.95282,01,250,0,0,Node 01: Network 3
13113,2025-07-18,01,16,35,547008,0.50573,02,750,0,0,Node 02: Network 3
13114,2025-07-18,01,16,36,090192,0.543184,03,1250,0,0,Node 03: Network 3
13115,2025-07-18,01,16,37,041456,0.951264,01,250,0,0,Node 01: Network 3
13116,2025-07-18,01,16,37,548404,0.506948,02,750,0,0,Node 02: Network 3
13117,2025-07-18,01,16,38,091147,0.542743,03,1250,0,0,Node 03: Network 3
13118,2025-07-18,01,16,39,092410,1.001263,01,250,0,0,Node 01: Network 3
13119,2025-07-18,01,16,39,550387,0.457977,02,750,0,0,Node 02: Network 3
13120,2025-07-18,01,16,40,093671,0.543284,03,1250,0,0,Node 03: Network 3
13121,2025-07-18,01,16,41,093956,1.000285,01,250,0,0,Node 01: Network 3
13122,2025-07-18,01,16,41,553741,0.459785,02,750,0,0,Node 02: Network 3
13123,2025-07-18,01,16,42,096299,0.542558,03,1250,0,0,Node 03: Network 3
13124,2025-07-18,01,16,43,094245,0.997946,01,250,0,0,Node 01: Network 3
13125,2025-07-18,01,16,43,555232,0.460987,02,750,0,0,Node 02: Network 3
13126,2025-07-18,01,16,44,140068,0.584836,03,1250,0,0,Node 03: Network 3
13127,2025-07-18,01,16,45,095340,0.955272,01,250,0,0,Node 01: Network 3
13128,2025-07-18,01,16,45,556587,0.461247,02,750,0,0,Node 02: Network 3
13129,2025-07-18,01,16,46,143921,0.587334,03,1251,0,0,Node 03: Network 3
13130,2025-07-18,01,16,47,102607,0.958686,01,250,0,0,Node 01: Network 3
13131,2025-07-18,01,16,47,559339,0.456732,02,750,0,0,Node 02: Network 3
13132,2025-07-18,01,16,48,146303,0.586964,03,1250,0,0,Node 03: Network 3
13133,2025-07-18,01,16,49,102298,0.955995,01,250,0,0,Node 01: Network 3
13134,2025-07-18,01,16,49,646477,0.544179,02,750,0,0,Node 02: Network 3
13135,2025-07-18,01,16,50,147955,0.501478,03,1250,0,0,Node 03: Network 3
13136,2025-07-18,01,16,51,103077,0.955122,01,250,0,0,Node 01: Network 3
13137,2025-07-18,01,16,51,648159,0.545082,02,750,0,0,Node 02: Network 3
13138,2025-07-18,01,16,52,149886,0.501727,03,1250,0,0,Node 03: Network 3
13139,2025-07-18,01,16,53,104585,0.954699,01,250,0,0,Node 01: Network 3
13140,2025-07-18,01,16,53,694059,0.589474,02,750,0,0,Node 02: Network 3
13141,2025-07-18,01,16,54,152140,0.458081,03,1250,0,0,Node 03: Network 3
13142,2025-07-18,01,16,55,237856,1.085716,01,250,0,0,Node 01: Network 3
13143,2025-07-18,01,16,55,696035,0.458179,02,750,0,0,Node 02: Network 3
13144,2025-07-18,01,16,56,153812,0.457777,03,1250,0,0,Node 03: Network 3
13145,2025-07-18,01,16,57,091417,0.937605,BB,0,1,0,03:1375:0:1
13146,2025-07-18,01,16,57,167996,0.076579,03,1250,0,0,Node 03: Network 3
13147,2025-07-18,01,16,57,201210,0.033214,01,250,0,0,Node 01: Network 3
13148,2025-07-18,01,16,57,256281,0.055071,02,755,0,0,Node 02: Network 3
13149,2025-07-18,01,16,57,324515,0.068234,03,1250,0,0,Node 03: Network 3
13150,2025-07-18,01,16,57,432604,0.108089,03,1251,0,0,Node 03: Network 3
13151,2025-07-18,01,16,57,516288,0.083684,02,750,0,0,Node 02: Network 3
13152,2025-07-18,01,16,57,557569,0.041281,03,1250,0,0,Node 03: Network 3
13153,2025-07-18,01,16,57,603142,0.045573,01,250,0,0,Node 01: Network 3
13154,2025-07-18,01,16,57,703446,0.100304,02,750,0,0,Node 02: Network 3
13155,2025-07-18,01,16,57,746942,0.043496,03,1250,0,0,Node 03: Network 3
13156,2025-07-18,01,16,57,779784,0.032842,01,250,0,0,Node 01: Network 3
13157,2025-07-18,01,16,57,907040,0.127256,02,750,0,0,Node 02: Network 3
13158,2025-07-18,01,16,58,245927,0.338887,03,1250,0,0,Node 03: Network 3
13159,2025-07-18,01,16,58,796501,0.550574,01,250,0,0,Node 01: Network 3
13160,2025-07-18,01,16,58,857794,0.061293,BB,0,1,0,
13161,2025-07-18,01,17,02,801283,3.943489,BB,0,1,0,
13162,2025-07-18,01,17,02,851190,0.049907,01,328,0,1,
13163,2025-07-18,01,17,02,865221,0.014031,02,1875,0,1,
13164,2025-07-18,01,17,02,898506,0.033285,03,280,0,1,
13165,2025-07-18,01,17,03,115617,0.217111,01,250,0,0,Node 01: Network 3
13166,2025-07-18,01,17,03,619148,0.503531,02,750,0,0,Node 02: Network 3
13167,2025-07-18,01,17,04,121725,0.502577,03,1250,0,0,Node 03: Network 3
13168,2025-07-18,01,17,05,116912,0.995187,01,250,0,0,Node 01: Network 3
13169,2025-07-18,01,17,05,620938,0.504026,02,750,0,0,Node 02: Network 3
13170,2025-07-18,01,17,06,123839,0.502901,03,1250,0,0,Node 03: Network 3
13171,2025-07-18,01,17,07,117909,0.99407,01,250,0,0,Node 01: Network 3
13172,2025-07-18,01,17,07,623001,0.505092,02,750,0,0,Node 02: Network 3
13173,2025-07-18,01,17,08,124408,0.501407,03,1250,0,0,Node 03: Network 3
13174,2025-07-18,01,17,09,118478,0.99407,01,250,0,0,Node 01: Network 3
13175,2025-07-18,01,17,09,624051,0.505573,02,750,0,0,Node 02: Network 3
13176,2025-07-18,01,17,10,127738,0.503687,03,1250,0,0,Node 03: Network 3
13177,2025-07-18,01,17,11,117846,0.990108,01,250,0,0,Node 01: Network 3
13178,2025-07-18,01,17,11,625967,0.508121,02,750,0,0,Node 02: Network 3
13179,2025-07-18,01,17,12,164188,0.538221,03,1250,0,0,Node 03: Network 3
13180,2025-07-18,01,17,13,206566,1.042378,01,250,0,0,Node 01: Network 3
13181,2025-07-18,01,17,13,628632,0.422066,02,751,0,0,Node 02: Network 3
13182,2025-07-18,01,17,14,166541,0.537909,03,1250,0,0,Node 03: Network 3
13183,2025-07-18,01,17,15,208080,1.041539,01,250,0,0,Node 01: Network 3
13184,2025-07-18,01,17,15,630965,0.422885,02,750,0,0,Node 02: Network 3
13185,2025-07-18,01,17,16,169443,0.538478,03,1250,0,0,Node 03: Network 3
13186,2025-07-18,01,17,17,173419,1.003976,01,250,0,0,Node 01: Network 3
13187,2025-07-18,01,17,17,632868,0.459449,02,750,0,0,Node 02: Network 3
13188,2025-07-18,01,17,18,172190,0.539322,03,1250,0,0,Node 03: Network 3
13189,2025-07-18,01,17,19,202602,1.030412,01,250,0,0,Node 01: Network 3
13190,2025-07-18,01,17,19,633492,0.43089,02,750,0,0,Node 02: Network 3
13191,2025-07-18,01,17,20,173416,0.539924,03,1250,0,0,Node 03: Network 3
13192,2025-07-18,01,17,21,179297,1.005881,01,250,0,0,Node 01: Network 3
13193,2025-07-18,01,17,21,636891,0.457594,02,750,0,0,Node 02: Network 3
13194,2025-07-18,01,17,22,175228,0.538337,03,1250,0,0,Node 03: Network 3
13195,2025-07-18,01,17,23,179366,1.004138,01,250,0,0,Node 01: Network 3
13196,2025-07-18,01,17,23,637973,0.458607,02,750,0,0,Node 02: Network 3
13197,2025-07-18,01,17,24,177862,0.539889,03,1250,0,0,Node 03: Network 3
13198,2025-07-18,01,17,25,180659,1.002797,01,250,0,0,Node 01: Network 3
13199,2025-07-18,01,17,25,640345,0.459686,02,750,0,0,Node 02: Network 3
13200,2025-07-18,01,17,26,178938,0.538593,03,1250,0,0,Node 03: Network 3
13201,2025-07-18,01,17,27,181636,1.002698,01,250,0,0,Node 01: Network 3
13202,2025-07-18,01,17,27,723463,0.541827,02,750,0,0,Node 02: Network 3
13203,2025-07-18,01,17,28,269936,0.546473,03,1250,0,0,Node 03: Network 3
13204,2025-07-18,01,17,29,268518,0.998582,01,250,0,0,Node 01: Network 3
13205,2025-07-18,01,17,29,726211,0.457693,02,750,0,0,Node 02: Network 3
13206,2025-07-18,01,17,30,271771,0.54556,03,1250,0,0,Node 03: Network 3
13207,2025-07-18,01,17,31,269891,0.99812,01,250,0,0,Node 01: Network 3
13208,2025-07-18,01,17,31,728330,0.458439,02,750,0,0,Node 02: Network 3
13209,2025-07-18,01,17,32,274541,0.546211,03,1250,0,0,Node 03: Network 3
13210,2025-07-18,01,17,33,270560,0.996019,01,250,0,0,Node 01: Network 3
13211,2025-07-18,01,17,33,730003,0.459443,02,750,0,0,Node 02: Network 3
13212,2025-07-18,01,17,34,317158,0.587155,03,1250,0,0,Node 03: Network 3
13213,2025-07-18,01,17,35,271554,0.954396,01,250,0,0,Node 01: Network 3
13214,2025-07-18,01,17,35,732676,0.461122,02,750,0,0,Node 02: Network 3
13215,2025-07-18,01,17,36,319394,0.586718,03,1250,0,0,Node 03: Network 3
13216,2025-07-18,01,17,37,276569,0.957175,01,251,0,0,Node 01: Network 3
13217,2025-07-18,01,17,37,733241,0.456672,02,750,0,0,Node 02: Network 3
13218,2025-07-18,01,17,38,320970,0.587729,03,1250,0,0,Node 03: Network 3
13219,2025-07-18,01,17,39,277445,0.956475,01,250,0,0,Node 01: Network 3
13220,2025-07-18,01,17,39,866589,0.589144,02,750,0,0,Node 02: Network 3
13221,2025-07-18,01,17,40,322710,0.456121,03,1250,0,0,Node 03: Network 3
13222,2025-07-18,01,17,41,366605,1.043895,01,250,0,0,Node 01: Network 3
13223,2025-07-18,01,17,41,867931,0.501326,02,750,0,0,Node 02: Network 3
13224,2025-07-18,01,17,42,325491,0.45756,03,1250,0,0,Node 03: Network 3
13225,2025-07-18,01,17,43,367615,1.042124,01,250,0,0,Node 01: Network 3
13226,2025-07-18,01,17,43,911459,0.543844,02,750,0,0,Node 02: Network 3
13227,2025-07-18,01,17,44,326976,0.415517,03,1250,0,0,Node 03: Network 3
13228,2025-07-18,01,17,44,892410,0.565434,BB,0,1,0,
13229,2025-07-18,01,17,46,897373,2.004963,BB,0,1,0,
13230,2025-07-18,01,17,46,946096,0.048723,02,1849,0,1,
13231,2025-07-18,01,17,46,959990,0.013894,03,1893,0,1,
13232,2025-07-18,01,17,46,973534,0.013544,01,1765,0,1,
13233,2025-07-18,01,17,47,213334,0.2398,01,250,0,0,Node 01: Network 3
13234,2025-07-18,01,17,47,713791,0.500457,02,750,0,0,Node 02: Network 3
13235,2025-07-18,01,17,48,216712,0.502921,03,1250,0,0,Node 03: Network 3
13236,2025-07-18,01,17,49,213480,0.996768,01,250,0,0,Node 01: Network 3
13237,2025-07-18,01,17,49,716213,0.502733,02,750,0,0,Node 02: Network 3
13238,2025-07-18,01,17,50,218342,0.502129,03,1250,0,0,Node 03: Network 3
13239,2025-07-18,01,17,51,214180,0.995838,01,250,0,0,Node 01: Network 3
13240,2025-07-18,01,17,51,717991,0.503811,02,750,0,0,Node 02: Network 3
13241,2025-07-18,01,17,52,261340,0.543349,03,1250,0,0,Node 03: Network 3
13242,2025-07-18,01,17,53,215427,0.954087,01,250,0,0,Node 01: Network 3
13243,2025-07-18,01,17,53,759193,0.543766,02,750,0,0,Node 02: Network 3
13244,2025-07-18,01,17,54,263188,0.503995,03,1250,0,0,Node 03: Network 3
13245,2025-07-18,01,17,55,215490,0.952302,01,250,0,0,Node 01: Network 3
13246,2025-07-18,01,17,55,808381,0.592891,02,750,0,0,Node 02: Network 3
13247,2025-07-18,01,17,56,265963,0.457582,03,1250,0,0,Node 03: Network 3
13248,2025-07-18,01,17,57,217197,0.951234,01,250,0,0,Node 01: Network 3
13249,2025-07-18,01,17,57,810112,0.592915,02,750,0,0,Node 02: Network 3
13250,2025-07-18,01,17,58,265176,0.455064,03,1250,0,0,Node 03: Network 3
13251,2025-07-18,01,17,59,216919,0.951743,01,250,0,0,Node 01: Network 3
13252,2025-07-18,01,17,59,810183,0.593264,02,750,0,0,Node 02: Network 3
13253,2025-07-18,01,18,00,357566,0.547383,03,1250,0,0,Node 03: Network 3
13254,2025-07-18,01,18,01,217509,0.859943,01,250,0,0,Node 01: Network 3
13255,2025-07-18,01,18,01,811552,0.594043,02,750,0,0,Node 02: Network 3
13256,2025-07-18,01,18,02,357514,0.545962,03,1250,0,0,Node 03: Network 3
13257,2025-07-18,01,18,03,218908,0.861394,01,250,0,0,Node 01: Network 3
13258,2025-07-18,01,18,03,814116,0.595208,02,750,0,0,Node 02: Network 3
13259,2025-07-18,01,18,04,267297,0.453181,03,1251,0,0,Node 03: Network 3
13260,2025-07-18,01,18,05,219292,0.951995,01,250,0,0,Node 01: Network 3
13261,2025-07-18,01,18,05,816755,0.597463,02,750,0,0,Node 02: Network 3
13262,2025-07-18,01,18,06,267700,0.450945,03,1250,0,0,Node 03: Network 3
13263,2025-07-18,01,18,07,360483,1.092783,01,250,0,0,Node 01: Network 3
13264,2025-07-18,01,18,07,818045,0.457562,02,750,0,0,Node 02: Network 3
13265,2025-07-18,01,18,08,270931,0.452886,03,1250,0,0,Node 03: Network 3
13266,2025-07-18,01,18,09,362994,1.092063,01,250,0,0,Node 01: Network 3
13267,2025-07-18,01,18,09,820485,0.457491,02,750,0,0,Node 02: Network 3
13268,2025-07-18,01,18,10,411662,0.591177,03,1250,0,0,Node 03: Network 3
13269,2025-07-18,01,18,11,364774,0.953112,01,250,0,0,Node 01: Network 3
13270,2025-07-18,01,18,11,821208,0.456434,02,750,0,0,Node 02: Network 3
13271,2025-07-18,01,18,12,411844,0.590636,03,1250,0,0,Node 03: Network 3
13272,2025-07-18,01,18,13,365989,0.954145,01,250,0,0,Node 01: Network 3
13273,2025-07-18,01,18,13,955900,0.589911,02,750,0,0,Node 02: Network 3
13274,2025-07-18,01,18,14,414330,0.45843,03,1250,0,0,Node 03: Network 3
13275,2025-07-18,01,18,15,366227,0.951897,01,250,0,0,Node 01: Network 3
13276,2025-07-18,01,18,15,958301,0.592074,02,750,0,0,Node 02: Network 3
13277,2025-07-18,01,18,16,417042,0.458741,03,1250,0,0,Node 03: Network 3
13278,2025-07-18,01,18,17,365308,0.948266,01,250,0,0,Node 01: Network 3
13279,2025-07-18,01,18,17,959968,0.59466,02,750,0,0,Node 02: Network 3
13280,2025-07-18,01,18,18,418387,0.458419,03,1250,0,0,Node 03: Network 3
13281,2025-07-18,01,18,19,366833,0.948446,01,250,0,0,Node 01: Network 3
13282,2025-07-18,01,18,19,961753,0.59492,02,750,0,0,Node 02: Network 3
13283,2025-07-18,01,18,20,419870,0.458117,03,1250,0,0,Node 03: Network 3
13284,2025-07-18,01,18,21,368083,0.948213,01,250,0,0,Node 01: Network 3
13285,2025-07-18,01,18,21,963976,0.595893,02,751,0,0,Node 02: Network 3
13286,2025-07-18,01,18,22,422624,0.458648,03,1250,0,0,Node 03: Network 3
13287,2025-07-18,01,18,23,369143,0.946519,01,250,0,0,Node 01: Network 3
13288,2025-07-18,01,18,23,967385,0.598242,02,750,0,0,Node 02: Network 3
13289,2025-07-18,01,18,24,425943,0.458558,03,1250,0,0,Node 03: Network 3
13290,2025-07-18,01,18,25,370083,0.94414,01,250,0,0,Node 01: Network 3
13291,2025-07-18,01,18,25,968335,0.598252,02,750,0,0,Node 02: Network 3
13292,2025-07-18,01,18,26,426682,0.458347,03,1250,0,0,Node 03: Network 3
13293,2025-07-18,01,18,27,370089,0.943407,01,250,0,0,Node 01: Network 3
13294,2025-07-18,01,18,27,969865,0.599776,02,750,0,0,Node 02: Network 3
13295,2025-07-18,01,18,28,429717,0.459852,03,1250,0,0,Node 03: Network 3
13296,2025-07-18,01,18,29,370509,0.940792,01,250,0,0,Node 01: Network 3
13297,2025-07-18,01,18,29,971789,0.60128,02,750,0,0,Node 02: Network 3
13298,2025-07-18,01,18,30,431953,0.460164,03,1250,0,0,Node 03: Network 3
13299,2025-07-18,01,18,31,371133,0.93918,01,250,0,0,Node 01: Network 3
13300,2025-07-18,01,18,31,973831,0.602698,02,750,0,0,Node 02: Network 3
13301,2025-07-18,01,18,32,434066,0.460235,03,1250,0,0,Node 03: Network 3
13302,2025-07-18,01,18,33,372653,0.938587,01,250,0,0,Node 01: Network 3
13303,2025-07-18,01,18,33,976525,0.603872,02,750,0,0,Node 02: Network 3
13304,2025-07-18,01,18,34,436430,0.459905,03,1250,0,0,Node 03: Network 3
13305,2025-07-18,01,18,35,520587,1.084157,01,250,0,0,Node 01: Network 3
13306,2025-07-18,01,18,35,977223,0.456636,02,750,0,0,Node 02: Network 3
13307,2025-07-18,01,18,36,437432,0.460209,03,1250,0,0,Node 03: Network 3
13308,2025-07-18,01,18,37,006207,0.568775,BB,0,1,0,
13309,2025-07-18,01,18,37,089383,0.083176,03,1569,0,1,
13310,2025-07-18,01,18,39,011061,1.921678,BB,0,1,0,
13311,2025-07-18,01,18,39,048651,0.03759,03,1572,0,1,
13312,2025-07-18,01,18,39,062065,0.013414,02,1853,0,1,
13313,2025-07-18,01,18,39,113695,0.05163,01,1812,0,1,
13314,2025-07-18,01,18,40,330901,1.217206,03,1250,0,0,Node 03: Network 3
13315,2025-07-18,01,18,41,374551,1.04365,01,250,0,0,Node 01: Network 3
13316,2025-07-18,01,18,41,875210,0.500659,02,750,0,0,Node 02: Network 3
13317,2025-07-18,01,18,42,332822,0.457612,03,1250,0,0,Node 03: Network 3
13318,2025-07-18,01,18,43,375078,1.042256,01,250,0,0,Node 01: Network 3
13319,2025-07-18,01,18,43,877996,0.502918,02,750,0,0,Node 02: Network 3
13320,2025-07-18,01,18,44,421092,0.543096,03,1250,0,0,Node 03: Network 3
13321,2025-07-18,01,18,45,375485,0.954393,01,250,0,0,Node 01: Network 3
13322,2025-07-18,01,18,45,880474,0.504989,02,750,0,0,Node 02: Network 3
13323,2025-07-18,01,18,46,424217,0.543743,03,1251,0,0,Node 03: Network 3
13324,2025-07-18,01,18,47,376309,0.952092,01,250,0,0,Node 01: Network 3
13325,2025-07-18,01,18,47,881706,0.505397,02,750,0,0,Node 02: Network 3
13326,2025-07-18,01,18,48,426003,0.544297,03,1250,0,0,Node 03: Network 3
13327,2025-07-18,01,18,49,376800,0.950797,01,250,0,0,Node 01: Network 3
13328,2025-07-18,01,18,49,970390,0.59359,02,750,0,0,Node 02: Network 3
13329,2025-07-18,01,18,50,428022,0.457632,03,1250,0,0,Node 03: Network 3
13330,2025-07-18,01,18,51,378426,0.950404,01,250,0,0,Node 01: Network 3
13331,2025-07-18,01,18,51,972270,0.593844,02,750,0,0,Node 02: Network 3
13332,2025-07-18,01,18,52,430441,0.458171,03,1250,0,0,Node 03: Network 3
13333,2025-07-18,01,18,53,378147,0.947706,01,250,0,0,Node 01: Network 3
13334,2025-07-18,01,18,53,922334,0.544187,02,750,0,0,Node 02: Network 3
13335,2025-07-18,01,18,54,432440,0.510106,03,1250,0,0,Node 03: Network 3
13336,2025-07-18,01,18,55,379551,0.947111,01,250,0,0,Node 01: Network 3
13337,2025-07-18,01,18,55,923409,0.543858,02,750,0,0,Node 02: Network 3
13338,2025-07-18,01,18,56,434646,0.511237,03,1250,0,0,Node 03: Network 3
13339,2025-07-18,01,18,57,380342,0.945696,01,250,0,0,Node 01: Network 3
13340,2025-07-18,01,18,57,925852,0.54551,02,750,0,0,Node 02: Network 3
13341,2025-07-18,01,18,58,436185,0.510333,03,1250,0,0,Node 03: Network 3
13342,2025-07-18,01,18,59,380123,0.943938,01,250,0,0,Node 01: Network 3
13343,2025-07-18,01,18,59,928426,0.548303,02,750,0,0,Node 02: Network 3
13344,2025-07-18,01,19,00,439350,0.510924,03,1250,0,0,Node 03: Network 3
13345,2025-07-18,01,19,01,382263,0.942913,01,250,0,0,Node 01: Network 3
13346,2025-07-18,01,19,01,931008,0.548745,02,750,0,0,Node 02: Network 3
13347,2025-07-18,01,19,02,429662,0.498654,03,1250,0,0,Node 03: Network 3
13348,2025-07-18,01,19,03,382630,0.952968,01,250,0,0,Node 01: Network 3
13349,2025-07-18,01,19,03,932457,0.549827,02,750,0,0,Node 02: Network 3
13350,2025-07-18,01,19,04,431260,0.498803,03,1250,0,0,Node 03: Network 3
13351,2025-07-18,01,19,05,381967,0.950707,01,250,0,0,Node 01: Network 3
13352,2025-07-18,01,19,05,934871,0.552904,02,750,0,0,Node 02: Network 3
13353,2025-07-18,01,19,06,212231,0.27736,BB,0,1,0,
13354,2025-07-18,01,19,06,278813,0.066582,BB,0,1,0,01:328:0:1
13355,2025-07-18,01,19,06,322976,0.044163,02,1875,0,1,280:0:1
13356,2025-07-18,01,19,06,364353,0.041377,02,750,0,0,Node 02: Network 3
13357,2025-07-18,01,19,06,378189,0.013836,02,1167,0,1,
13358,2025-07-18,01,19,06,395233,0.017044,03,1170,0,1,
13359,2025-07-18,01,19,06,408666,0.013433,01,1217,0,1,
13360,2025-07-18,01,19,06,462305,0.053639,03,1250,0,0,Node 03: Network 3
13361,2025-07-18,01,19,06,681719,0.219414,02,750,0,0,Node 02: Network 3
13362,2025-07-18,01,19,06,758276,0.076557,03,1250,0,0,Node 03: Network 3
13363,2025-07-18,01,19,06,789729,0.031453,01,250,0,0,Node 01: Network 3
13364,2025-07-18,01,19,06,823797,0.034068,01,250,0,0,Node 01: Network 3
13365,2025-07-18,01,19,06,888687,0.06489,02,750,0,0,Node 02: Network 3
13366,2025-07-18,01,19,07,002938,0.114251,01,250,0,0,Node 01: Network 3
13367,2025-07-18,01,19,07,073566,0.070628,02,750,0,0,Node 02: Network 3
13368,2025-07-18,01,19,07,109712,0.036146,03,1250,0,0,Node 03: Network 3
13369,2025-07-18,01,19,07,148253,0.038541,03,1250,0,0,Node 03: Network 3
13370,2025-07-18,01,19,07,234320,0.086067,02,750,0,0,Node 02: Network 3
13371,2025-07-18,01,19,07,290973,0.056653,BB,0,1,0,
13372,2025-07-18,01,19,09,077915,1.786942,BB,0,1,0,
13373,2025-07-18,01,19,09,117299,0.039384,02,816,0,1,
13374,2025-07-18,01,19,09,160524,0.043225,01,818,0,1,
13375,2025-07-18,01,19,09,202679,0.042155,03,816,0,1,
13376,2025-07-18,01,19,09,393011,0.190332,01,250,0,0,Node 01: Network 3
13377,2025-07-18,01,19,09,937359,0.544348,02,750,0,0,Node 02: Network 3
13378,2025-07-18,01,19,10,396837,0.459478,03,1250,0,0,Node 03: Network 3
13379,2025-07-18,01,19,11,393894,0.997057,01,250,0,0,Node 01: Network 3
13380,2025-07-18,01,19,11,938923,0.545029,02,750,0,0,Node 02: Network 3
13381,2025-07-18,01,19,12,399158,0.460235,03,1250,0,0,Node 03: Network 3
13382,2025-07-18,01,19,13,415340,1.016182,01,250,0,0,Node 01: Network 3
13383,2025-07-18,01,19,13,997108,0.581768,02,751,0,0,Node 02: Network 3
13384,2025-07-18,01,19,14,443176,0.446068,03,1250,0,0,Node 03: Network 3
13385,2025-07-18,01,19,15,396429,0.953253,01,250,0,0,Node 01: Network 3
13386,2025-07-18,01,19,15,944074,0.547645,02,750,0,0,Node 02: Network 3
13387,2025-07-18,01,19,16,444673,0.500599,03,1250,0,0,Node 03: Network 3
13388,2025-07-18,01,19,17,396816,0.952143,01,250,0,0,Node 01: Network 3
13389,2025-07-18,01,19,17,945529,0.548713,02,750,0,0,Node 02: Network 3
13390,2025-07-18,01,19,18,446937,0.501408,03,1250,0,0,Node 03: Network 3
13391,2025-07-18,01,19,19,490121,1.043184,01,250,0,0,Node 01: Network 3
13392,2025-07-18,01,19,19,947308,0.457187,02,750,0,0,Node 02: Network 3
13393,2025-07-18,01,19,20,448910,0.501602,03,1250,0,0,Node 03: Network 3
13394,2025-07-18,01,19,21,491901,1.042991,01,250,0,0,Node 01: Network 3
13395,2025-07-18,01,19,21,949588,0.457687,02,750,0,0,Node 02: Network 3
13396,2025-07-18,01,19,22,540191,0.590603,03,1250,0,0,Node 03: Network 3
13397,2025-07-18,01,19,23,492913,0.952722,01,250,0,0,Node 01: Network 3
13398,2025-07-18,01,19,23,952126,0.459213,02,750,0,0,Node 02: Network 3
13399,2025-07-18,01,19,24,542322,0.590196,03,1250,0,0,Node 03: Network 3
13400,2025-07-18,01,19,25,496349,0.954027,01,250,0,0,Node 01: Network 3
13401,2025-07-18,01,19,25,953480,0.457131,02,750,0,0,Node 02: Network 3
13402,2025-07-18,01,19,26,543892,0.590412,03,1250,0,0,Node 03: Network 3
13403,2025-07-18,01,19,27,497646,0.953754,01,250,0,0,Node 01: Network 3
13404,2025-07-18,01,19,27,955613,0.457967,02,750,0,0,Node 02: Network 3
13405,2025-07-18,01,19,28,546715,0.591102,03,1250,0,0,Node 03: Network 3
13406,2025-07-18,01,19,29,497403,0.950688,01,250,0,0,Node 01: Network 3
13407,2025-07-18,01,19,29,958025,0.460622,02,751,0,0,Node 02: Network 3
13408,2025-07-18,01,19,30,544614,0.586589,03,1250,0,0,Node 03: Network 3
13409,2025-07-18,01,19,31,498008,0.953394,01,250,0,0,Node 01: Network 3
13410,2025-07-18,01,19,31,959626,0.461618,02,750,0,0,Node 02: Network 3
13411,2025-07-18,01,19,32,506036,0.54641,03,1250,0,0,Node 03: Network 3
13412,2025-07-18,01,19,33,503627,0.997591,01,250,0,0,Node 01: Network 3
13413,2025-07-18,01,19,33,961668,0.458041,02,750,0,0,Node 02: Network 3
13414,2025-07-18,01,19,34,509321,0.547653,03,1250,0,0,Node 03: Network 3
13415,2025-07-18,01,19,35,505456,0.996135,01,251,0,0,Node 01: Network 3
13416,2025-07-18,01,19,35,963814,0.458358,02,750,0,0,Node 02: Network 3
13417,2025-07-18,01,19,36,551813,0.587999,03,1250,0,0,Node 03: Network 3
13418,2025-07-18,01,19,37,595323,1.04351,01,250,0,0,Node 01: Network 3
13419,2025-07-18,01,19,38,096566,0.501243,02,750,0,0,Node 02: Network 3
13420,2025-07-18,01,19,38,643735,0.547169,03,1250,0,0,Node 03: Network 3
13421,2025-07-18,01,19,39,640737,0.997002,01,250,0,0,Node 01: Network 3
13422,2025-07-18,01,19,40,097816,0.457079,02,750,0,0,Node 02: Network 3
13423,2025-07-18,01,19,40,689134,0.591318,03,1250,0,0,Node 03: Network 3
13424,2025-07-18,01,19,41,147421,0.458287,BB,0,1,0,
13425,2025-07-18,01,19,43,151524,2.004103,BB,0,1,0,
13426,2025-07-18,01,19,43,221469,0.069945,02,1873,0,1,
13427,2025-07-18,01,19,43,235000,0.013531,01,1832,0,1,
13428,2025-07-18,01,19,43,283264,0.048264,03,1785,0,1,
13429,2025-07-18,01,19,43,466925,0.183661,01,250,0,0,Node 01: Network 3
13430,2025-07-18,01,19,43,968464,0.501539,02,750,0,0,Node 02: Network 3
13431,2025-07-18,01,19,44,513432,0.544968,03,1250,0,0,Node 03: Network 3
13432,2025-07-18,01,19,45,467764,0.954332,01,250,0,0,Node 01: Network 3
13433,2025-07-18,01,19,45,971712,0.503948,02,750,0,0,Node 02: Network 3
13434,2025-07-18,01,19,46,516101,0.544389,03,1250,0,0,Node 03: Network 3
13435,2025-07-18,01,19,47,467649,0.951548,01,250,0,0,Node 01: Network 3
13436,2025-07-18,01,19,47,972270,0.504621,02,750,0,0,Node 02: Network 3
13437,2025-07-18,01,19,48,533432,0.561162,03,1250,0,0,Node 03: Network 3
13438,2025-07-18,01,19,48,600979,0.067547,02,1349,0,1,
13439,2025-07-18,01,19,49,164199,0.56322,BB,0,1,0,
13440,2025-07-18,01,19,49,207512,0.043313,01,18,0,1,
13441,2025-07-18,01,19,49,480156,0.272644,01,250,0,0,Node 01: Network 3
13442,2025-07-18,01,19,50,528342,1.048186,03,1250,0,0,Node 03: Network 3
13443,2025-07-18,01,19,51,480291,0.951949,01,250,0,0,Node 01: Network 3
13444,2025-07-18,01,19,52,025357,0.545066,02,750,0,0,Node 02: Network 3
13445,2025-07-18,01,19,52,529518,0.504161,03,1250,0,0,Node 03: Network 3
13446,2025-07-18,01,19,53,480526,0.951008,01,250,0,0,Node 01: Network 3
13447,2025-07-18,01,19,54,026592,0.546066,02,750,0,0,Node 02: Network 3
13448,2025-07-18,01,19,54,531168,0.504576,03,1250,0,0,Node 03: Network 3
13449,2025-07-18,01,19,55,480663,0.949495,01,250,0,0,Node 01: Network 3
13450,2025-07-18,01,19,56,028396,0.547733,02,750,0,0,Node 02: Network 3
13451,2025-07-18,01,19,56,533038,0.504642,03,1250,0,0,Node 03: Network 3
13452,2025-07-18,01,19,57,482461,0.949423,01,250,0,0,Node 01: Network 3
13453,2025-07-18,01,19,58,029703,0.547242,02,750,0,0,Node 02: Network 3
13454,2025-07-18,01,19,58,534444,0.504741,03,1250,0,0,Node 03: Network 3
13455,2025-07-18,01,19,59,574383,1.039939,01,250,0,0,Node 01: Network 3
13456,2025-07-18,01,20,00,031491,0.457108,02,750,0,0,Node 02: Network 3
13457,2025-07-18,01,20,00,620850,0.589359,03,1250,0,0,Node 03: Network 3
13458,2025-07-18,01,20,01,575389,0.954539,01,250,0,0,Node 01: Network 3
13459,2025-07-18,01,20,02,034142,0.458753,02,750,0,0,Node 02: Network 3
13460,2025-07-18,01,20,02,623500,0.589358,03,1251,0,0,Node 03: Network 3
13461,2025-07-18,01,20,03,575511,0.952011,01,250,0,0,Node 01: Network 3
13462,2025-07-18,01,20,04,036564,0.461053,02,750,0,0,Node 02: Network 3
13463,2025-07-18,01,20,04,626502,0.589938,03,1250,0,0,Node 03: Network 3
13464,2025-07-18,01,20,05,576320,0.949818,01,250,0,0,Node 01: Network 3
13465,2025-07-18,01,20,06,039158,0.462838,02,750,0,0,Node 02: Network 3
13466,2025-07-18,01,20,06,628448,0.58929,03,1250,0,0,Node 03: Network 3
13467,2025-07-18,01,20,07,577344,0.948896,01,250,0,0,Node 01: Network 3
13468,2025-07-18,01,20,08,040428,0.463084,02,750,0,0,Node 02: Network 3
13469,2025-07-18,01,20,08,629427,0.588999,03,1250,0,0,Node 03: Network 3
13470,2025-07-18,01,20,09,577959,0.948532,01,250,0,0,Node 01: Network 3
13471,2025-07-18,01,20,10,042495,0.464536,02,750,0,0,Node 02: Network 3
13472,2025-07-18,01,20,10,631770,0.589275,03,1250,0,0,Node 03: Network 3
13473,2025-07-18,01,20,11,578002,0.946232,01,250,0,0,Node 01: Network 3
13474,2025-07-18,01,20,12,045130,0.467128,02,750,0,0,Node 02: Network 3
13475,2025-07-18,01,20,12,634293,0.589163,03,1250,0,0,Node 03: Network 3
13476,2025-07-18,01,20,13,578740,0.944447,01,250,0,0,Node 01: Network 3
13477,2025-07-18,01,20,14,045574,0.466834,02,750,0,0,Node 02: Network 3
13478,2025-07-18,01,20,14,636026,0.590452,03,1250,0,0,Node 03: Network 3
13479,2025-07-18,01,20,15,580933,0.944907,01,250,0,0,Node 01: Network 3
13480,2025-07-18,01,20,16,048112,0.467179,02,750,0,0,Node 02: Network 3
13481,2025-07-18,01,20,16,637790,0.589678,03,1250,0,0,Node 03: Network 3
13482,2025-07-18,01,20,17,581614,0.943824,01,250,0,0,Node 01: Network 3
13483,2025-07-18,01,20,18,050096,0.468482,02,750,0,0,Node 02: Network 3
13484,2025-07-18,01,20,18,640727,0.590631,03,1251,0,0,Node 03: Network 3
13485,2025-07-18,01,20,19,581868,0.941141,01,250,0,0,Node 01: Network 3
13486,2025-07-18,01,20,20,183512,0.601644,02,751,0,0,Node 02: Network 3
13487,2025-07-18,01,20,20,642758,0.459246,03,1250,0,0,Node 03: Network 3
13488,2025-07-18,01,20,21,581412,0.938654,01,250,0,0,Node 01: Network 3
13489,2025-07-18,01,20,22,185718,0.604306,02,750,0,0,Node 02: Network 3
13490,2025-07-18,01,20,22,645307,0.459589,03,1250,0,0,Node 03: Network 3
13491,2025-07-18,01,20,23,729575,1.084268,01,250,0,0,Node 01: Network 3
13492,2025-07-18,01,20,24,190209,0.460634,02,750,0,0,Node 02: Network 3
13493,2025-07-18,01,20,24,647448,0.457239,03,1250,0,0,Node 03: Network 3
13494,2025-07-18,01,20,25,731071,1.083623,01,250,0,0,Node 01: Network 3
13495,2025-07-18,01,20,26,191919,0.460848,02,750,0,0,Node 02: Network 3
13496,2025-07-18,01,20,26,649995,0.458076,03,1250,0,0,Node 03: Network 3
13497,2025-07-18,01,20,27,731679,1.081684,01,250,0,0,Node 01: Network 3
13498,2025-07-18,01,20,28,194170,0.462491,02,750,0,0,Node 02: Network 3
13499,2025-07-18,01,20,28,777408,0.583238,03,1250,0,0,Node 03: Network 3
13500,2025-07-18,01,20,29,251605,0.474197,BB,0,1,0,
13501,2025-07-18,01,20,31,256809,2.005204,BB,0,1,0,
13502,2025-07-18,01,20,31,297401,0.040592,02,1882,0,1,
13503,2025-07-18,01,20,31,331976,0.034575,01,1846,0,1,
13504,2025-07-18,01,20,31,345489,0.013513,03,1801,0,1,
13505,2025-07-18,01,20,31,571981,0.226492,01,250,0,0,Node 01: Network 3
13506,2025-07-18,01,20,32,072077,0.500096,02,750,0,0,Node 02: Network 3
13507,2025-07-18,01,20,32,575262,0.503185,03,1250,0,0,Node 03: Network 3
13508,2025-07-18,01,20,33,572230,0.996968,01,250,0,0,Node 01: Network 3
13509,2025-07-18,01,20,34,074612,0.502382,02,750,0,0,Node 02: Network 3
13510,2025-07-18,01,20,34,577502,0.50289,03,1250,0,0,Node 03: Network 3
13511,2025-07-18,01,20,35,572620,0.995118,01,250,0,0,Node 01: Network 3
13512,2025-07-18,01,20,36,120398,0.547778,02,750,0,0,Node 02: Network 3
13513,2025-07-18,01,20,36,620847,0.500449,03,1250,0,0,Node 03: Network 3
13514,2025-07-18,01,20,37,574050,0.953203,01,250,0,0,Node 01: Network 3
13515,2025-07-18,01,20,38,165303,0.591253,02,751,0,0,Node 02: Network 3
13516,2025-07-18,01,20,38,622140,0.456837,03,1250,0,0,Node 03: Network 3
13517,2025-07-18,01,20,39,574820,0.95268,01,250,0,0,Node 01: Network 3
13518,2025-07-18,01,20,40,167364,0.592544,02,750,0,0,Node 02: Network 3
13519,2025-07-18,01,20,40,624134,0.45677,03,1250,0,0,Node 03: Network 3
13520,2025-07-18,01,20,41,575061,0.950927,01,250,0,0,Node 01: Network 3
13521,2025-07-18,01,20,42,169207,0.594146,02,750,0,0,Node 02: Network 3
13522,2025-07-18,01,20,42,626113,0.456906,03,1250,0,0,Node 03: Network 3
13523,2025-07-18,01,20,43,575635,0.949522,01,250,0,0,Node 01: Network 3
13524,2025-07-18,01,20,44,170822,0.595187,02,750,0,0,Node 02: Network 3
13525,2025-07-18,01,20,44,627932,0.45711,03,1250,0,0,Node 03: Network 3
13526,2025-07-18,01,20,45,576683,0.948751,01,250,0,0,Node 01: Network 3
13527,2025-07-18,01,20,46,173313,0.59663,02,750,0,0,Node 02: Network 3
13528,2025-07-18,01,20,46,629749,0.456436,03,1250,0,0,Node 03: Network 3
13529,2025-07-18,01,20,47,718487,1.088738,01,250,0,0,Node 01: Network 3
13530,2025-07-18,01,20,48,174020,0.455533,02,750,0,0,Node 02: Network 3
13531,2025-07-18,01,20,48,632097,0.458077,03,1250,0,0,Node 03: Network 3
13532,2025-07-18,01,20,49,718330,1.086233,01,250,0,0,Node 01: Network 3
13533,2025-07-18,01,20,50,176262,0.457932,02,750,0,0,Node 02: Network 3
13534,2025-07-18,01,20,50,634265,0.458003,03,1250,0,0,Node 03: Network 3
13535,2025-07-18,01,20,51,719345,1.08508,01,250,0,0,Node 01: Network 3
13536,2025-07-18,01,20,52,178672,0.459327,02,750,0,0,Node 02: Network 3
13537,2025-07-18,01,20,52,637779,0.459107,03,1250,0,0,Node 03: Network 3
13538,2025-07-18,01,20,53,722867,1.085088,01,250,0,0,Node 01: Network 3
13539,2025-07-18,01,20,54,181312,0.458445,02,751,0,0,Node 02: Network 3
13540,2025-07-18,01,20,54,770048,0.588736,03,1250,0,0,Node 03: Network 3
13541,2025-07-18,01,20,55,723597,0.953549,01,250,0,0,Node 01: Network 3
13542,2025-07-18,01,20,56,182736,0.459139,02,750,0,0,Node 02: Network 3
13543,2025-07-18,01,20,56,771290,0.588554,03,1250,0,0,Node 03: Network 3
13544,2025-07-18,01,20,57,724061,0.952771,01,250,0,0,Node 01: Network 3
13545,2025-07-18,01,20,58,184976,0.460915,02,750,0,0,Node 02: Network 3
13546,2025-07-18,01,20,58,773523,0.588547,03,1250,0,0,Node 03: Network 3
13547,2025-07-18,01,20,59,728695,0.955172,01,250,0,0,Node 01: Network 3
13548,2025-07-18,01,21,00,187596,0.458901,02,750,0,0,Node 02: Network 3
13549,2025-07-18,01,21,00,777346,0.58975,03,1250,0,0,Node 03: Network 3
13550,2025-07-18,01,21,01,729746,0.9524,01,250,0,0,Node 01: Network 3
13551,2025-07-18,01,21,02,189082,0.459336,02,750,0,0,Node 02: Network 3
13552,2025-07-18,01,21,02,778440,0.589358,03,1250,0,0,Node 03: Network 3
13553,2025-07-18,01,21,03,730580,0.95214,01,250,0,0,Node 01: Network 3
13554,2025-07-18,01,21,04,191069,0.460489,02,750,0,0,Node 02: Network 3
13555,2025-07-18,01,21,04,781338,0.590269,03,1250,0,0,Node 03: Network 3
13556,2025-07-18,01,21,05,735450,0.954112,01,251,0,0,Node 01: Network 3
13557,2025-07-18,01,21,06,192806,0.457356,02,750,0,0,Node 02: Network 3
13558,2025-07-18,01,21,06,783427,0.590621,03,1250,0,0,Node 03: Network 3
13559,2025-07-18,01,21,07,736279,0.952852,01,250,0,0,Node 01: Network 3
13560,2025-07-18,01,21,08,327757,0.591478,02,750,0,0,Node 02: Network 3
13561,2025-07-18,01,21,08,783869,0.456112,03,1250,0,0,Node 03: Network 3
13562,2025-07-18,01,21,09,873156,1.089287,01,250,0,0,Node 01: Network 3
13563,2025-07-18,01,21,10,329187,0.456031,02,750,0,0,Node 02: Network 3
13564,2025-07-18,01,21,10,785575,0.456388,03,1250,0,0,Node 03: Network 3
13565,2025-07-18,01,21,11,343937,0.558362,BB,0,1,0,
13566,2025-07-18,01,21,13,348377,2.00444,BB,0,1,0,
13567,2025-07-18,01,21,13,405588,0.057211,02,1838,0,1,
13568,2025-07-18,01,21,13,422463,0.016875,01,1798,0,1,
13569,2025-07-18,01,21,13,450278,0.027815,03,1885,0,1,
13570,2025-07-18,01,21,13,597505,0.147227,BB,0,1,0,
13571,2025-07-18,01,21,13,656188,0.058683,BB,0,1,0,816:0:1
13572,2025-07-18,01,21,13,718195,0.062007,01,818,0,1,03:816:0:1
13573,2025-07-18,01,21,13,730431,0.012236,01,316,0,1,
13574,2025-07-18,01,21,13,742909,0.012478,02,315,0,1,
13575,2025-07-18,01,21,13,803126,0.060217,01,250,0,0,Node 01: Network 3
13576,2025-07-18,01,21,13,838202,0.035076,03,314,0,1,
13577,2025-07-18,01,21,13,899732,0.06153,001,250,0,0,Node 01: Network 3
13578,2025-07-18,01,21,13,943210,0.043478,02,750,0,0,Node 02: Network 3
13579,2025-07-18,01,21,14,105531,0.162321,01,250,0,0,Node 01: Network 3
13580,2025-07-18,01,21,14,168120,0.062589,02,750,0,0,Node 02: Network 3
13581,2025-07-18,01,21,14,267288,0.099168,01,250,0,0,Node 01: Network 3
13582,2025-07-18,01,21,14,350832,0.083544,02,750,0,0,Node 02: Network 3
13583,2025-07-18,01,21,14,417115,0.066283,03,1250,0,0,Node 03: Network 3
13584,2025-07-18,01,21,14,450545,0.03343,01,250,0,0,Node 01: Network 3
13585,2025-07-18,01,21,14,530755,0.08021,02,750,0,0,Node 02: Network 3
13586,2025-07-18,01,21,14,565447,0.034692,03,1250,0,0,Node 03: Network 3
13587,2025-07-18,01,21,14,599387,0.03394,02,750,0,0,Node 02: Network 3
13588,2025-07-18,01,21,14,719206,0.119819,01,250,0,0,Node 01: Network 3
13589,2025-07-18,01,21,14,967078,0.247872,03,1250,0,0,Node 03: Network 3
13590,2025-07-18,01,21,15,354389,0.387311,BB,0,1,0,
13591,2025-07-18,01,21,15,407321,0.052932,03,1745,0,1,
13592,2025-07-18,01,21,16,672692,1.265371,03,1250,0,0,Node 03: Network 3
13593,2025-07-18,01,21,17,716972,1.04428,01,250,0,0,Node 01: Network 3
13594,2025-07-18,01,21,18,218086,0.501114,02,750,0,0,Node 02: Network 3
13595,2025-07-18,01,21,18,675018,0.456932,03,1250,0,0,Node 03: Network 3
13596,2025-07-18,01,21,19,718339,1.043321,01,250,0,0,Node 01: Network 3
13597,2025-07-18,01,21,20,220120,0.501781,02,750,0,0,Node 02: Network 3
13598,2025-07-18,01,21,20,677743,0.457623,03,1250,0,0,Node 03: Network 3
13599,2025-07-18,01,21,21,719426,1.041683,01,250,0,0,Node 01: Network 3
13600,2025-07-18,01,21,22,221693,0.502267,02,750,0,0,Node 02: Network 3
13601,2025-07-18,01,21,22,679772,0.458079,03,1250,0,0,Node 03: Network 3
13602,2025-07-18,01,21,23,718379,1.038607,01,250,0,0,Node 01: Network 3
13603,2025-07-18,01,21,24,262944,0.544565,02,750,0,0,Node 02: Network 3
13604,2025-07-18,01,21,24,807535,0.544591,03,1250,0,0,Node 03: Network 3
13605,2025-07-18,01,21,25,720146,0.912611,01,250,0,0,Node 01: Network 3
13606,2025-07-18,01,21,26,265085,0.544939,02,750,0,0,Node 02: Network 3
13607,2025-07-18,01,21,26,810313,0.545228,03,1250,0,0,Node 03: Network 3
13608,2025-07-18,01,21,27,720813,0.9105,01,250,0,0,Node 01: Network 3
13609,2025-07-18,01,21,28,266196,0.545383,02,750,0,0,Node 02: Network 3
13610,2025-07-18,01,21,28,814297,0.548101,03,1250,0,0,Node 03: Network 3
13611,2025-07-18,01,21,29,722151,0.907854,01,251,0,0,Node 01: Network 3
13612,2025-07-18,01,21,30,269565,0.547414,02,750,0,0,Node 02: Network 3
13613,2025-07-18,01,21,30,815759,0.546194,03,1250,0,0,Node 03: Network 3
13614,2025-07-18,01,21,31,813848,0.998089,01,251,0,0,Node 01: Network 3
13615,2025-07-18,01,21,32,271135,0.457287,02,750,0,0,Node 02: Network 3
13616,2025-07-18,01,21,32,817478,0.546343,03,1250,0,0,Node 03: Network 3
13617,2025-07-18,01,21,33,816211,0.998733,01,250,0,0,Node 01: Network 3
13618,2025-07-18,01,21,34,272552,0.456341,02,750,0,0,Node 02: Network 3
13619,2025-07-18,01,21,34,820471,0.547919,03,1250,0,0,Node 03: Network 3
13620,2025-07-18,01,21,35,817435,0.996964,01,250,0,0,Node 01: Network 3
13621,2025-07-18,01,21,36,275145,0.45771,02,750,0,0,Node 02: Network 3
13622,2025-07-18,01,21,36,864163,0.589018,03,1250,0,0,Node 03: Network 3
13623,2025-07-18,01,21,37,817617,0.953454,01,250,0,0,Node 01: Network 3
13624,2025-07-18,01,21,38,277198,0.459581,02,750,0,0,Node 02: Network 3
13625,2025-07-18,01,21,38,866486,0.589288,03,1250,0,0,Node 03: Network 3
13626,2025-07-18,01,21,39,831090,0.964604,01,250,0,0,Node 01: Network 3
13627,2025-07-18,01,21,40,410665,0.579575,02,750,0,0,Node 02: Network 3
13628,2025-07-18,01,21,40,867909,0.457244,03,1250,0,0,Node 03: Network 3
13629,2025-07-18,01,21,41,409732,0.541823,BB,0,1,0,
13630,2025-07-18,01,21,43,414079,2.004347,BB,0,1,0,
13631,2025-07-18,01,21,43,479284,0.065205,02,1822,0,1,
13632,2025-07-18,01,21,43,500810,0.021526,03,1868,0,1,
13633,2025-07-18,01,21,43,519911,0.019101,01,1917,0,1,
13634,2025-07-18,01,21,43,728951,0.20904,01,250,0,0,Node 01: Network 3
13635,2025-07-18,01,21,44,229637,0.500686,02,750,0,0,Node 02: Network 3
13636,2025-07-18,01,21,44,733701,0.504064,03,1250,0,0,Node 03: Network 3
13637,2025-07-18,01,21,45,730143,0.996442,01,250,0,0,Node 01: Network 3
13638,2025-07-18,01,21,46,232849,0.502706,02,750,0,0,Node 02: Network 3
13639,2025-07-18,01,21,46,735216,0.502367,03,1250,0,0,Node 03: Network 3
13640,2025-07-18,01,21,47,730898,0.995682,01,250,0,0,Node 01: Network 3
13641,2025-07-18,01,21,48,234303,0.503405,02,750,0,0,Node 02: Network 3
13642,2025-07-18,01,21,48,777835,0.543532,03,1250,0,0,Node 03: Network 3
13643,2025-07-18,01,21,49,731646,0.953811,01,250,0,0,Node 01: Network 3
13644,2025-07-18,01,21,50,322652,0.591006,02,750,0,0,Node 02: Network 3
13645,2025-07-18,01,21,50,779756,0.457104,03,1250,0,0,Node 03: Network 3
13646,2025-07-18,01,21,51,732668,0.952912,01,250,0,0,Node 01: Network 3
13647,2025-07-18,01,21,52,781263,1.048595,03,1250,0,0,Node 03: Network 3
13648,2025-07-18,01,21,53,733181,0.951918,01,250,0,0,Node 01: Network 3
13649,2025-07-18,01,21,54,277224,0.544043,02,750,0,0,Node 02: Network 3
13650,2025-07-18,01,21,54,784865,0.507641,03,1250,0,0,Node 03: Network 3
13651,2025-07-18,01,21,55,733686,0.948821,01,250,0,0,Node 01: Network 3
13652,2025-07-18,01,21,56,328884,0.595198,02,750,0,0,Node 02: Network 3
13653,2025-07-18,01,21,56,786756,0.457872,03,1250,0,0,Node 03: Network 3
13654,2025-07-18,01,21,57,734375,0.947619,01,250,0,0,Node 01: Network 3
13655,2025-07-18,01,21,58,329872,0.595497,02,750,0,0,Node 02: Network 3
13656,2025-07-18,01,21,58,788554,0.458682,03,1250,0,0,Node 03: Network 3
13657,2025-07-18,01,21,59,735155,0.946601,01,250,0,0,Node 01: Network 3
13658,2025-07-18,01,22,00,333389,0.598234,02,750,0,0,Node 02: Network 3
13659,2025-07-18,01,22,00,790665,0.457276,03,1250,0,0,Node 03: Network 3
13660,2025-07-18,01,22,01,878004,1.087339,01,250,0,0,Node 01: Network 3
13661,2025-07-18,01,22,02,335142,0.457138,02,750,0,0,Node 02: Network 3
13662,2025-07-18,01,22,02,925611,0.590469,03,1250,0,0,Node 03: Network 3
13663,2025-07-18,01,22,03,879306,0.953695,01,250,0,0,Node 01: Network 3
13664,2025-07-18,01,22,04,337612,0.458306,02,750,0,0,Node 02: Network 3
13665,2025-07-18,01,22,04,927523,0.589911,03,1250,0,0,Node 03: Network 3
13666,2025-07-18,01,22,05,879819,0.952296,01,250,0,0,Node 01: Network 3
13667,2025-07-18,01,22,06,338579,0.45876,02,750,0,0,Node 02: Network 3
13668,2025-07-18,01,22,06,928594,0.590015,03,1250,0,0,Node 03: Network 3
13669,2025-07-18,01,22,07,879689,0.951095,01,250,0,0,Node 01: Network 3
13670,2025-07-18,01,22,08,340673,0.460984,02,750,0,0,Node 02: Network 3
13671,2025-07-18,01,22,08,931274,0.590601,03,1250,0,0,Node 03: Network 3
13672,2025-07-18,01,22,09,881652,0.950378,01,250,0,0,Node 01: Network 3
13673,2025-07-18,01,22,10,343021,0.461369,02,750,0,0,Node 02: Network 3
13674,2025-07-18,01,22,10,933531,0.59051,03,1250,0,0,Node 03: Network 3
13675,2025-07-18,01,22,11,882326,0.948795,01,250,0,0,Node 01: Network 3
13676,2025-07-18,01,22,12,426815,0.544489,02,750,0,0,Node 02: Network 3
13677,2025-07-18,01,22,12,934924,0.508109,03,1250,0,0,Node 03: Network 3
13678,2025-07-18,01,22,13,883951,0.949027,01,250,0,0,Node 01: Network 3
13679,2025-07-18,01,22,14,480191,0.59624,02,750,0,0,Node 02: Network 3
13680,2025-07-18,01,22,14,938499,0.458308,03,1250,0,0,Node 03: Network 3
13681,2025-07-18,01,22,15,883578,0.945079,01,250,0,0,Node 01: Network 3
13682,2025-07-18,01,22,16,482803,0.599225,02,751,0,0,Node 02: Network 3
13683,2025-07-18,01,22,16,941186,0.458383,03,1250,0,0,Node 03: Network 3
13684,2025-07-18,01,22,18,026428,1.085242,01,250,0,0,Node 01: Network 3
13685,2025-07-18,01,22,18,483953,0.457525,02,750,0,0,Node 02: Network 3
13686,2025-07-18,01,22,19,074464,0.590511,03,1250,0,0,Node 03: Network 3
13687,2025-07-18,01,22,19,493276,0.418812,BB,0,1,0,
13688,2025-07-18,01,22,19,553802,0.060526,03,1815,0,1,
13689,2025-07-18,01,22,20,812122,1.25832,03,1250,0,0,Node 03: Network 3
13690,2025-07-18,01,22,22,357254,1.545132,02,750,0,0,Node 02: Network 3
13691,2025-07-18,01,22,22,814264,0.45701,03,1250,0,0,Node 03: Network 3
13692,2025-07-18,01,22,23,901531,1.087267,01,250,0,0,Node 01: Network 3
13693,2025-07-18,01,22,24,353599,0.452068,02,750,0,0,Node 02: Network 3
13694,2025-07-18,01,22,24,816559,0.46296,03,1250,0,0,Node 03: Network 3
13695,2025-07-18,01,22,25,901990,1.085431,01,250,0,0,Node 01: Network 3
13696,2025-07-18,01,22,26,360852,0.458862,02,750,0,0,Node 02: Network 3
13697,2025-07-18,01,22,26,819654,0.458802,03,1250,0,0,Node 03: Network 3
13698,2025-07-18,01,22,27,903151,1.083497,01,250,0,0,Node 01: Network 3
13699,2025-07-18,01,22,28,363304,0.460153,02,750,0,0,Node 02: Network 3
13700,2025-07-18,01,22,28,821891,0.458587,03,1250,0,0,Node 03: Network 3
13701,2025-07-18,01,22,29,902883,1.080992,01,250,0,0,Node 01: Network 3
13702,2025-07-18,01,22,30,364219,0.461336,02,750,0,0,Node 02: Network 3
13703,2025-07-18,01,22,30,822627,0.458408,03,1250,0,0,Node 03: Network 3
13704,2025-07-18,01,22,31,905616,1.082989,01,250,0,0,Node 01: Network 3
13705,2025-07-18,01,22,32,368105,0.462489,02,750,0,0,Node 02: Network 3
13706,2025-07-18,01,22,32,953247,0.585142,03,1250,0,0,Node 03: Network 3
13707,2025-07-18,01,22,33,906123,0.952876,01,250,0,0,Node 01: Network 3
13708,2025-07-18,01,22,34,497221,0.591098,02,750,0,0,Node 02: Network 3
13709,2025-07-18,01,22,34,954212,0.456991,03,1250,0,0,Node 03: Network 3
13710,2025-07-18,01,22,35,905999,0.951787,01,250,0,0,Node 01: Network 3
13711,2025-07-18,01,22,36,499776,0.593777,02,750,0,0,Node 02: Network 3
13712,2025-07-18,01,22,36,956933,0.457157,03,1250,0,0,Node 03: Network 3
13713,2025-07-18,01,22,37,906724,0.949791,01,250,0,0,Node 01: Network 3
13714,2025-07-18,01,22,38,501217,0.594493,02,750,0,0,Node 02: Network 3
13715,2025-07-18,01,22,38,982915,0.481698,03,1250,0,0,Node 03: Network 3
13716,2025-07-18,01,22,39,908239,0.925324,01,250,0,0,Node 01: Network 3
13717,2025-07-18,01,22,40,503005,0.594766,02,750,0,0,Node 02: Network 3
13718,2025-07-18,01,22,40,960326,0.457321,03,1250,0,0,Node 03: Network 3
13719,2025-07-18,01,22,41,908128,0.947802,01,250,0,0,Node 01: Network 3
13720,2025-07-18,01,22,42,504816,0.596688,02,750,0,0,Node 02: Network 3
13721,2025-07-18,01,22,42,964047,0.459231,03,1250,0,0,Node 03: Network 3
13722,2025-07-18,01,22,43,908891,0.944844,01,250,0,0,Node 01: Network 3
13723,2025-07-18,01,22,44,507124,0.598233,02,750,0,0,Node 02: Network 3
13724,2025-07-18,01,22,44,966533,0.459409,03,1250,0,0,Node 03: Network 3
13725,2025-07-18,01,22,45,909807,0.943274,01,250,0,0,Node 01: Network 3
13726,2025-07-18,01,22,46,508678,0.598871,02,750,0,0,Node 02: Network 3
13727,2025-07-18,01,22,46,967971,0.459293,03,1250,0,0,Node 03: Network 3
13728,2025-07-18,01,22,47,910846,0.942875,01,250,0,0,Node 01: Network 3
13729,2025-07-18,01,22,48,511879,0.601033,02,750,0,0,Node 02: Network 3
13730,2025-07-18,01,22,48,970248,0.458369,03,1250,0,0,Node 03: Network 3
13731,2025-07-18,01,22,49,910588,0.94034,01,250,0,0,Node 01: Network 3
13732,2025-07-18,01,22,50,513997,0.603409,02,750,0,0,Node 02: Network 3
13733,2025-07-18,01,22,50,972939,0.458942,03,1250,0,0,Node 03: Network 3
13734,2025-07-18,01,22,51,912072,0.939133,01,250,0,0,Node 01: Network 3
13735,2025-07-18,01,22,52,514973,0.602901,02,750,0,0,Node 02: Network 3
13736,2025-07-18,01,22,53,060450,0.545477,03,1250,0,0,Node 03: Network 3
13737,2025-07-18,01,22,53,912463,0.852013,01,250,0,0,Node 01: Network 3
13738,2025-07-18,01,22,54,517903,0.60544,02,750,0,0,Node 02: Network 3
13739,2025-07-18,01,22,55,063400,0.545497,03,1250,0,0,Node 03: Network 3
13740,2025-07-18,01,22,55,912834,0.849434,01,250,0,0,Node 01: Network 3
13741,2025-07-18,01,22,56,518961,0.606127,02,750,0,0,Node 02: Network 3
13742,2025-07-18,01,22,57,066151,0.54719,03,1250,0,0,Node 03: Network 3
13743,2025-07-18,01,22,57,913977,0.847826,01,250,0,0,Node 01: Network 3
13744,2025-07-18,01,22,58,520805,0.606828,02,750,0,0,Node 02: Network 3
13745,2025-07-18,01,22,59,068020,0.547215,03,1250,0,0,Node 03: Network 3
13746,2025-07-18,01,22,59,913976,0.845956,01,250,0,0,Node 01: Network 3
13747,2025-07-18,01,23,00,522921,0.608945,02,750,0,0,Node 02: Network 3
13748,2025-07-18,01,23,01,069955,0.547034,03,1250,0,0,Node 03: Network 3
13749,2025-07-18,01,23,01,915309,0.845354,01,250,0,0,Node 01: Network 3
13750,2025-07-18,01,23,02,524511,0.609202,02,750,0,0,Node 02: Network 3
13751,2025-07-18,01,23,02,961561,0.43705,03,1250,0,0,Node 03: Network 3
13752,2025-07-18,01,23,03,916883,0.955322,01,250,0,0,Node 01: Network 3
13753,2025-07-18,01,23,04,528578,0.611695,02,750,0,0,Node 02: Network 3
13754,2025-07-18,01,23,05,074038,0.54546,03,1250,0,0,Node 03: Network 3
13755,2025-07-18,01,23,05,916685,0.842647,01,250,0,0,Node 01: Network 3
13756,2025-07-18,01,23,06,529893,0.613208,02,750,0,0,Node 02: Network 3
13757,2025-07-18,01,23,07,076284,0.546391,03,1250,0,0,Node 03: Network 3
13758,2025-07-18,01,23,07,918012,0.841728,01,250,0,0,Node 01: Network 3
13759,2025-07-18,01,23,08,532096,0.614084,02,750,0,0,Node 02: Network 3
13760,2025-07-18,01,23,09,077509,0.545413,03,1250,0,0,Node 03: Network 3
13761,2025-07-18,01,23,10,120237,1.042728,01,250,0,0,Node 01: Network 3
13762,2025-07-18,01,23,10,532992,0.412755,02,750,0,0,Node 02: Network 3
13763,2025-07-18,01,23,11,166612,0.63362,03,1250,0,0,Node 03: Network 3
13764,2025-07-18,01,23,11,607465,0.440853,BB,0,1,0,
13765,2025-07-18,01,23,11,656617,0.049152,03,1873,0,1,
13766,2025-07-18,01,23,12,926592,1.269975,03,1250,0,0,Node 03: Network 3
13767,2025-07-18,01,23,14,471602,1.54501,02,750,0,0,Node 02: Network 3
13768,2025-07-18,01,23,14,928449,0.456847,03,1250,0,0,Node 03: Network 3
13769,2025-07-18,01,23,16,016270,1.087821,01,250,0,0,Node 01: Network 3
13770,2025-07-18,01,23,16,473704,0.457434,02,750,0,0,Node 02: Network 3
13771,2025-07-18,01,23,16,931575,0.457871,03,1250,0,0,Node 03: Network 3
13772,2025-07-18,01,23,18,016985,1.08541,01,250,0,0,Node 01: Network 3
13773,2025-07-18,01,23,18,475975,0.45899,02,750,0,0,Node 02: Network 3
13774,2025-07-18,01,23,18,932330,0.456355,03,1250,0,0,Node 03: Network 3
13775,2025-07-18,01,23,20,017957,1.085627,01,250,0,0,Node 01: Network 3
13776,2025-07-18,01,23,20,335748,0.317791,BB,0,1,0,03:1745:0:1
13777,2025-07-18,01,23,20,371933,0.036185,01,760,0,1,
13778,2025-07-18,01,23,20,411306,0.039373,02,751,0,0,Node 02: Network 3
13779,2025-07-18,01,23,20,511326,0.10002,03,1250,0,0,Node 03: Network 3
13780,2025-07-18,01,23,20,544854,0.033528,02,782,0,0,Node 02: Network 3
13781,2025-07-18,01,23,20,577481,0.032627,01,250,0,0,Node 01: Network 3
13782,2025-07-18,01,23,20,647647,0.070166,02,750,0,0,Node 02: Network 3
13783,2025-07-18,01,23,20,812196,0.164549,03,1250,0,0,Node 03: Network 3
13784,2025-07-18,01,23,20,900045,0.087849,03,1250,0,0,Node 03: Network 3
13785,2025-07-18,01,23,20,935580,0.035535,01,250,0,0,Node 01: Network 3
13786,2025-07-18,01,23,20,990930,0.05535,02,750,0,0,Node 02: Network 3
13787,2025-07-18,01,23,21,035456,0.044526,03,1250,0,0,Node 03: Network 3
13788,2025-07-18,01,23,21,094910,0.059454,01,250,0,0,Node 01: Network 3
13789,2025-07-18,01,23,21,129674,0.034764,02,750,0,0,Node 02: Network 3
13790,2025-07-18,01,23,21,163827,0.034153,03,1265,0,0,Node 03: Network 3
13791,2025-07-18,01,23,21,628481,0.464654,BB,0,1,0,
13792,2025-07-18,01,23,23,634064,2.005583,BB,0,1,0,
13793,2025-07-18,01,23,23,696296,0.062232,02,401,0,1,
13794,2025-07-18,01,23,23,706824,0.010528,03,0,0,1,
13795,2025-07-18,01,23,23,748577,0.041753,01,3,0,1,
13796,2025-07-18,01,23,24,953642,1.205065,03,1250,0,0,Node 03: Network 3
13797,2025-07-18,01,23,25,997469,1.043827,01,250,0,0,Node 01: Network 3
13798,2025-07-18,01,23,26,498182,0.500713,02,750,0,0,Node 02: Network 3
13799,2025-07-18,01,23,26,954691,0.456509,03,1250,0,0,Node 03: Network 3
13800,2025-07-18,01,23,28,043390,1.088699,01,250,0,0,Node 01: Network 3
13801,2025-07-18,01,23,28,500034,0.456644,02,750,0,0,Node 02: Network 3
13802,2025-07-18,01,23,28,957803,0.457769,03,1250,0,0,Node 03: Network 3
13803,2025-07-18,01,23,30,043962,1.086159,01,250,0,0,Node 01: Network 3
13804,2025-07-18,01,23,30,502080,0.458118,02,750,0,0,Node 02: Network 3
13805,2025-07-18,01,23,30,959472,0.457392,03,1250,0,0,Node 03: Network 3
13806,2025-07-18,01,23,32,046231,1.086759,01,250,0,0,Node 01: Network 3
13807,2025-07-18,01,23,32,504031,0.4578,02,750,0,0,Node 02: Network 3
13808,2025-07-18,01,23,32,961356,0.457325,03,1250,0,0,Node 03: Network 3
13809,2025-07-18,01,23,34,045451,1.084095,01,250,0,0,Node 01: Network 3
13810,2025-07-18,01,23,34,506248,0.460797,02,750,0,0,Node 02: Network 3
13811,2025-07-18,01,23,34,963854,0.457606,03,1250,0,0,Node 03: Network 3
13812,2025-07-18,01,23,36,047357,1.083503,01,250,0,0,Node 01: Network 3
13813,2025-07-18,01,23,36,508254,0.460897,02,750,0,0,Node 02: Network 3
13814,2025-07-18,01,23,36,965172,0.456918,03,1250,0,0,Node 03: Network 3
13815,2025-07-18,01,23,38,047203,1.082031,01,250,0,0,Node 01: Network 3
13816,2025-07-18,01,23,38,509099,0.461896,02,750,0,0,Node 02: Network 3
13817,2025-07-18,01,23,38,967869,0.45877,03,1250,0,0,Node 03: Network 3
13818,2025-07-18,01,23,40,048218,1.080349,01,250,0,0,Node 01: Network 3
13819,2025-07-18,01,23,40,512205,0.463987,02,750,0,0,Node 02: Network 3
13820,2025-07-18,01,23,40,971339,0.459134,03,1250,0,0,Node 03: Network 3
13821,2025-07-18,01,23,42,049025,1.077686,01,250,0,0,Node 01: Network 3
13822,2025-07-18,01,23,42,513759,0.464734,02,750,0,0,Node 02: Network 3
13823,2025-07-18,01,23,42,972557,0.458798,03,1250,0,0,Node 03: Network 3
13824,2025-07-18,01,23,44,049328,1.076771,01,250,0,0,Node 01: Network 3
13825,2025-07-18,01,23,44,515062,0.465734,02,750,0,0,Node 02: Network 3
13826,2025-07-18,01,23,44,974889,0.459827,03,1250,0,0,Node 03: Network 3
13827,2025-07-18,01,23,46,049477,1.074588,01,250,0,0,Node 01: Network 3
13828,2025-07-18,01,23,46,517982,0.468505,02,750,0,0,Node 02: Network 3
13829,2025-07-18,01,23,46,976891,0.458909,03,1250,0,0,Node 03: Network 3
13830,2025-07-18,01,23,48,051247,1.074356,01,250,0,0,Node 01: Network 3
13831,2025-07-18,01,23,48,520089,0.468842,02,750,0,0,Node 02: Network 3
13832,2025-07-18,01,23,48,978521,0.458432,03,1250,0,0,Node 03: Network 3
13833,2025-07-18,01,23,50,085784,1.107263,01,250,0,0,Node 01: Network 3
13834,2025-07-18,01,23,50,521686,0.435902,02,750,0,0,Node 02: Network 3
13835,2025-07-18,01,23,50,980800,0.459114,03,1250,0,0,Node 03: Network 3
13836,2025-07-18,01,23,52,052253,1.071453,01,250,0,0,Node 01: Network 3
13837,2025-07-18,01,23,52,523197,0.470944,02,750,0,0,Node 02: Network 3
13838,2025-07-18,01,23,52,982627,0.45943,03,1250,0,0,Node 03: Network 3
13839,2025-07-18,01,23,54,053077,1.07045,01,250,0,0,Node 01: Network 3
13840,2025-07-18,01,23,54,527718,0.474641,02,750,0,0,Node 02: Network 3
13841,2025-07-18,01,23,54,983870,0.456152,03,1250,0,0,Node 03: Network 3
13842,2025-07-18,01,23,56,053538,1.069668,01,250,0,0,Node 01: Network 3
13843,2025-07-18,01,23,56,529000,0.475462,02,750,0,0,Node 02: Network 3
13844,2025-07-18,01,23,56,988017,0.459017,03,1250,0,0,Node 03: Network 3
13845,2025-07-18,01,23,58,073895,1.085878,01,250,0,0,Node 01: Network 3
13846,2025-07-18,01,23,58,531320,0.457425,02,750,0,0,Node 02: Network 3
13847,2025-07-18,01,23,58,989803,0.458483,03,1250,0,0,Node 03: Network 3
13848,2025-07-18,01,24,00,074099,1.084296,01,250,0,0,Node 01: Network 3
13849,2025-07-18,01,24,00,533677,0.459578,02,750,0,0,Node 02: Network 3
13850,2025-07-18,01,24,00,991806,0.458129,03,1250,0,0,Node 03: Network 3
13851,2025-07-18,01,24,02,074778,1.082972,01,250,0,0,Node 01: Network 3
13852,2025-07-18,01,24,02,535158,0.46038,02,750,0,0,Node 02: Network 3
13853,2025-07-18,01,24,02,994696,0.459538,03,1250,0,0,Node 03: Network 3
13854,2025-07-18,01,24,04,074546,1.07985,01,250,0,0,Node 01: Network 3
13855,2025-07-18,01,24,04,619767,0.545221,02,750,0,0,Node 02: Network 3
13856,2025-07-18,01,24,05,120206,0.500439,03,1250,0,0,Node 03: Network 3
13857,2025-07-18,01,24,06,076241,0.956035,01,250,0,0,Node 01: Network 3
13858,2025-07-18,01,24,06,622112,0.545871,02,750,0,0,Node 02: Network 3
13859,2025-07-18,01,24,07,168816,0.546704,03,1250,0,0,Node 03: Network 3
13860,2025-07-18,01,24,08,076534,0.907718,01,250,0,0,Node 01: Network 3
13861,2025-07-18,01,24,08,623743,0.547209,02,750,0,0,Node 02: Network 3
13862,2025-07-18,01,24,09,170169,0.546426,03,1250,0,0,Node 03: Network 3
13863,2025-07-18,01,24,10,077788,0.907619,01,251,0,0,Node 01: Network 3
13864,2025-07-18,01,24,10,625725,0.547937,02,750,0,0,Node 02: Network 3
13865,2025-07-18,01,24,11,124795,0.49907,03,1250,0,0,Node 03: Network 3
13866,2025-07-18,01,24,12,078404,0.953609,01,250,0,0,Node 01: Network 3
13867,2025-07-18,01,24,12,626715,0.548311,02,750,0,0,Node 02: Network 3
13868,2025-07-18,01,24,13,126330,0.499615,03,1250,0,0,Node 03: Network 3
13869,2025-07-18,01,24,14,171628,1.045298,01,250,0,0,Node 01: Network 3
13870,2025-07-18,01,24,14,629094,0.457466,02,750,0,0,Node 02: Network 3
13871,2025-07-18,01,24,15,128814,0.49972,03,1250,0,0,Node 03: Network 3
13872,2025-07-18,01,24,16,172670,1.043856,01,250,0,0,Node 01: Network 3
13873,2025-07-18,01,24,16,631927,0.459257,02,750,0,0,Node 02: Network 3
13874,2025-07-18,01,24,17,130513,0.498586,03,1250,0,0,Node 03: Network 3
13875,2025-07-18,01,24,18,172831,1.042318,01,250,0,0,Node 01: Network 3
13876,2025-07-18,01,24,18,633726,0.460895,02,750,0,0,Node 02: Network 3
13877,2025-07-18,01,24,19,219464,0.585738,03,1250,0,0,Node 03: Network 3
13878,2025-07-18,01,24,20,173206,0.953742,01,250,0,0,Node 01: Network 3
13879,2025-07-18,01,24,20,636312,0.463106,02,750,0,0,Node 02: Network 3
13880,2025-07-18,01,24,21,220858,0.584546,03,1250,0,0,Node 03: Network 3
13881,2025-07-18,01,24,22,174759,0.953901,01,250,0,0,Node 01: Network 3
13882,2025-07-18,01,24,22,718078,0.543319,02,750,0,0,Node 02: Network 3
13883,2025-07-18,01,24,23,220396,0.502318,03,1250,0,0,Node 03: Network 3
13884,2025-07-18,01,24,24,174751,0.954355,01,250,0,0,Node 01: Network 3
13885,2025-07-18,01,24,24,720566,0.545815,02,750,0,0,Node 02: Network 3
13886,2025-07-18,01,24,25,221889,0.501323,03,1250,0,0,Node 03: Network 3
13887,2025-07-18,01,24,26,175643,0.953754,01,250,0,0,Node 01: Network 3
13888,2025-07-18,01,24,26,767070,0.591427,02,750,0,0,Node 02: Network 3
13889,2025-07-18,01,24,27,225722,0.458652,03,1250,0,0,Node 03: Network 3
13890,2025-07-18,01,24,28,175447,0.949725,01,250,0,0,Node 01: Network 3
13891,2025-07-18,01,24,28,768520,0.593073,02,750,0,0,Node 02: Network 3
13892,2025-07-18,01,24,29,227079,0.458559,03,1250,0,0,Node 03: Network 3
13893,2025-07-18,01,24,30,312489,1.08541,01,250,0,0,Node 01: Network 3
13894,2025-07-18,01,24,30,770131,0.457642,02,750,0,0,Node 02: Network 3
13895,2025-07-18,01,24,31,229300,0.459169,03,1250,0,0,Node 03: Network 3
13896,2025-07-18,01,24,31,781615,0.552315,BB,0,1,0,
13897,2025-07-18,01,24,33,786129,2.004514,BB,0,1,0,
13898,2025-07-18,01,24,33,841203,0.055074,02,1835,0,1,
13899,2025-07-18,01,24,33,872326,0.031123,03,1879,0,1,
13900,2025-07-18,01,24,33,886352,0.014026,01,1796,0,1,
13901,2025-07-18,01,24,34,102552,0.2162,01,250,0,0,Node 01: Network 3
13902,2025-07-18,01,24,34,603353,0.500801,02,750,0,0,Node 02: Network 3
13903,2025-07-18,01,24,35,105822,0.502469,03,1250,0,0,Node 03: Network 3
13904,2025-07-18,01,24,36,102673,0.996851,01,250,0,0,Node 01: Network 3
13905,2025-07-18,01,24,36,650237,0.547564,02,750,0,0,Node 02: Network 3
13906,2025-07-18,01,24,37,142988,0.492751,03,1250,0,0,Node 03: Network 3
13907,2025-07-18,01,24,38,103725,0.960737,01,250,0,0,Node 01: Network 3
13908,2025-07-18,01,24,38,631355,0.52763,02,750,0,0,Node 02: Network 3
13909,2025-07-18,01,24,39,109480,0.478125,03,1250,0,0,Node 03: Network 3
13910,2025-07-18,01,24,40,104506,0.995026,01,250,0,0,Node 01: Network 3
13911,2025-07-18,01,24,40,632329,0.527823,02,750,0,0,Node 02: Network 3
13912,2025-07-18,01,24,41,111843,0.479514,03,1250,0,0,Node 03: Network 3
13913,2025-07-18,01,24,42,176288,1.064445,01,250,0,0,Node 01: Network 3
13914,2025-07-18,01,24,42,655840,0.479552,02,750,0,0,Node 02: Network 3
13915,2025-07-18,01,24,43,113958,0.458118,03,1250,0,0,Node 03: Network 3
13916,2025-07-18,01,24,44,178354,1.064396,01,250,0,0,Node 01: Network 3
13917,2025-07-18,01,24,44,659368,0.481014,02,750,0,0,Node 02: Network 3
13918,2025-07-18,01,24,45,117136,0.457768,03,1250,0,0,Node 03: Network 3
13919,2025-07-18,01,24,46,203572,1.086436,01,250,0,0,Node 01: Network 3
13920,2025-07-18,01,24,46,660237,0.456665,02,750,0,0,Node 02: Network 3
13921,2025-07-18,01,24,47,119683,0.459446,03,1250,0,0,Node 03: Network 3
13922,2025-07-18,01,24,48,203901,1.084218,01,250,0,0,Node 01: Network 3
13923,2025-07-18,01,24,48,662472,0.458571,02,750,0,0,Node 02: Network 3
13924,2025-07-18,01,24,49,120363,0.457891,03,1250,0,0,Node 03: Network 3
13925,2025-07-18,01,24,50,207285,1.086922,01,250,0,0,Node 01: Network 3
13926,2025-07-18,01,24,50,664505,0.45722,02,750,0,0,Node 02: Network 3
13927,2025-07-18,01,24,51,123315,0.45881,03,1250,0,0,Node 03: Network 3
13928,2025-07-18,01,24,52,207460,1.084145,01,250,0,0,Node 01: Network 3
13929,2025-07-18,01,24,52,667046,0.459586,02,750,0,0,Node 02: Network 3
13930,2025-07-18,01,24,53,252896,0.58585,03,1250,0,0,Node 03: Network 3
13931,2025-07-18,01,24,54,209332,0.956436,01,250,0,0,Node 01: Network 3
13932,2025-07-18,01,24,54,668995,0.459663,02,750,0,0,Node 02: Network 3
13933,2025-07-18,01,24,55,254788,0.585793,03,1250,0,0,Node 03: Network 3
13934,2025-07-18,01,24,56,209360,0.954572,01,250,0,0,Node 01: Network 3
13935,2025-07-18,01,24,57,257399,1.048039,03,1250,0,0,Node 03: Network 3
13936,2025-07-18,01,24,58,210340,0.952941,01,250,0,0,Node 01: Network 3
13937,2025-07-18,01,24,58,801732,0.591392,02,750,0,0,Node 02: Network 3
13938,2025-07-18,01,24,59,260334,0.458602,03,1250,0,0,Node 03: Network 3
13939,2025-07-18,01,25,00,210865,0.950531,01,250,0,0,Node 01: Network 3
13940,2025-07-18,01,25,00,803499,0.592634,02,750,0,0,Node 02: Network 3
13941,2025-07-18,01,25,01,262728,0.459229,03,1250,0,0,Node 03: Network 3
13942,2025-07-18,01,25,02,211100,0.948372,01,250,0,0,Node 01: Network 3
13943,2025-07-18,01,25,02,806796,0.595696,02,750,0,0,Node 02: Network 3
13944,2025-07-18,01,25,03,257777,0.450981,03,1250,0,0,Node 03: Network 3
13945,2025-07-18,01,25,04,350831,1.093054,01,250,0,0,Node 01: Network 3
13946,2025-07-18,01,25,04,808834,0.458003,02,750,0,0,Node 02: Network 3
13947,2025-07-18,01,25,05,260141,0.451307,03,1250,0,0,Node 03: Network 3
13948,2025-07-18,01,25,06,352579,1.092438,01,250,0,0,Node 01: Network 3
13949,2025-07-18,01,25,06,803980,0.451401,02,750,0,0,Node 02: Network 3
13950,2025-07-18,01,25,07,262319,0.458339,03,1250,0,0,Node 03: Network 3
13951,2025-07-18,01,25,08,352959,1.09064,01,250,0,0,Node 01: Network 3
13952,2025-07-18,01,25,08,806343,0.453384,02,750,0,0,Node 02: Network 3
13953,2025-07-18,01,25,09,398885,0.592542,03,1250,0,0,Node 03: Network 3
13954,2025-07-18,01,25,09,864964,0.466079,BB,0,1,0,
13955,2025-07-18,01,25,11,870071,2.005107,BB,0,1,0,
13956,2025-07-18,01,25,11,941875,0.071804,02,1884,0,1,
13957,2025-07-18,01,25,11,960034,0.018159,01,1838,0,1,
13958,2025-07-18,01,25,12,035227,0.075193,03,1792,0,1,
13959,2025-07-18,01,25,12,185625,0.150398,01,250,0,0,Node 01: Network 3
13960,2025-07-18,01,25,12,687066,0.501441,02,750,0,0,Node 02: Network 3
13961,2025-07-18,01,25,13,232353,0.545287,03,1250,0,0,Node 03: Network 3
13962,2025-07-18,01,25,14,229282,0.996929,01,250,0,0,Node 01: Network 3
13963,2025-07-18,01,25,14,777815,0.548533,02,750,0,0,Node 02: Network 3
13964,2025-07-18,01,25,15,235996,0.458181,03,1250,0,0,Node 03: Network 3
13965,2025-07-18,01,25,16,231826,0.99583,01,250,0,0,Node 01: Network 3
13966,2025-07-18,01,25,16,779530,0.547704,02,750,0,0,Node 02: Network 3
13967,2025-07-18,01,25,17,238279,0.458749,03,1250,0,0,Node 03: Network 3
13968,2025-07-18,01,25,18,780818,1.542539,02,750,0,0,Node 02: Network 3
13969,2025-07-18,01,25,19,239738,0.45892,03,1250,0,0,Node 03: Network 3
13970,2025-07-18,01,25,20,324759,1.085021,01,250,0,0,Node 01: Network 3
13971,2025-07-18,01,25,20,783745,0.458986,02,750,0,0,Node 02: Network 3
13972,2025-07-18,01,25,21,242065,0.45832,03,1250,0,0,Node 03: Network 3
13973,2025-07-18,01,25,22,325697,1.083632,01,250,0,0,Node 01: Network 3
13974,2025-07-18,01,25,22,784397,0.4587,02,750,0,0,Node 02: Network 3
13975,2025-07-18,01,25,23,371949,0.587552,03,1250,0,0,Node 03: Network 3
13976,2025-07-18,01,25,24,326395,0.954446,01,250,0,0,Node 01: Network 3
13977,2025-07-18,01,25,24,915857,0.589462,02,750,0,0,Node 02: Network 3
13978,2025-07-18,01,25,25,374015,0.458158,03,1250,0,0,Node 03: Network 3
13979,2025-07-18,01,25,25,900119,0.526104,BB,0,1,0,
13980,2025-07-18,01,25,27,904548,2.004429,BB,0,1,0,
13981,2025-07-18,01,25,27,953154,0.048606,02,1809,0,1,
13982,2025-07-18,01,25,27,966658,0.013504,03,1853,0,1,
13983,2025-07-18,01,25,27,980068,0.01341,01,1901,0,1,
13984,2025-07-18,01,25,28,220810,0.240742,01,250,0,0,Node 01: Network 3
13985,2025-07-18,01,25,28,720527,0.499717,02,750,0,0,Node 02: Network 3
13986,2025-07-18,01,25,29,224197,0.50367,03,1250,0,0,Node 03: Network 3
13987,2025-07-18,01,25,30,132814,0.908617,BB,0,1,0,
13988,2025-07-18,01,25,30,200460,0.067646,BB,0,1,0,03:0:0:1
13989,2025-07-18,01,25,30,219853,0.019393,02,401,0,1,3:0:1
13990,2025-07-18,01,25,30,293625,0.073772,03,1250,0,0,Node 03: Network 3
13991,2025-07-18,01,25,30,332452,0.038827,01,302,0,1,
13992,2025-07-18,01,25,30,344961,0.012509,02,301,0,1,
13993,2025-07-18,01,25,30,357470,0.012509,03,276,0,1,
13994,2025-07-18,01,25,30,445291,0.087821,01,250,0,0,Node 01: Network 3
13995,2025-07-18,01,25,30,530978,0.085687,03,1265,0,0,Node 03: Network 3
13996,2025-07-18,01,25,30,700723,0.169745,01,262,0,0,Node 01: Network 3
13997,2025-07-18,01,25,30,756639,0.055916,03,1250,0,0,Node 03: Network 3
13998,2025-07-18,01,25,30,823840,0.067201,01,250,0,0,Node 01: Network 3
13999,2025-07-18,01,25,30,876559,0.052719,02,750,0,0,Node 02: Network 3
14000,2025-07-18,01,25,30,940424,0.063865,03,1250,0,0,Node 03: Network 3
14001,2025-07-18,01,25,31,014694,0.07427,02,756,0,0,Node 02: Network 3
14002,2025-07-18,01,25,31,048307,0.033613,01,250,0,0,Node 01: Network 3
14003,2025-07-18,01,25,31,080880,0.032573,02,750,0,0,Node 02: Network 3
14004,2025-07-18,01,25,31,128801,0.047921,03,1250,0,0,Node 03: Network 3
14005,2025-07-18,01,25,31,227563,0.098762,02,781,0,0,Node 02: Network 3
14006,2025-07-18,01,25,31,260528,0.032965,01,250,0,0,Node 01: Network 3
14007,2025-07-18,01,25,31,485321,0.224793,03,1250,0,0,Node 03: Network 3
14008,2025-07-18,01,25,31,913906,0.428585,BB,0,1,0,
14009,2025-07-18,01,25,35,923512,4.009606,BB,0,1,0,
14010,2025-07-18,01,25,35,970696,0.047184,01,1738,0,1,
14011,2025-07-18,01,25,35,984932,0.014236,02,1618,0,1,
14012,2025-07-18,01,25,36,052009,0.067077,03,1759,0,1,
14013,2025-07-18,01,25,36,239253,0.187244,01,250,0,0,Node 01: Network 3
14014,2025-07-18,01,25,36,784771,0.545518,02,750,0,0,Node 02: Network 3
14015,2025-07-18,01,25,37,241888,0.457117,03,1250,0,0,Node 03: Network 3
14016,2025-07-18,01,25,38,329114,1.087226,01,250,0,0,Node 01: Network 3
14017,2025-07-18,01,25,38,786961,0.457847,02,750,0,0,Node 02: Network 3
14018,2025-07-18,01,25,39,243669,0.456708,03,1250,0,0,Node 03: Network 3
14019,2025-07-18,01,25,40,330517,1.086848,01,250,0,0,Node 01: Network 3
14020,2025-07-18,01,25,40,787709,0.457192,02,750,0,0,Node 02: Network 3
14021,2025-07-18,01,25,41,377457,0.589748,03,1250,0,0,Node 03: Network 3
14022,2025-07-18,01,25,42,332122,0.954665,01,250,0,0,Node 01: Network 3
14023,2025-07-18,01,25,42,789386,0.457264,02,750,0,0,Node 02: Network 3
14024,2025-07-18,01,25,43,380684,0.591298,03,1250,0,0,Node 03: Network 3
14025,2025-07-18,01,25,44,332418,0.951734,01,250,0,0,Node 01: Network 3
14026,2025-07-18,01,25,44,791939,0.459521,02,750,0,0,Node 02: Network 3
14027,2025-07-18,01,25,45,381405,0.589466,03,1250,0,0,Node 03: Network 3
14028,2025-07-18,01,25,46,333424,0.952019,01,250,0,0,Node 01: Network 3
14029,2025-07-18,01,25,46,794605,0.461181,02,750,0,0,Node 02: Network 3
14030,2025-07-18,01,25,47,381669,0.587064,03,1250,0,0,Node 03: Network 3
14031,2025-07-18,01,25,48,338429,0.95676,01,250,0,0,Node 01: Network 3
14032,2025-07-18,01,25,48,796449,0.45802,02,750,0,0,Node 02: Network 3
14033,2025-07-18,01,25,49,383371,0.586922,03,1250,0,0,Node 03: Network 3
14034,2025-07-18,01,25,50,339491,0.95612,01,250,0,0,Node 01: Network 3
14035,2025-07-18,01,25,50,799186,0.459695,02,751,0,0,Node 02: Network 3
14036,2025-07-18,01,25,51,385106,0.58592,03,1250,0,0,Node 03: Network 3
14037,2025-07-18,01,25,52,341355,0.956249,01,250,0,0,Node 01: Network 3
14038,2025-07-18,01,25,52,800328,0.458973,02,750,0,0,Node 02: Network 3
14039,2025-07-18,01,25,53,387128,0.5868,03,1250,0,0,Node 03: Network 3
14040,2025-07-18,01,25,54,341233,0.954105,01,250,0,0,Node 01: Network 3
14041,2025-07-18,01,25,54,803163,0.46193,02,750,0,0,Node 02: Network 3
14042,2025-07-18,01,25,55,389167,0.586004,03,1250,0,0,Node 03: Network 3
14043,2025-07-18,01,25,56,341579,0.952412,01,250,0,0,Node 01: Network 3
14044,2025-07-18,01,25,56,805130,0.463551,02,750,0,0,Node 02: Network 3
14045,2025-07-18,01,25,57,392252,0.587122,03,1250,0,0,Node 03: Network 3
14046,2025-07-18,01,25,58,349912,0.95766,01,250,0,0,Node 01: Network 3
14047,2025-07-18,01,25,58,806080,0.456168,02,750,0,0,Node 02: Network 3
14048,2025-07-18,01,25,59,353093,0.547013,03,1250,0,0,Node 03: Network 3
14049,2025-07-18,01,26,00,397167,1.044074,01,250,0,0,Node 01: Network 3
14050,2025-07-18,01,26,00,897353,0.500186,02,750,0,0,Node 02: Network 3
14051,2025-07-18,01,26,01,355457,0.458104,03,1250,0,0,Node 03: Network 3
14052,2025-07-18,01,26,02,442334,1.086877,01,250,0,0,Node 01: Network 3
14053,2025-07-18,01,26,02,899654,0.45732,02,750,0,0,Node 02: Network 3
14054,2025-07-18,01,26,03,357230,0.457576,03,1250,0,0,Node 03: Network 3
14055,2025-07-18,01,26,04,445083,1.087853,01,250,0,0,Node 01: Network 3
14056,2025-07-18,01,26,04,902060,0.456977,02,750,0,0,Node 02: Network 3
14057,2025-07-18,01,26,05,493279,0.591219,03,1250,0,0,Node 03: Network 3
14058,2025-07-18,01,26,05,988278,0.494999,BB,0,1,0,
14059,2025-07-18,01,26,07,993069,2.004791,BB,0,1,0,
14060,2025-07-18,01,26,08,052924,0.059855,01,1870,0,1,
14061,2025-07-18,01,26,08,066239,0.013315,03,1822,0,1,
14062,2025-07-18,01,26,08,080439,0.0142,02,1778,0,1,
14063,2025-07-18,01,26,08,308018,0.227579,01,250,0,0,Node 01: Network 3
14064,2025-07-18,01,26,08,853008,0.54499,02,750,0,0,Node 02: Network 3
14065,2025-07-18,01,26,09,311925,0.458917,03,1250,0,0,Node 03: Network 3
14066,2025-07-18,01,26,10,309906,0.997981,01,250,0,0,Node 01: Network 3
14067,2025-07-18,01,26,10,856171,0.546265,02,750,0,0,Node 02: Network 3
14068,2025-07-18,01,26,11,313987,0.457816,03,1250,0,0,Node 03: Network 3
14069,2025-07-18,01,26,12,309907,0.99592,01,250,0,0,Node 01: Network 3
14070,2025-07-18,01,26,12,857928,0.548021,02,750,0,0,Node 02: Network 3
14071,2025-07-18,01,26,13,316740,0.458812,03,1250,0,0,Node 03: Network 3
14072,2025-07-18,01,26,14,311946,0.995206,01,250,0,0,Node 01: Network 3
14073,2025-07-18,01,26,14,859562,0.547616,02,750,0,0,Node 02: Network 3
14074,2025-07-18,01,26,15,319220,0.459658,03,1250,0,0,Node 03: Network 3
14075,2025-07-18,01,26,16,311820,0.9926,01,250,0,0,Node 01: Network 3
14076,2025-07-18,01,26,16,860805,0.548985,02,750,0,0,Node 02: Network 3
14077,2025-07-18,01,26,17,319852,0.459047,03,1250,0,0,Node 03: Network 3
14078,2025-07-18,01,26,18,312904,0.993052,01,250,0,0,Node 01: Network 3
14079,2025-07-18,01,26,18,857711,0.544807,02,750,0,0,Node 02: Network 3
14080,2025-07-18,01,26,19,322922,0.465211,03,1250,0,0,Node 03: Network 3
14081,2025-07-18,01,26,20,312969,0.990047,01,250,0,0,Node 01: Network 3
14082,2025-07-18,01,26,20,865876,0.552907,02,750,0,0,Node 02: Network 3
14083,2025-07-18,01,26,21,324559,0.458683,03,1250,0,0,Node 03: Network 3
14084,2025-07-18,01,26,22,313665,0.989106,01,250,0,0,Node 01: Network 3
14085,2025-07-18,01,26,22,868360,0.554695,02,750,0,0,Node 02: Network 3
14086,2025-07-18,01,26,23,326273,0.457913,03,1250,0,0,Node 03: Network 3
14087,2025-07-18,01,26,24,313619,0.987346,01,250,0,0,Node 01: Network 3
14088,2025-07-18,01,26,24,870586,0.556967,02,750,0,0,Node 02: Network 3
14089,2025-07-18,01,26,26,316332,1.445746,01,250,0,0,Node 01: Network 3
14090,2025-07-18,01,26,26,872084,0.555752,02,750,0,0,Node 02: Network 3
14091,2025-07-18,01,26,28,315443,1.443359,01,250,0,0,Node 01: Network 3
14092,2025-07-18,01,26,28,875007,0.559564,02,750,0,0,Node 02: Network 3
14093,2025-07-18,01,26,29,362533,0.487526,03,1250,0,0,Node 03: Network 3
14094,2025-07-18,01,26,30,317528,0.954995,01,250,0,0,Node 01: Network 3
14095,2025-07-18,01,26,30,876147,0.558619,02,750,0,0,Node 02: Network 3
14096,2025-07-18,01,26,31,364020,0.487873,03,1250,0,0,Node 03: Network 3
14097,2025-07-18,01,26,32,317016,0.952996,01,250,0,0,Node 01: Network 3
14098,2025-07-18,01,26,32,909155,0.592139,02,750,0,0,Node 02: Network 3
14099,2025-07-18,01,26,33,366782,0.457627,03,1250,0,0,Node 03: Network 3
14100,2025-07-18,01,26,34,317713,0.950931,01,250,0,0,Node 01: Network 3
14101,2025-07-18,01,26,34,911237,0.593524,02,750,0,0,Node 02: Network 3
14102,2025-07-18,01,26,35,368750,0.457513,03,1250,0,0,Node 03: Network 3
14103,2025-07-18,01,26,36,318502,0.949752,01,250,0,0,Node 01: Network 3
14104,2025-07-18,01,26,36,911251,0.592749,02,750,0,0,Node 02: Network 3
14105,2025-07-18,01,26,37,371292,0.460041,03,1250,0,0,Node 03: Network 3
14106,2025-07-18,01,26,38,319234,0.947942,01,250,0,0,Node 01: Network 3
14107,2025-07-18,01,26,38,915274,0.59604,02,750,0,0,Node 02: Network 3
14108,2025-07-18,01,26,39,367254,0.45198,03,1250,0,0,Node 03: Network 3
14109,2025-07-18,01,26,40,319480,0.952226,01,250,0,0,Node 01: Network 3
14110,2025-07-18,01,26,40,916636,0.597156,02,750,0,0,Node 02: Network 3
14111,2025-07-18,01,26,41,368076,0.45144,03,1250,0,0,Node 03: Network 3
14112,2025-07-18,01,26,42,321399,0.953323,01,250,0,0,Node 01: Network 3
14113,2025-07-18,01,26,42,911717,0.590318,02,750,0,0,Node 02: Network 3
14114,2025-07-18,01,26,43,370015,0.458298,03,1250,0,0,Node 03: Network 3
14115,2025-07-18,01,26,44,322637,0.952622,01,250,0,0,Node 01: Network 3
14116,2025-07-18,01,26,44,913733,0.591096,02,750,0,0,Node 02: Network 3
14117,2025-07-18,01,26,45,368482,0.454749,03,1250,0,0,Node 03: Network 3
14118,2025-07-18,01,26,46,322337,0.953855,01,250,0,0,Node 01: Network 3
14119,2025-07-18,01,26,46,917825,0.595488,02,750,0,0,Node 02: Network 3
14120,2025-07-18,01,26,47,370032,0.452207,03,1250,0,0,Node 03: Network 3
14121,2025-07-18,01,26,48,323465,0.953433,01,250,0,0,Node 01: Network 3
14122,2025-07-18,01,26,48,918826,0.595361,02,750,0,0,Node 02: Network 3
14123,2025-07-18,01,26,49,374171,0.455345,03,1250,0,0,Node 03: Network 3
14124,2025-07-18,01,26,50,323359,0.949188,01,250,0,0,Node 01: Network 3
14125,2025-07-18,01,26,50,919020,0.595661,02,750,0,0,Node 02: Network 3
14126,2025-07-18,01,26,51,375222,0.456202,03,1250,0,0,Node 03: Network 3
14127,2025-07-18,01,26,52,324478,0.949256,01,250,0,0,Node 01: Network 3
14128,2025-07-18,01,26,52,919445,0.594967,02,750,0,0,Node 02: Network 3
14129,2025-07-18,01,26,53,378150,0.458705,03,1250,0,0,Node 03: Network 3
14130,2025-07-18,01,26,54,325467,0.947317,01,250,0,0,Node 01: Network 3
14131,2025-07-18,01,26,54,920748,0.595281,02,750,0,0,Node 02: Network 3
14132,2025-07-18,01,26,55,378736,0.457988,03,1250,0,0,Node 03: Network 3
14133,2025-07-18,01,26,56,325602,0.946866,01,250,0,0,Node 01: Network 3
14134,2025-07-18,01,26,56,923239,0.597637,02,750,0,0,Node 02: Network 3
14135,2025-07-18,01,26,57,382031,0.458792,03,1250,0,0,Node 03: Network 3
14136,2025-07-18,01,26,58,327984,0.945953,01,250,0,0,Node 01: Network 3
14137,2025-07-18,01,26,58,925298,0.597314,02,750,0,0,Node 02: Network 3
14138,2025-07-18,01,26,59,383783,0.458485,03,1250,0,0,Node 03: Network 3
14139,2025-07-18,01,27,00,327871,0.944088,01,250,0,0,Node 01: Network 3
14140,2025-07-18,01,27,00,927754,0.599883,02,751,0,0,Node 02: Network 3
14141,2025-07-18,01,27,01,473105,0.545351,03,1250,0,0,Node 03: Network 3
14142,2025-07-18,01,27,02,471093,0.997988,01,251,0,0,Node 01: Network 3
14143,2025-07-18,01,27,02,929995,0.458902,02,750,0,0,Node 02: Network 3
14144,2025-07-18,01,27,03,475311,0.545316,03,1250,0,0,Node 03: Network 3
14145,2025-07-18,01,27,04,472064,0.996753,01,250,0,0,Node 01: Network 3
14146,2025-07-18,01,27,05,017509,0.545445,02,750,0,0,Node 02: Network 3
14147,2025-07-18,01,27,05,520057,0.502548,03,1250,0,0,Node 03: Network 3
14148,2025-07-18,01,27,06,473111,0.953054,01,250,0,0,Node 01: Network 3
14149,2025-07-18,01,27,07,019437,0.546326,02,750,0,0,Node 02: Network 3
14150,2025-07-18,01,27,07,521303,0.501866,03,1250,0,0,Node 03: Network 3
14151,2025-07-18,01,27,08,473178,0.951875,01,250,0,0,Node 01: Network 3
14152,2025-07-18,01,27,09,066101,0.592923,02,750,0,0,Node 02: Network 3
14153,2025-07-18,01,27,09,523744,0.457643,03,1250,0,0,Node 03: Network 3
14154,2025-07-18,01,27,10,472313,0.948569,01,250,0,0,Node 01: Network 3
14155,2025-07-18,01,27,11,067736,0.595423,02,750,0,0,Node 02: Network 3
14156,2025-07-18,01,27,11,525262,0.457526,03,1250,0,0,Node 03: Network 3
14157,2025-07-18,01,27,12,611787,1.086525,01,250,0,0,Node 01: Network 3
14158,2025-07-18,01,27,13,070356,0.458569,02,750,0,0,Node 02: Network 3
14159,2025-07-18,01,27,13,659006,0.58865,03,1250,0,0,Node 03: Network 3
14160,2025-07-18,01,27,14,137083,0.478077,BB,0,1,0,
14161,2025-07-18,01,27,16,140587,2.003504,BB,0,1,0,
14162,2025-07-18,01,27,16,208843,0.068256,02,1891,0,1,
14163,2025-07-18,01,27,16,227565,0.018722,01,1851,0,1,
14164,2025-07-18,01,27,16,254386,0.026821,03,1804,0,1,
14165,2025-07-18,01,27,16,457050,0.202664,01,250,0,0,Node 01: Network 3
14166,2025-07-18,01,27,16,957873,0.500823,02,750,0,0,Node 02: Network 3
14167,2025-07-18,01,27,17,505059,0.547186,03,1250,0,0,Node 03: Network 3
14168,2025-07-18,01,27,18,457188,0.952129,01,250,0,0,Node 01: Network 3
14169,2025-07-18,01,27,18,959482,0.502294,02,750,0,0,Node 02: Network 3
14170,2025-07-18,01,27,19,507034,0.547552,03,1250,0,0,Node 03: Network 3
14171,2025-07-18,01,27,20,504116,0.997082,01,250,0,0,Node 01: Network 3
14172,2025-07-18,01,27,20,960759,0.456643,02,750,0,0,Node 02: Network 3
14173,2025-07-18,01,27,21,508995,0.548236,03,1250,0,0,Node 03: Network 3
14174,2025-07-18,01,27,22,504385,0.99539,01,250,0,0,Node 01: Network 3
14175,2025-07-18,01,27,22,963447,0.459062,02,750,0,0,Node 02: Network 3
14176,2025-07-18,01,27,23,510306,0.546859,03,1250,0,0,Node 03: Network 3
14177,2025-07-18,01,27,24,504200,0.993894,01,250,0,0,Node 01: Network 3
14178,2025-07-18,01,27,25,055723,0.551523,02,750,0,0,Node 02: Network 3
14179,2025-07-18,01,27,25,514340,0.458617,03,1251,0,0,Node 03: Network 3
14180,2025-07-18,01,27,26,504578,0.990238,01,250,0,0,Node 01: Network 3
14181,2025-07-18,01,27,27,057616,0.553038,02,750,0,0,Node 02: Network 3
14182,2025-07-18,01,27,27,516036,0.45842,03,1250,0,0,Node 03: Network 3
14183,2025-07-18,01,27,28,506647,0.990611,01,250,0,0,Node 01: Network 3
14184,2025-07-18,01,27,29,059233,0.552586,02,750,0,0,Node 02: Network 3
14185,2025-07-18,01,27,29,518232,0.458999,03,1250,0,0,Node 03: Network 3
14186,2025-07-18,01,27,30,507481,0.989249,01,250,0,0,Node 01: Network 3
14187,2025-07-18,01,27,31,060944,0.553463,02,750,0,0,Node 02: Network 3
14188,2025-07-18,01,27,31,519958,0.459014,03,1250,0,0,Node 03: Network 3
14189,2025-07-18,01,27,32,561680,1.041722,01,250,0,0,Node 01: Network 3
14190,2025-07-18,01,27,33,063578,0.501898,02,750,0,0,Node 02: Network 3
14191,2025-07-18,01,27,33,521775,0.458197,03,1250,0,0,Node 03: Network 3
14192,2025-07-18,01,27,34,562901,1.041126,01,250,0,0,Node 01: Network 3
14193,2025-07-18,01,27,35,064971,0.50207,02,750,0,0,Node 02: Network 3
14194,2025-07-18,01,27,35,523605,0.458634,03,1250,0,0,Node 03: Network 3
14195,2025-07-18,01,27,36,608857,1.085252,01,250,0,0,Node 01: Network 3
14196,2025-07-18,01,27,37,066541,0.457684,02,750,0,0,Node 02: Network 3
14197,2025-07-18,01,27,37,526542,0.460001,03,1250,0,0,Node 03: Network 3
14198,2025-07-18,01,27,38,609780,1.083238,01,250,0,0,Node 01: Network 3
14199,2025-07-18,01,27,38,874883,0.265103,BB,0,1,0,
14200,2025-07-18,01,27,38,941339,0.066456,BB,0,1,0,01:1738:0:1
14201,2025-07-18,01,27,38,964590,0.023251,01,1205,0,1,
14202,2025-07-18,01,27,38,985282,0.020692,03,738,0,1,
14203,2025-07-18,01,27,39,003809,0.018527,02,695,0,1,
14204,2025-07-18,01,27,39,053710,0.049901,02,1618,0,1,03:1759:0:1
14205,2025-07-18,01,27,39,213672,0.159962,02,750,0,0,Node 02: Network 3
14206,2025-07-18,01,27,39,315795,0.102123,03,1250,0,0,Node 03: Network 3
14207,2025-07-18,01,27,39,366716,0.050921,01,262,0,0,Node 01: Network 3
14208,2025-07-18,01,27,39,411848,0.045132,02,756,0,0,Node 02: Network 3
14209,2025-07-18,01,27,39,498720,0.086872,02,781,0,0,Node 02: Network 3
14210,2025-07-18,01,27,39,536217,0.037497,03,1250,0,0,Node 03: Network 3
14211,2025-07-18,01,27,39,625665,0.089448,01,250,0,0,Node 01: Network 3
14212,2025-07-18,01,27,39,693633,0.067968,02,750,0,0,Node 02: Network 3
14213,2025-07-18,01,27,39,781377,0.087744,03,1250,0,0,Node 03: Network 3
14214,2025-07-18,01,27,39,813882,0.032505,02,773,0,0,Node 02: Network 3
14215,2025-07-18,01,27,39,884773,0.070891,01,250,0,0,Node 01: Network 3
14216,2025-07-18,01,27,39,946478,0.061705,02,750,0,0,Node 02: Network 3
14217,2025-07-18,01,27,40,194598,0.24812,BB,0,1,0,
14218,2025-07-18,01,27,40,287511,0.092913,03,1250,0,0,Node 03: Network 3
14219,2025-07-18,01,27,41,331088,1.043577,01,250,0,0,Node 01: Network 3
14220,2025-07-18,01,27,41,876487,0.545399,02,750,0,0,Node 02: Network 3
14221,2025-07-18,01,27,42,198667,0.32218,BB,0,1,0,
14222,2025-07-18,01,27,44,203728,2.005061,BB,0,1,0,
14223,2025-07-18,01,27,44,264492,0.060764,03,1103,0,1,
14224,2025-07-18,01,27,44,294763,0.030271,02,1147,0,1,
14225,2025-07-18,01,27,44,337769,0.043006,01,1194,0,1,
14226,2025-07-18,01,27,44,519531,0.181762,01,250,0,0,Node 01: Network 3
14227,2025-07-18,01,27,45,019419,0.499888,02,750,0,0,Node 02: Network 3
14228,2025-07-18,01,27,45,523517,0.504098,03,1250,0,0,Node 03: Network 3
14229,2025-07-18,01,27,46,519515,0.995998,01,250,0,0,Node 01: Network 3
14230,2025-07-18,01,27,47,021575,0.50206,02,750,0,0,Node 02: Network 3
14231,2025-07-18,01,27,47,524741,0.503166,03,1250,0,0,Node 03: Network 3
14232,2025-07-18,01,27,48,521694,0.996953,01,250,0,0,Node 01: Network 3
14233,2025-07-18,01,27,49,023328,0.501634,02,750,0,0,Node 02: Network 3
14234,2025-07-18,01,27,49,567400,0.544072,03,1250,0,0,Node 03: Network 3
14235,2025-07-18,01,27,50,521962,0.954562,01,250,0,0,Node 01: Network 3
14236,2025-07-18,01,27,51,027340,0.505378,02,751,0,0,Node 02: Network 3
14237,2025-07-18,01,27,51,568424,0.541084,03,1250,0,0,Node 03: Network 3
14238,2025-07-18,01,27,52,522426,0.954002,01,250,0,0,Node 01: Network 3
14239,2025-07-18,01,27,53,028779,0.506353,02,750,0,0,Node 02: Network 3
14240,2025-07-18,01,27,53,571932,0.543153,03,1250,0,0,Node 03: Network 3
14241,2025-07-18,01,27,54,522215,0.950283,01,250,0,0,Node 01: Network 3
14242,2025-07-18,01,27,55,030362,0.508147,02,750,0,0,Node 02: Network 3
14243,2025-07-18,01,27,55,573615,0.543253,03,1250,0,0,Node 03: Network 3
14244,2025-07-18,01,27,56,524370,0.950755,01,250,0,0,Node 01: Network 3
14245,2025-07-18,01,27,57,032366,0.507996,02,750,0,0,Node 02: Network 3
14246,2025-07-18,01,27,57,575378,0.543012,03,1250,0,0,Node 03: Network 3
14247,2025-07-18,01,27,58,523853,0.948475,01,250,0,0,Node 01: Network 3
14248,2025-07-18,01,27,59,119172,0.595319,02,750,0,0,Node 02: Network 3
14249,2025-07-18,01,27,59,577607,0.458435,03,1250,0,0,Node 03: Network 3
14250,2025-07-18,01,28,00,525535,0.947928,01,250,0,0,Node 01: Network 3
14251,2025-07-18,01,28,01,120886,0.595351,02,750,0,0,Node 02: Network 3
14252,2025-07-18,01,28,01,579972,0.459086,03,1250,0,0,Node 03: Network 3
14253,2025-07-18,01,28,02,525402,0.94543,01,250,0,0,Node 01: Network 3
14254,2025-07-18,01,28,03,123345,0.597943,02,750,0,0,Node 02: Network 3
14255,2025-07-18,01,28,03,581555,0.45821,03,1250,0,0,Node 03: Network 3
14256,2025-07-18,01,28,04,527086,0.945531,01,250,0,0,Node 01: Network 3
14257,2025-07-18,01,28,05,125768,0.598682,02,750,0,0,Node 02: Network 3
14258,2025-07-18,01,28,05,583947,0.458179,03,1250,0,0,Node 03: Network 3
14259,2025-07-18,01,28,06,527922,0.943975,01,250,0,0,Node 01: Network 3
14260,2025-07-18,01,28,07,127670,0.599748,02,750,0,0,Node 02: Network 3
14261,2025-07-18,01,28,07,575875,0.448205,03,1250,0,0,Node 03: Network 3
14262,2025-07-18,01,28,08,528182,0.952307,01,250,0,0,Node 01: Network 3
14263,2025-07-18,01,28,09,120150,0.591968,02,750,0,0,Node 02: Network 3
14264,2025-07-18,01,28,09,575749,0.455599,03,1250,0,0,Node 03: Network 3
14265,2025-07-18,01,28,10,529299,0.95355,01,250,0,0,Node 01: Network 3
14266,2025-07-18,01,28,11,122210,0.592911,02,750,0,0,Node 02: Network 3
14267,2025-07-18,01,28,11,577383,0.455173,03,1250,0,0,Node 03: Network 3
14268,2025-07-18,01,28,12,528489,0.951106,01,250,0,0,Node 01: Network 3
14269,2025-07-18,01,28,13,123749,0.59526,02,750,0,0,Node 02: Network 3
14270,2025-07-18,01,28,13,578473,0.454724,03,1250,0,0,Node 03: Network 3
14271,2025-07-18,01,28,14,530026,0.951553,01,250,0,0,Node 01: Network 3
14272,2025-07-18,01,28,15,124046,0.59402,02,750,0,0,Node 02: Network 3
14273,2025-07-18,01,28,15,581833,0.457787,03,1250,0,0,Node 03: Network 3
14274,2025-07-18,01,28,16,668477,1.086644,01,250,0,0,Node 01: Network 3
14275,2025-07-18,01,28,17,126018,0.457541,02,750,0,0,Node 02: Network 3
14276,2025-07-18,01,28,17,583687,0.457669,03,1250,0,0,Node 03: Network 3
14277,2025-07-18,01,28,18,667459,1.083772,01,250,0,0,Node 01: Network 3
14278,2025-07-18,01,28,19,128992,0.461533,02,751,0,0,Node 02: Network 3
14279,2025-07-18,01,28,19,716215,0.587223,03,1250,0,0,Node 03: Network 3
14280,2025-07-18,01,28,20,668874,0.952659,01,250,0,0,Node 01: Network 3
14281,2025-07-18,01,28,21,130521,0.461647,02,750,0,0,Node 02: Network 3
14282,2025-07-18,01,28,21,717086,0.586565,03,1250,0,0,Node 03: Network 3
14283,2025-07-18,01,28,22,669449,0.952363,01,250,0,0,Node 01: Network 3
14284,2025-07-18,01,28,23,261250,0.591801,02,750,0,0,Node 02: Network 3
14285,2025-07-18,01,28,23,720159,0.458909,03,1250,0,0,Node 03: Network 3
14286,2025-07-18,01,28,24,671444,0.951285,01,250,0,0,Node 01: Network 3
14287,2025-07-18,01,28,25,263590,0.592146,02,750,0,0,Node 02: Network 3
14288,2025-07-18,01,28,25,721813,0.458223,03,1250,0,0,Node 03: Network 3
14289,2025-07-18,01,28,26,672046,0.950233,01,250,0,0,Node 01: Network 3
14290,2025-07-18,01,28,27,215095,0.543049,02,750,0,0,Node 02: Network 3
14291,2025-07-18,01,28,27,724149,0.509054,03,1250,0,0,Node 03: Network 3
14292,2025-07-18,01,28,28,672695,0.948546,01,250,0,0,Node 01: Network 3
14293,2025-07-18,01,28,29,216995,0.5443,02,750,0,0,Node 02: Network 3
14294,2025-07-18,01,28,29,725428,0.508433,03,1250,0,0,Node 03: Network 3
14295,2025-07-18,01,28,30,671982,0.946554,01,250,0,0,Node 01: Network 3
14296,2025-07-18,01,28,31,218875,0.546893,02,750,0,0,Node 02: Network 3
14297,2025-07-18,01,28,31,728077,0.509202,03,1250,0,0,Node 03: Network 3
14298,2025-07-18,01,28,32,674247,0.94617,01,250,0,0,Node 01: Network 3
14299,2025-07-18,01,28,33,220821,0.546574,02,750,0,0,Node 02: Network 3
14300,2025-07-18,01,28,33,729895,0.509074,03,1250,0,0,Node 03: Network 3
14301,2025-07-18,01,28,34,674329,0.944434,01,250,0,0,Node 01: Network 3
14302,2025-07-18,01,28,35,224235,0.549906,02,750,0,0,Node 02: Network 3
14303,2025-07-18,01,28,35,733030,0.508795,03,1250,0,0,Node 03: Network 3
14304,2025-07-18,01,28,36,675676,0.942646,01,250,0,0,Node 01: Network 3
14305,2025-07-18,01,28,37,225080,0.549404,02,750,0,0,Node 02: Network 3
14306,2025-07-18,01,28,37,734828,0.509748,03,1250,0,0,Node 03: Network 3
14307,2025-07-18,01,28,38,674858,0.94003,01,250,0,0,Node 01: Network 3
14308,2025-07-18,01,28,39,227933,0.553075,02,750,0,0,Node 02: Network 3
14309,2025-07-18,01,28,39,736839,0.508906,03,1250,0,0,Node 03: Network 3
14310,2025-07-18,01,28,40,677767,0.940928,01,250,0,0,Node 01: Network 3
14311,2025-07-18,01,28,41,723744,1.045977,03,1250,0,0,Node 03: Network 3
14312,2025-07-18,01,28,42,677369,0.953625,01,250,0,0,Node 01: Network 3
14313,2025-07-18,01,28,43,220594,0.543225,02,750,0,0,Node 02: Network 3
14314,2025-07-18,01,28,43,725999,0.505405,03,1250,0,0,Node 03: Network 3
14315,2025-07-18,01,28,44,679008,0.953009,01,250,0,0,Node 01: Network 3
14316,2025-07-18,01,28,45,224323,0.545315,02,750,0,0,Node 02: Network 3
14317,2025-07-18,01,28,45,728939,0.504616,03,1251,0,0,Node 03: Network 3
14318,2025-07-18,01,28,46,678788,0.949849,01,250,0,0,Node 01: Network 3
14319,2025-07-18,01,28,47,225876,0.547088,02,750,0,0,Node 02: Network 3
14320,2025-07-18,01,28,47,773808,0.547932,03,1250,0,0,Node 03: Network 3
14321,2025-07-18,01,28,48,679628,0.90582,01,250,0,0,Node 01: Network 3
14322,2025-07-18,01,28,49,228386,0.548758,02,750,0,0,Node 02: Network 3
14323,2025-07-18,01,28,49,774160,0.545774,03,1250,0,0,Node 03: Network 3
14324,2025-07-18,01,28,50,680222,0.906062,01,250,0,0,Node 01: Network 3
14325,2025-07-18,01,28,51,320140,0.639918,02,750,0,0,Node 02: Network 3
14326,2025-07-18,01,28,51,777427,0.457287,03,1250,0,0,Node 03: Network 3
14327,2025-07-18,01,28,52,681332,0.903905,01,250,0,0,Node 01: Network 3
14328,2025-07-18,01,28,53,321544,0.640212,02,750,0,0,Node 02: Network 3
14329,2025-07-18,01,28,53,779051,0.457507,03,1250,0,0,Node 03: Network 3
14330,2025-07-18,01,28,54,680793,0.901742,01,250,0,0,Node 01: Network 3
14331,2025-07-18,01,28,55,323694,0.642901,02,750,0,0,Node 02: Network 3
14332,2025-07-18,01,28,55,781652,0.457958,03,1250,0,0,Node 03: Network 3
14333,2025-07-18,01,28,56,683609,0.901957,01,250,0,0,Node 01: Network 3
14334,2025-07-18,01,28,57,325511,0.641902,02,750,0,0,Node 02: Network 3
14335,2025-07-18,01,28,57,782942,0.457431,03,1250,0,0,Node 03: Network 3
14336,2025-07-18,01,28,58,869277,1.086335,01,250,0,0,Node 01: Network 3
14337,2025-07-18,01,28,59,327163,0.457886,02,750,0,0,Node 02: Network 3
14338,2025-07-18,01,28,59,784915,0.457752,03,1250,0,0,Node 03: Network 3
14339,2025-07-18,01,29,00,369300,0.584385,BB,0,1,0,
14340,2025-07-18,01,29,02,374660,2.00536,BB,0,1,0,
14341,2025-07-18,01,29,02,417617,0.042957,02,1867,0,1,
14342,2025-07-18,01,29,02,435260,0.017643,01,1825,0,1,
14343,2025-07-18,01,29,02,450740,0.01548,03,1911,0,1,
14344,2025-07-18,01,29,02,689816,0.239076,01,250,0,0,Node 01: Network 3
14345,2025-07-18,01,29,03,190469,0.500653,02,750,0,0,Node 02: Network 3
14346,2025-07-18,01,29,03,694422,0.503953,03,1250,0,0,Node 03: Network 3
14347,2025-07-18,01,29,04,690985,0.996563,01,250,0,0,Node 01: Network 3
14348,2025-07-18,01,29,05,192516,0.501531,02,750,0,0,Node 02: Network 3
14349,2025-07-18,01,29,05,695423,0.502907,03,1250,0,0,Node 03: Network 3
14350,2025-07-18,01,29,06,691002,0.995579,01,250,0,0,Node 01: Network 3
14351,2025-07-18,01,29,07,194610,0.503608,02,750,0,0,Node 02: Network 3
14352,2025-07-18,01,29,07,698146,0.503536,03,1250,0,0,Node 03: Network 3
14353,2025-07-18,01,29,08,691776,0.99363,01,250,0,0,Node 01: Network 3
14354,2025-07-18,01,29,09,197019,0.505243,02,750,0,0,Node 02: Network 3
14355,2025-07-18,01,29,09,738095,0.541076,03,1250,0,0,Node 03: Network 3
14356,2025-07-18,01,29,10,692445,0.95435,01,250,0,0,Node 01: Network 3
14357,2025-07-18,01,29,11,197855,0.50541,02,750,0,0,Node 02: Network 3
14358,2025-07-18,01,29,11,740986,0.543131,03,1251,0,0,Node 03: Network 3
14359,2025-07-18,01,29,12,743414,1.002428,01,250,0,0,Node 01: Network 3
14360,2025-07-18,01,29,13,200251,0.456837,02,750,0,0,Node 02: Network 3
14361,2025-07-18,01,29,13,790386,0.590135,03,1250,0,0,Node 03: Network 3
14362,2025-07-18,01,29,14,743364,0.952978,01,250,0,0,Node 01: Network 3
14363,2025-07-18,01,29,15,202452,0.459088,02,750,0,0,Node 02: Network 3
14364,2025-07-18,01,29,15,793180,0.590728,03,1250,0,0,Node 03: Network 3
14365,2025-07-18,01,29,16,745418,0.952238,01,250,0,0,Node 01: Network 3
14366,2025-07-18,01,29,17,204753,0.459335,02,750,0,0,Node 02: Network 3
14367,2025-07-18,01,29,17,794381,0.589628,03,1250,0,0,Node 03: Network 3
14368,2025-07-18,01,29,18,745762,0.951381,01,250,0,0,Node 01: Network 3
14369,2025-07-18,01,29,19,206213,0.460451,02,750,0,0,Node 02: Network 3
14370,2025-07-18,01,29,19,796608,0.590395,03,1250,0,0,Node 03: Network 3
14371,2025-07-18,01,29,20,746295,0.949687,01,250,0,0,Node 01: Network 3
14372,2025-07-18,01,29,21,208990,0.462695,02,750,0,0,Node 02: Network 3
14373,2025-07-18,01,29,21,798409,0.589419,03,1250,0,0,Node 03: Network 3
14374,2025-07-18,01,29,22,746703,0.948294,01,250,0,0,Node 01: Network 3
14375,2025-07-18,01,29,23,209469,0.462766,02,750,0,0,Node 02: Network 3
14376,2025-07-18,01,29,23,800995,0.591526,03,1250,0,0,Node 03: Network 3
14377,2025-07-18,01,29,24,747887,0.946892,01,250,0,0,Node 01: Network 3
14378,2025-07-18,01,29,25,212405,0.464518,02,750,0,0,Node 02: Network 3
14379,2025-07-18,01,29,25,802520,0.590115,03,1250,0,0,Node 03: Network 3
14380,2025-07-18,01,29,26,747888,0.945368,01,250,0,0,Node 01: Network 3
14381,2025-07-18,01,29,27,214171,0.466283,02,750,0,0,Node 02: Network 3
14382,2025-07-18,01,29,27,804950,0.590779,03,1250,0,0,Node 03: Network 3
14383,2025-07-18,01,29,28,748703,0.943753,01,250,0,0,Node 01: Network 3
14384,2025-07-18,01,29,29,215790,0.467087,02,750,0,0,Node 02: Network 3
14385,2025-07-18,01,29,29,796637,0.580847,03,1250,0,0,Node 03: Network 3
14386,2025-07-18,01,29,30,748612,0.951975,01,250,0,0,Node 01: Network 3
14387,2025-07-18,01,29,31,218540,0.469928,02,750,0,0,Node 02: Network 3
14388,2025-07-18,01,29,31,797904,0.579364,03,1250,0,0,Node 03: Network 3
14389,2025-07-18,01,29,32,763900,0.965996,01,250,0,0,Node 01: Network 3
14390,2025-07-18,01,29,33,221558,0.457658,02,750,0,0,Node 02: Network 3
14391,2025-07-18,01,29,33,801164,0.579606,03,1250,0,0,Node 03: Network 3
14392,2025-07-18,01,29,34,765194,0.96403,01,250,0,0,Node 01: Network 3
14393,2025-07-18,01,29,35,222998,0.457804,02,750,0,0,Node 02: Network 3
14394,2025-07-18,01,29,35,802573,0.579575,03,1250,0,0,Node 03: Network 3
14395,2025-07-18,01,29,36,766040,0.963467,01,251,0,0,Node 01: Network 3
14396,2025-07-18,01,29,37,224562,0.458522,02,750,0,0,Node 02: Network 3
14397,2025-07-18,01,29,37,804734,0.580172,03,1250,0,0,Node 03: Network 3
14398,2025-07-18,01,29,38,767214,0.96248,01,250,0,0,Node 01: Network 3
14399,2025-07-18,01,29,39,226272,0.459058,02,750,0,0,Node 02: Network 3
14400,2025-07-18,01,29,39,806964,0.580692,03,1250,0,0,Node 03: Network 3
14401,2025-07-18,01,29,40,766822,0.959858,01,250,0,0,Node 01: Network 3
14402,2025-07-18,01,29,41,351663,0.584841,02,750,0,0,Node 02: Network 3
14403,2025-07-18,01,29,41,810252,0.458589,03,1250,0,0,Node 03: Network 3
14404,2025-07-18,01,29,42,896916,1.086664,01,250,0,0,Node 01: Network 3
14405,2025-07-18,01,29,43,440613,0.543697,02,750,0,0,Node 02: Network 3
14406,2025-07-18,01,29,43,812096,0.371483,03,1250,0,0,Node 03: Network 3
14407,2025-07-18,01,29,44,896585,1.084489,01,250,0,0,Node 01: Network 3
14408,2025-07-18,01,29,45,443138,0.546553,02,750,0,0,Node 02: Network 3
14409,2025-07-18,01,29,45,814160,0.371022,03,1250,0,0,Node 03: Network 3
14410,2025-07-18,01,29,46,897684,1.083524,01,250,0,0,Node 01: Network 3
14411,2025-07-18,01,29,47,110485,0.212801,BB,0,1,0,
14412,2025-07-18,01,29,47,177662,0.067177,BB,0,1,0,
14413,2025-07-18,01,29,47,231878,0.054216,01,603,0,1,
14414,2025-07-18,01,29,47,262910,0.031032,03,687,0,1,
14415,2025-07-18,01,29,47,285439,0.022529,02,643,0,1,
14416,2025-07-18,01,29,47,309484,0.024045,BB,0,1,0,03:1103:0:1
14417,2025-07-18,01,29,47,336359,0.026875,02,1147,0,1,1194:0:1
14418,2025-07-18,01,29,47,436140,0.099781,01,1591,0,1,
14419,2025-07-18,01,29,47,478024,0.041884,03,1250,0,0,Node 03: Network 3
14420,2025-07-18,01,29,47,598958,0.120934,01,250,0,0,Node 01: Network 3
14421,2025-07-18,01,29,47,631563,0.032605,03,1282,0,0,Node 03: Network 3
14422,2025-07-18,01,29,47,704054,0.072491,02,773,0,0,Node 02: Network 3
14423,2025-07-18,01,29,47,736351,0.032297,01,250,0,0,Node 01: Network 3
14424,2025-07-18,01,29,47,772019,0.035668,03,1250,0,0,Node 03: Network 3
14425,2025-07-18,01,29,47,823170,0.051151,01,250,0,0,Node 01: Network 3
14426,2025-07-18,01,29,47,970123,0.146953,02,750,0,0,Node 02: Network 3
14427,2025-07-18,01,29,48,037787,0.067664,01,250,0,0,Node 01: Network 3
14428,2025-07-18,01,29,48,086855,0.049068,02,750,0,0,Node 02: Network 3
14429,2025-07-18,01,29,48,192036,0.105181,03,1250,0,0,Node 03: Network 3
14430,2025-07-18,01,29,48,225403,0.033367,01,250,0,0,Node 01: Network 3
14431,2025-07-18,01,29,48,316950,0.091547,02,750,0,0,Node 02: Network 3
14432,2025-07-18,01,29,48,475715,0.158765,BB,0,1,0,
14433,2025-07-18,01,29,50,479215,2.0035,BB,0,1,0,
14434,2025-07-18,01,29,50,530851,0.051636,01,1192,0,1,
14435,2025-07-18,01,29,50,565963,0.035112,02,279,0,1,
14436,2025-07-18,01,29,50,578709,0.012746,03,279,0,1,
14437,2025-07-18,01,29,50,794842,0.216133,01,250,0,0,Node 01: Network 3
14438,2025-07-18,01,29,51,798768,1.003926,03,1250,0,0,Node 03: Network 3
14439,2025-07-18,01,29,52,795580,0.996812,01,250,0,0,Node 01: Network 3
14440,2025-07-18,01,29,53,343834,0.548254,02,750,0,0,Node 02: Network 3
14441,2025-07-18,01,29,53,800609,0.456775,03,1250,0,0,Node 03: Network 3
14442,2025-07-18,01,29,54,796860,0.996251,01,250,0,0,Node 01: Network 3
14443,2025-07-18,01,29,55,345816,0.548956,02,750,0,0,Node 02: Network 3
14444,2025-07-18,01,29,55,802844,0.457028,03,1250,0,0,Node 03: Network 3
14445,2025-07-18,01,29,56,796455,0.993611,01,250,0,0,Node 01: Network 3
14446,2025-07-18,01,29,57,347690,0.551235,02,750,0,0,Node 02: Network 3
14447,2025-07-18,01,29,57,805159,0.457469,03,1250,0,0,Node 03: Network 3
14448,2025-07-18,01,29,58,847657,1.042498,01,250,0,0,Node 01: Network 3
14449,2025-07-18,01,29,59,349395,0.501738,02,750,0,0,Node 02: Network 3
14450,2025-07-18,01,29,59,806868,0.457473,03,1250,0,0,Node 03: Network 3
14451,2025-07-18,01,30,00,893821,1.086953,01,250,0,0,Node 01: Network 3
14452,2025-07-18,01,30,01,350838,0.457017,02,750,0,0,Node 02: Network 3
14453,2025-07-18,01,30,01,808657,0.457819,03,1250,0,0,Node 03: Network 3
14454,2025-07-18,01,30,02,893806,1.085149,01,250,0,0,Node 01: Network 3
14455,2025-07-18,01,30,03,352419,0.458613,02,750,0,0,Node 02: Network 3
14456,2025-07-18,01,30,03,810820,0.458401,03,1250,0,0,Node 03: Network 3
14457,2025-07-18,01,30,04,894615,1.083795,01,250,0,0,Node 01: Network 3
14458,2025-07-18,01,30,05,354709,0.460094,02,750,0,0,Node 02: Network 3
14459,2025-07-18,01,30,05,813909,0.4592,03,1250,0,0,Node 03: Network 3
14460,2025-07-18,01,30,06,895591,1.081682,01,250,0,0,Node 01: Network 3
14461,2025-07-18,01,30,07,356676,0.461085,02,750,0,0,Node 02: Network 3
14462,2025-07-18,01,30,07,943624,0.586948,03,1250,0,0,Node 03: Network 3
14463,2025-07-18,01,30,08,896574,0.95295,01,250,0,0,Node 01: Network 3
14464,2025-07-18,01,30,09,359954,0.46338,02,750,0,0,Node 02: Network 3
14465,2025-07-18,01,30,09,944767,0.584813,03,1250,0,0,Node 03: Network 3
14466,2025-07-18,01,30,10,897254,0.952487,01,250,0,0,Node 01: Network 3
14467,2025-07-18,01,30,11,361748,0.464494,02,750,0,0,Node 02: Network 3
14468,2025-07-18,01,30,11,947723,0.585975,03,1250,0,0,Node 03: Network 3
14469,2025-07-18,01,30,12,898365,0.950642,01,250,0,0,Node 01: Network 3
14470,2025-07-18,01,30,13,363612,0.465247,02,750,0,0,Node 02: Network 3
14471,2025-07-18,01,30,13,949292,0.58568,03,1250,0,0,Node 03: Network 3
14472,2025-07-18,01,30,14,898642,0.94935,01,250,0,0,Node 01: Network 3
14473,2025-07-18,01,30,15,365806,0.467164,02,750,0,0,Node 02: Network 3
14474,2025-07-18,01,30,15,951604,0.585798,03,1250,0,0,Node 03: Network 3
14475,2025-07-18,01,30,16,899410,0.947806,01,250,0,0,Node 01: Network 3
14476,2025-07-18,01,30,17,366991,0.467581,02,750,0,0,Node 02: Network 3
14477,2025-07-18,01,30,17,953427,0.586436,03,1250,0,0,Node 03: Network 3
14478,2025-07-18,01,30,18,900223,0.946796,01,250,0,0,Node 01: Network 3
14479,2025-07-18,01,30,19,368994,0.468771,02,750,0,0,Node 02: Network 3
14480,2025-07-18,01,30,19,915185,0.546191,03,1250,0,0,Node 03: Network 3
14481,2025-07-18,01,30,20,900411,0.985226,01,250,0,0,Node 01: Network 3
14482,2025-07-18,01,30,21,370729,0.470318,02,750,0,0,Node 02: Network 3
14483,2025-07-18,01,30,21,918767,0.548038,03,1251,0,0,Node 03: Network 3
14484,2025-07-18,01,30,22,901860,0.983093,01,250,0,0,Node 01: Network 3
14485,2025-07-18,01,30,23,460855,0.558995,02,750,0,0,Node 02: Network 3
14486,2025-07-18,01,30,23,919864,0.459009,03,1250,0,0,Node 03: Network 3
14487,2025-07-18,01,30,24,902404,0.98254,01,250,0,0,Node 01: Network 3
14488,2025-07-18,01,30,25,464276,0.561872,02,751,0,0,Node 02: Network 3
14489,2025-07-18,01,30,25,922709,0.458433,03,1250,0,0,Node 03: Network 3
14490,2025-07-18,01,30,27,006986,1.084277,01,250,0,0,Node 01: Network 3
14491,2025-07-18,01,30,27,466033,0.459047,02,750,0,0,Node 02: Network 3
14492,2025-07-18,01,30,27,925501,0.459468,03,1250,0,0,Node 03: Network 3
14493,2025-07-18,01,30,29,007726,1.082225,01,250,0,0,Node 01: Network 3
14494,2025-07-18,01,30,29,467300,0.459574,02,750,0,0,Node 02: Network 3
14495,2025-07-18,01,30,29,926582,0.459282,03,1250,0,0,Node 03: Network 3
14496,2025-07-18,01,30,31,008696,1.082114,01,250,0,0,Node 01: Network 3
14497,2025-07-18,01,30,31,471080,0.462384,02,750,0,0,Node 02: Network 3
14498,2025-07-18,01,30,31,928617,0.457537,03,1250,0,0,Node 03: Network 3
14499,2025-07-18,01,30,33,009437,1.08082,01,250,0,0,Node 01: Network 3
14500,2025-07-18,01,30,33,473044,0.463607,02,750,0,0,Node 02: Network 3
14501,2025-07-18,01,30,33,930385,0.457341,03,1250,0,0,Node 03: Network 3
14502,2025-07-18,01,30,35,010183,1.079798,01,250,0,0,Node 01: Network 3
14503,2025-07-18,01,30,35,474630,0.464447,02,750,0,0,Node 02: Network 3
14504,2025-07-18,01,30,35,932450,0.45782,03,1250,0,0,Node 03: Network 3
14505,2025-07-18,01,30,37,476743,1.544293,02,750,0,0,Node 02: Network 3
14506,2025-07-18,01,30,37,935977,0.459234,03,1251,0,0,Node 03: Network 3
14507,2025-07-18,01,30,39,021072,1.085095,01,250,0,0,Node 01: Network 3
14508,2025-07-18,01,30,39,478889,0.457817,02,750,0,0,Node 02: Network 3
14509,2025-07-18,01,30,39,937815,0.458926,03,1250,0,0,Node 03: Network 3
14510,2025-07-18,01,30,41,022306,1.084491,01,250,0,0,Node 01: Network 3
14511,2025-07-18,01,30,41,480851,0.458545,02,750,0,0,Node 02: Network 3
14512,2025-07-18,01,30,42,068820,0.587969,03,1250,0,0,Node 03: Network 3
14513,2025-07-18,01,30,43,022180,0.95336,01,250,0,0,Node 01: Network 3
14514,2025-07-18,01,30,43,484067,0.461887,02,750,0,0,Node 02: Network 3
14515,2025-07-18,01,30,44,071727,0.58766,03,1250,0,0,Node 03: Network 3
14516,2025-07-18,01,30,45,028289,0.956562,01,250,0,0,Node 01: Network 3
14517,2025-07-18,01,30,45,485782,0.457493,02,750,0,0,Node 02: Network 3
14518,2025-07-18,01,30,46,072984,0.587202,03,1250,0,0,Node 03: Network 3
14519,2025-07-18,01,30,47,029844,0.95686,01,250,0,0,Node 01: Network 3
14520,2025-07-18,01,30,47,487171,0.457327,02,750,0,0,Node 02: Network 3
14521,2025-07-18,01,30,48,075339,0.588168,03,1250,0,0,Node 03: Network 3
14522,2025-07-18,01,30,49,029981,0.954642,01,250,0,0,Node 01: Network 3
14523,2025-07-18,01,30,49,489858,0.459877,02,750,0,0,Node 02: Network 3
14524,2025-07-18,01,30,50,077005,0.587147,03,1250,0,0,Node 03: Network 3
14525,2025-07-18,01,30,51,032522,0.955517,01,250,0,0,Node 01: Network 3
14526,2025-07-18,01,30,51,491518,0.458996,02,750,0,0,Node 02: Network 3
14527,2025-07-18,01,30,52,079662,0.588144,03,1250,0,0,Node 03: Network 3
14528,2025-07-18,01,30,53,032280,0.952618,01,250,0,0,Node 01: Network 3
14529,2025-07-18,01,30,53,493390,0.46111,02,750,0,0,Node 02: Network 3
14530,2025-07-18,01,30,54,080405,0.587015,03,1250,0,0,Node 03: Network 3
14531,2025-07-18,01,30,55,033823,0.953418,01,250,0,0,Node 01: Network 3
14532,2025-07-18,01,30,55,495206,0.461383,02,750,0,0,Node 02: Network 3
14533,2025-07-18,01,30,56,042475,0.547269,03,1250,0,0,Node 03: Network 3
14534,2025-07-18,01,30,57,033407,0.990932,01,250,0,0,Node 01: Network 3
14535,2025-07-18,01,30,57,497108,0.463701,02,750,0,0,Node 02: Network 3
14536,2025-07-18,01,30,58,044319,0.547211,03,1250,0,0,Node 03: Network 3
14537,2025-07-18,01,30,59,034786,0.990467,01,250,0,0,Node 01: Network 3
14538,2025-07-18,01,30,59,499803,0.465017,02,750,0,0,Node 02: Network 3
14539,2025-07-18,01,31,00,047647,0.547844,03,1250,0,0,Node 03: Network 3
14540,2025-07-18,01,31,01,045918,0.998271,01,250,0,0,Node 01: Network 3
14541,2025-07-18,01,31,01,502270,0.456352,02,750,0,0,Node 02: Network 3
14542,2025-07-18,01,31,02,048101,0.545831,03,1250,0,0,Node 03: Network 3
14543,2025-07-18,01,31,03,045582,0.997481,01,250,0,0,Node 01: Network 3
14544,2025-07-18,01,31,03,503746,0.458164,02,750,0,0,Node 02: Network 3
14545,2025-07-18,01,31,04,079862,0.576116,03,1250,0,0,Node 03: Network 3
14546,2025-07-18,01,31,05,047785,0.967923,01,250,0,0,Node 01: Network 3
14547,2025-07-18,01,31,05,504623,0.456838,02,750,0,0,Node 02: Network 3
14548,2025-07-18,01,31,06,052922,0.548299,03,1250,0,0,Node 03: Network 3
14549,2025-07-18,01,31,07,047683,0.994761,01,250,0,0,Node 01: Network 3
14550,2025-07-18,01,31,07,507688,0.460005,02,750,0,0,Node 02: Network 3
14551,2025-07-18,01,31,08,054585,0.546897,03,1250,0,0,Node 03: Network 3
14552,2025-07-18,01,31,09,049111,0.994526,01,250,0,0,Node 01: Network 3
14553,2025-07-18,01,31,09,592674,0.543563,02,750,0,0,Node 02: Network 3
14554,2025-07-18,01,31,10,057628,0.464954,03,1250,0,0,Node 03: Network 3
14555,2025-07-18,01,31,11,050533,0.992905,01,251,0,0,Node 01: Network 3
14556,2025-07-18,01,31,11,593976,0.543443,02,750,0,0,Node 02: Network 3
14557,2025-07-18,01,31,12,059233,0.465257,03,1250,0,0,Node 03: Network 3
14558,2025-07-18,01,31,13,050404,0.991171,01,250,0,0,Node 01: Network 3
14559,2025-07-18,01,31,13,604886,0.554482,02,750,0,0,Node 02: Network 3
14560,2025-07-18,01,31,14,062337,0.457451,03,1250,0,0,Node 03: Network 3
14561,2025-07-18,01,31,15,147774,1.085437,01,250,0,0,Node 01: Network 3
14562,2025-07-18,01,31,15,604883,0.457109,02,750,0,0,Node 02: Network 3
14563,2025-07-18,01,31,16,153341,0.548458,03,1250,0,0,Node 03: Network 3
14564,2025-07-18,01,31,17,150329,0.996988,01,250,0,0,Node 01: Network 3
14565,2025-07-18,01,31,17,608440,0.458111,02,750,0,0,Node 02: Network 3
14566,2025-07-18,01,31,18,155128,0.546688,03,1250,0,0,Node 03: Network 3
14567,2025-07-18,01,31,19,150793,0.995665,01,250,0,0,Node 01: Network 3
14568,2025-07-18,01,31,19,600284,0.449491,02,750,0,0,Node 02: Network 3
14569,2025-07-18,01,31,20,157773,0.557489,03,1250,0,0,Node 03: Network 3
14570,2025-07-18,01,31,21,151198,0.993425,01,250,0,0,Node 01: Network 3
14571,2025-07-18,01,31,21,613729,0.462531,02,750,0,0,Node 02: Network 3
14572,2025-07-18,01,31,22,160203,0.546474,03,1250,0,0,Node 03: Network 3
14573,2025-07-18,01,31,23,152351,0.992148,01,250,0,0,Node 01: Network 3
14574,2025-07-18,01,31,23,615148,0.462797,02,750,0,0,Node 02: Network 3
14575,2025-07-18,01,31,24,161577,0.546429,03,1250,0,0,Node 03: Network 3
14576,2025-07-18,01,31,25,152897,0.99132,01,250,0,0,Node 01: Network 3
14577,2025-07-18,01,31,25,616417,0.46352,02,750,0,0,Node 02: Network 3
14578,2025-07-18,01,31,26,163929,0.547512,03,1250,0,0,Node 03: Network 3
14579,2025-07-18,01,31,27,153922,0.989993,01,250,0,0,Node 01: Network 3
14580,2025-07-18,01,31,27,708321,0.554399,02,750,0,0,Node 02: Network 3
14581,2025-07-18,01,31,28,166933,0.458612,03,1251,0,0,Node 03: Network 3
14582,2025-07-18,01,31,28,694147,0.527214,BB,0,1,0,
14583,2025-07-18,01,31,30,699208,2.005061,BB,0,1,0,
14584,2025-07-18,01,31,30,736256,0.037048,01,1867,0,1,
14585,2025-07-18,01,31,30,756482,0.020226,02,1811,0,1,
14586,2025-07-18,01,31,30,792505,0.036023,03,1856,0,1,
14587,2025-07-18,01,31,31,014312,0.221807,01,250,0,0,Node 01: Network 3
14588,2025-07-18,01,31,31,515199,0.500887,02,750,0,0,Node 02: Network 3
14589,2025-07-18,01,31,32,016206,0.501007,03,1250,0,0,Node 03: Network 3
14590,2025-07-18,01,31,33,014087,0.997881,01,250,0,0,Node 01: Network 3
14591,2025-07-18,01,31,33,516305,0.502218,02,750,0,0,Node 02: Network 3
14592,2025-07-18,01,31,34,019117,0.502812,03,1250,0,0,Node 03: Network 3
14593,2025-07-18,01,31,35,061775,1.042658,01,250,0,0,Node 01: Network 3
14594,2025-07-18,01,31,35,605166,0.543391,02,750,0,0,Node 02: Network 3
14595,2025-07-18,01,31,36,022497,0.417331,03,1250,0,0,Node 03: Network 3
14596,2025-07-18,01,31,37,149603,1.127106,01,250,0,0,Node 01: Network 3
14597,2025-07-18,01,31,37,607143,0.45754,02,750,0,0,Node 02: Network 3
14598,2025-07-18,01,31,38,023762,0.416619,03,1250,0,0,Node 03: Network 3
14599,2025-07-18,01,31,39,150732,1.12697,01,250,0,0,Node 01: Network 3
14600,2025-07-18,01,31,39,610397,0.459665,02,750,0,0,Node 02: Network 3
14601,2025-07-18,01,31,40,026083,0.415686,03,1250,0,0,Node 03: Network 3
14602,2025-07-18,01,31,41,151162,1.125079,01,250,0,0,Node 01: Network 3
14603,2025-07-18,01,31,41,612728,0.461566,02,750,0,0,Node 02: Network 3
14604,2025-07-18,01,31,42,198422,0.585694,03,1250,0,0,Node 03: Network 3
14605,2025-07-18,01,31,43,157004,0.958582,01,250,0,0,Node 01: Network 3
14606,2025-07-18,01,31,43,614703,0.457699,02,750,0,0,Node 02: Network 3
14607,2025-07-18,01,31,44,200749,0.586046,03,1250,0,0,Node 03: Network 3
14608,2025-07-18,01,31,45,157807,0.957058,01,250,0,0,Node 01: Network 3
14609,2025-07-18,01,31,45,616085,0.458278,02,750,0,0,Node 02: Network 3
14610,2025-07-18,01,31,46,201717,0.585632,03,1250,0,0,Node 03: Network 3
14611,2025-07-18,01,31,47,159995,0.958278,01,250,0,0,Node 01: Network 3
14612,2025-07-18,01,31,47,617762,0.457767,02,750,0,0,Node 02: Network 3
14613,2025-07-18,01,31,48,206191,0.588429,03,1250,0,0,Node 03: Network 3
14614,2025-07-18,01,31,49,160891,0.9547,01,250,0,0,Node 01: Network 3
14615,2025-07-18,01,31,49,620134,0.459243,02,750,0,0,Node 02: Network 3
14616,2025-07-18,01,31,50,208512,0.588378,03,1250,0,0,Node 03: Network 3
14617,2025-07-18,01,31,51,161567,0.953055,01,250,0,0,Node 01: Network 3
14618,2025-07-18,01,31,51,621824,0.460257,02,750,0,0,Node 02: Network 3
14619,2025-07-18,01,31,52,208000,0.586176,03,1250,0,0,Node 03: Network 3
14620,2025-07-18,01,31,53,166049,0.958049,01,250,0,0,Node 01: Network 3
14621,2025-07-18,01,31,53,752040,0.585991,02,750,0,0,Node 02: Network 3
14622,2025-07-18,01,31,54,211029,0.458989,03,1250,0,0,Node 03: Network 3
14623,2025-07-18,01,31,54,749764,0.538735,BB,0,1,0,
14624,2025-07-18,01,31,54,819123,0.069359,03,448,0,1,
14625,2025-07-18,01,31,55,890969,1.071846,BB,0,1,0,
14626,2025-07-18,01,31,55,950035,0.059066,BB,0,1,0,01:1192:0:1
14627,2025-07-18,01,31,55,963298,0.013263,01,1047,0,1,
14628,2025-07-18,01,31,55,976454,0.013156,02,958,0,1,
14629,2025-07-18,01,31,56,034820,0.058366,02,279,0,1,279:0:1
14630,2025-07-18,01,31,56,118455,0.083635,03,1250,0,0,Node 03: Network 3
14631,2025-07-18,01,31,56,182817,0.064362,01,250,0,0,Node 01: Network 3
14632,2025-07-18,01,31,56,195971,0.013154,03,1209,0,1,
14633,2025-07-18,01,31,56,230047,0.034076,01,250,0,0,Node 01: Network 3
14634,2025-07-18,01,31,56,267839,0.037792,01,250,0,0,Node 01: Network 3
14635,2025-07-18,01,31,56,359023,0.091184,03,1250,0,0,Node 03: Network 3
14636,2025-07-18,01,31,56,438966,0.079943,01,250,0,0,Node 01: Network 3
14637,2025-07-18,01,31,56,503752,0.064786,02,750,0,0,Node 02: Network 3
14638,2025-07-18,01,31,56,586115,0.082363,03,1250,0,0,Node 03: Network 3
14639,2025-07-18,01,31,56,676812,0.090697,01,250,0,0,Node 01: Network 3
14640,2025-07-18,01,31,56,727106,0.050294,02,750,0,0,Node 02: Network 3
14641,2025-07-18,01,31,56,869718,0.142612,03,1250,0,0,Node 03: Network 3
14642,2025-07-18,01,31,56,904799,0.035081,BB,0,1,0,
14643,2025-07-18,01,31,58,759875,1.855076,BB,0,1,0,
14644,2025-07-18,01,31,58,813314,0.053439,02,1921,0,1,
14645,2025-07-18,01,31,58,830136,0.016822,01,1922,0,1,
14646,2025-07-18,01,31,58,891933,0.061797,03,826,0,1,
14647,2025-07-18,01,31,59,075805,0.183872,01,250,0,0,Node 01: Network 3
14648,2025-07-18,01,31,59,620055,0.54425,02,750,0,0,Node 02: Network 3
14649,2025-07-18,01,32,00,078365,0.45831,03,1250,0,0,Node 03: Network 3
14650,2025-07-18,01,32,01,076942,0.998577,01,250,0,0,Node 01: Network 3
14651,2025-07-18,01,32,01,622022,0.54508,02,750,0,0,Node 02: Network 3
14652,2025-07-18,01,32,02,080946,0.458924,03,1250,0,0,Node 03: Network 3
14653,2025-07-18,01,32,03,076611,0.995665,01,250,0,0,Node 01: Network 3
14654,2025-07-18,01,32,03,623895,0.547284,02,750,0,0,Node 02: Network 3
14655,2025-07-18,01,32,04,170834,0.546939,03,1250,0,0,Node 03: Network 3
14656,2025-07-18,01,32,05,078827,0.907993,01,250,0,0,Node 01: Network 3
14657,2025-07-18,01,32,05,622731,0.543904,02,750,0,0,Node 02: Network 3
14658,2025-07-18,01,32,06,173150,0.550419,03,1250,0,0,Node 03: Network 3
14659,2025-07-18,01,32,07,079791,0.906641,01,250,0,0,Node 01: Network 3
14660,2025-07-18,01,32,07,624859,0.545068,02,750,0,0,Node 02: Network 3
14661,2025-07-18,01,32,08,173884,0.549025,03,1250,0,0,Node 03: Network 3
14662,2025-07-18,01,32,09,079896,0.906012,01,250,0,0,Node 01: Network 3
14663,2025-07-18,01,32,09,626174,0.546278,02,750,0,0,Node 02: Network 3
14664,2025-07-18,01,32,11,080242,1.454068,01,250,0,0,Node 01: Network 3
14665,2025-07-18,01,32,12,127247,1.047005,03,1250,0,0,Node 03: Network 3
14666,2025-07-18,01,32,13,080281,0.953034,01,250,0,0,Node 01: Network 3
14667,2025-07-18,01,32,13,671204,0.590923,02,750,0,0,Node 02: Network 3
14668,2025-07-18,01,32,14,127417,0.456213,03,1250,0,0,Node 03: Network 3
14669,2025-07-18,01,32,15,081425,0.954008,01,250,0,0,Node 01: Network 3
14670,2025-07-18,01,32,15,672948,0.591523,02,750,0,0,Node 02: Network 3
14671,2025-07-18,01,32,16,129111,0.456163,03,1250,0,0,Node 03: Network 3
14672,2025-07-18,01,32,17,082611,0.9535,01,250,0,0,Node 01: Network 3
14673,2025-07-18,01,32,17,674673,0.592062,02,750,0,0,Node 02: Network 3
14674,2025-07-18,01,32,18,131438,0.456765,03,1250,0,0,Node 03: Network 3
14675,2025-07-18,01,32,19,083536,0.952098,01,250,0,0,Node 01: Network 3
14676,2025-07-18,01,32,19,627668,0.544132,02,750,0,0,Node 02: Network 3
14677,2025-07-18,01,32,20,133606,0.505938,03,1250,0,0,Node 03: Network 3
14678,2025-07-18,01,32,21,084450,0.950844,01,250,0,0,Node 01: Network 3
14679,2025-07-18,01,32,21,630678,0.546228,02,750,0,0,Node 02: Network 3
14680,2025-07-18,01,32,22,135667,0.504989,03,1250,0,0,Node 03: Network 3
14681,2025-07-18,01,32,23,084705,0.949038,01,250,0,0,Node 01: Network 3
14682,2025-07-18,01,32,23,633011,0.548306,02,750,0,0,Node 02: Network 3
14683,2025-07-18,01,32,24,137281,0.50427,03,1250,0,0,Node 03: Network 3
14684,2025-07-18,01,32,25,176255,1.038974,01,250,0,0,Node 01: Network 3
14685,2025-07-18,01,32,25,634679,0.458424,02,750,0,0,Node 02: Network 3
14686,2025-07-18,01,32,26,139366,0.504687,03,1250,0,0,Node 03: Network 3
14687,2025-07-18,01,32,27,177573,1.038207,01,250,0,0,Node 01: Network 3
14688,2025-07-18,01,32,27,683923,0.50635,02,750,0,0,Node 02: Network 3
14689,2025-07-18,01,32,28,142023,0.4581,03,1250,0,0,Node 03: Network 3
14690,2025-07-18,01,32,29,177877,1.035854,01,250,0,0,Node 01: Network 3
14691,2025-07-18,01,32,29,686429,0.508552,02,750,0,0,Node 02: Network 3
14692,2025-07-18,01,32,30,143902,0.457473,03,1250,0,0,Node 03: Network 3
14693,2025-07-18,01,32,31,178223,1.034321,01,250,0,0,Node 01: Network 3
14694,2025-07-18,01,32,31,687828,0.509605,02,750,0,0,Node 02: Network 3
14695,2025-07-18,01,32,32,226439,0.538611,03,1250,0,0,Node 03: Network 3
14696,2025-07-18,01,32,33,179721,0.953282,01,250,0,0,Node 01: Network 3
14697,2025-07-18,01,32,33,689966,0.510245,02,750,0,0,Node 02: Network 3
14698,2025-07-18,01,32,34,227372,0.537406,03,1250,0,0,Node 03: Network 3
14699,2025-07-18,01,32,35,179745,0.952373,01,250,0,0,Node 01: Network 3
14700,2025-07-18,01,32,35,691207,0.511462,02,750,0,0,Node 02: Network 3
14701,2025-07-18,01,32,36,229665,0.538458,03,1250,0,0,Node 03: Network 3
14702,2025-07-18,01,32,37,181091,0.951426,01,250,0,0,Node 01: Network 3
14703,2025-07-18,01,32,37,694392,0.513301,02,750,0,0,Node 02: Network 3
14704,2025-07-18,01,32,38,231287,0.536895,03,1250,0,0,Node 03: Network 3
14705,2025-07-18,01,32,39,181909,0.950622,01,250,0,0,Node 01: Network 3
14706,2025-07-18,01,32,39,775501,0.593592,02,750,0,0,Node 02: Network 3
14707,2025-07-18,01,32,40,233618,0.458117,03,1250,0,0,Node 03: Network 3
14708,2025-07-18,01,32,41,182972,0.949354,01,250,0,0,Node 01: Network 3
14709,2025-07-18,01,32,41,777020,0.594048,02,750,0,0,Node 02: Network 3
14710,2025-07-18,01,32,42,235454,0.458434,03,1250,0,0,Node 03: Network 3
14711,2025-07-18,01,32,43,182589,0.947135,01,250,0,0,Node 01: Network 3
14712,2025-07-18,01,32,43,779451,0.596862,02,750,0,0,Node 02: Network 3
14713,2025-07-18,01,32,44,238522,0.459071,03,1250,0,0,Node 03: Network 3
14714,2025-07-18,01,32,45,184219,0.945697,01,250,0,0,Node 01: Network 3
14715,2025-07-18,01,32,45,781061,0.596842,02,750,0,0,Node 02: Network 3
14716,2025-07-18,01,32,46,241540,0.460479,03,1250,0,0,Node 03: Network 3
14717,2025-07-18,01,32,47,184189,0.942649,01,250,0,0,Node 01: Network 3
14718,2025-07-18,01,32,47,782579,0.59839,02,750,0,0,Node 02: Network 3
14719,2025-07-18,01,32,48,243392,0.460813,03,1250,0,0,Node 03: Network 3
14720,2025-07-18,01,32,49,326979,1.083587,01,250,0,0,Node 01: Network 3
14721,2025-07-18,01,32,49,784412,0.457433,02,750,0,0,Node 02: Network 3
14722,2025-07-18,01,32,50,245793,0.461381,03,1250,0,0,Node 03: Network 3
14723,2025-07-18,01,32,51,328107,1.082314,01,250,0,0,Node 01: Network 3
14724,2025-07-18,01,32,51,787263,0.459156,02,750,0,0,Node 02: Network 3
14725,2025-07-18,01,32,52,247141,0.459878,03,1250,0,0,Node 03: Network 3
14726,2025-07-18,01,32,53,328592,1.081451,01,250,0,0,Node 01: Network 3
14727,2025-07-18,01,32,53,790014,0.461422,02,750,0,0,Node 02: Network 3
14728,2025-07-18,01,32,54,249406,0.459392,03,1250,0,0,Node 03: Network 3
14729,2025-07-18,01,32,55,329352,1.079946,01,250,0,0,Node 01: Network 3
14730,2025-07-18,01,32,55,791793,0.462441,02,750,0,0,Node 02: Network 3
14731,2025-07-18,01,32,56,250993,0.4592,03,1250,0,0,Node 03: Network 3
14732,2025-07-18,01,32,57,329144,1.078151,01,250,0,0,Node 01: Network 3
14733,2025-07-18,01,32,57,792996,0.463852,02,750,0,0,Node 02: Network 3
14734,2025-07-18,01,32,58,376271,0.583275,03,1251,0,0,Node 03: Network 3
14735,2025-07-18,01,32,59,331024,0.954753,01,250,0,0,Node 01: Network 3
14736,2025-07-18,01,32,59,795822,0.464798,02,750,0,0,Node 02: Network 3
14737,2025-07-18,01,33,00,378225,0.582403,03,1250,0,0,Node 03: Network 3
14738,2025-07-18,01,33,01,331291,0.953066,01,250,0,0,Node 01: Network 3
14739,2025-07-18,01,33,01,797698,0.466407,02,750,0,0,Node 02: Network 3
14740,2025-07-18,01,33,02,380815,0.583117,03,1250,0,0,Node 03: Network 3
14741,2025-07-18,01,33,03,332566,0.951751,01,250,0,0,Node 01: Network 3
14742,2025-07-18,01,33,03,799513,0.466947,02,750,0,0,Node 02: Network 3
14743,2025-07-18,01,33,04,383670,0.584157,03,1250,0,0,Node 03: Network 3
14744,2025-07-18,01,33,05,332976,0.949306,01,250,0,0,Node 01: Network 3
14745,2025-07-18,01,33,05,801553,0.468577,02,750,0,0,Node 02: Network 3
14746,2025-07-18,01,33,06,384125,0.582572,03,1250,0,0,Node 03: Network 3
14747,2025-07-18,01,33,07,334161,0.950036,01,250,0,0,Node 01: Network 3
14748,2025-07-18,01,33,07,802390,0.468229,02,750,0,0,Node 02: Network 3
14749,2025-07-18,01,33,08,387113,0.584723,03,1250,0,0,Node 03: Network 3
14750,2025-07-18,01,33,09,347890,0.960777,01,250,0,0,Node 01: Network 3
14751,2025-07-18,01,33,09,806791,0.458901,02,750,0,0,Node 02: Network 3
14752,2025-07-18,01,33,10,388817,0.582026,03,1250,0,0,Node 03: Network 3
14753,2025-07-18,01,33,11,348014,0.959197,01,250,0,0,Node 01: Network 3
14754,2025-07-18,01,33,11,932811,0.584797,02,750,0,0,Node 02: Network 3
14755,2025-07-18,01,33,12,390974,0.458163,03,1250,0,0,Node 03: Network 3
14756,2025-07-18,01,33,12,921699,0.530725,BB,0,1,0,
14757,2025-07-18,01,33,14,926360,2.004661,BB,0,1,0,
14758,2025-07-18,01,33,14,960591,0.034231,01,1900,0,1,
14759,2025-07-18,01,33,14,987590,0.026999,03,1857,0,1,
14760,2025-07-18,01,33,15,001981,0.014391,02,1813,0,1,
14761,2025-07-18,01,33,15,240917,0.238936,01,250,0,0,Node 01: Network 3
14762,2025-07-18,01,33,15,742916,0.501999,02,750,0,0,Node 02: Network 3
14763,2025-07-18,01,33,16,245043,0.502127,03,1250,0,0,Node 03: Network 3
14764,2025-07-18,01,33,17,241845,0.996802,01,250,0,0,Node 01: Network 3
14765,2025-07-18,01,33,17,744515,0.50267,02,750,0,0,Node 02: Network 3
14766,2025-07-18,01,33,18,247195,0.50268,03,1250,0,0,Node 03: Network 3
14767,2025-07-18,01,33,19,241921,0.994726,01,250,0,0,Node 01: Network 3
14768,2025-07-18,01,33,19,746702,0.504781,02,750,0,0,Node 02: Network 3
14769,2025-07-18,01,33,21,243001,1.496299,01,250,0,0,Node 01: Network 3
14770,2025-07-18,01,33,21,748626,0.505625,02,750,0,0,Node 02: Network 3
14771,2025-07-18,01,33,22,291415,0.542789,03,1250,0,0,Node 03: Network 3
14772,2025-07-18,01,33,23,293634,1.002219,01,250,0,0,Node 01: Network 3
14773,2025-07-18,01,33,23,749806,0.456172,02,750,0,0,Node 02: Network 3
14774,2025-07-18,01,33,24,293688,0.543882,03,1250,0,0,Node 03: Network 3
14775,2025-07-18,01,33,25,293765,1.000077,01,250,0,0,Node 01: Network 3
14776,2025-07-18,01,33,25,752484,0.458719,02,750,0,0,Node 02: Network 3
14777,2025-07-18,01,33,26,295638,0.543154,03,1250,0,0,Node 03: Network 3
14778,2025-07-18,01,33,27,294613,0.998975,01,250,0,0,Node 01: Network 3
14779,2025-07-18,01,33,27,754888,0.460275,02,750,0,0,Node 02: Network 3
14780,2025-07-18,01,33,28,297413,0.542525,03,1250,0,0,Node 03: Network 3
14781,2025-07-18,01,33,29,296656,0.999243,01,250,0,0,Node 01: Network 3
14782,2025-07-18,01,33,29,841714,0.545058,02,750,0,0,Node 02: Network 3
14783,2025-07-18,01,33,30,299707,0.457993,03,1250,0,0,Node 03: Network 3
14784,2025-07-18,01,33,31,296939,0.997232,01,250,0,0,Node 01: Network 3
14785,2025-07-18,01,33,31,844408,0.547469,02,750,0,0,Node 02: Network 3
14786,2025-07-18,01,33,32,302051,0.457643,03,1250,0,0,Node 03: Network 3
14787,2025-07-18,01,33,33,297295,0.995244,01,250,0,0,Node 01: Network 3
14788,2025-07-18,01,33,33,845817,0.548522,02,750,0,0,Node 02: Network 3
14789,2025-07-18,01,33,34,304664,0.458847,03,1250,0,0,Node 03: Network 3
14790,2025-07-18,01,33,35,298232,0.993568,01,250,0,0,Node 01: Network 3
14791,2025-07-18,01,33,35,848361,0.550129,02,750,0,0,Node 02: Network 3
14792,2025-07-18,01,33,36,306125,0.457764,03,1250,0,0,Node 03: Network 3
14793,2025-07-18,01,33,37,297578,0.991453,01,250,0,0,Node 01: Network 3
14794,2025-07-18,01,33,37,849250,0.551672,02,750,0,0,Node 02: Network 3
14795,2025-07-18,01,33,38,308832,0.459582,03,1250,0,0,Node 03: Network 3
14796,2025-07-18,01,33,39,352939,1.044107,01,250,0,0,Node 01: Network 3
14797,2025-07-18,01,33,39,851463,0.498524,02,750,0,0,Node 02: Network 3
14798,2025-07-18,01,33,40,311080,0.459617,03,1250,0,0,Node 03: Network 3
14799,2025-07-18,01,33,41,353898,1.042818,01,250,0,0,Node 01: Network 3
14800,2025-07-18,01,33,41,852978,0.49908,02,750,0,0,Node 02: Network 3
14801,2025-07-18,01,33,42,313042,0.460064,03,1250,0,0,Node 03: Network 3
14802,2025-07-18,01,33,43,354780,1.041738,01,250,0,0,Node 01: Network 3
14803,2025-07-18,01,33,43,855614,0.500834,02,750,0,0,Node 02: Network 3
14804,2025-07-18,01,33,44,314270,0.458656,03,1250,0,0,Node 03: Network 3
14805,2025-07-18,01,33,45,355577,1.041307,01,250,0,0,Node 01: Network 3
14806,2025-07-18,01,33,45,857215,0.501638,02,750,0,0,Node 02: Network 3
14807,2025-07-18,01,33,46,317286,0.460071,03,1250,0,0,Node 03: Network 3
14808,2025-07-18,01,33,47,355378,1.038092,01,250,0,0,Node 01: Network 3
14809,2025-07-18,01,33,47,860115,0.504737,02,750,0,0,Node 02: Network 3
14810,2025-07-18,01,33,48,319050,0.458935,03,1250,0,0,Node 03: Network 3
14811,2025-07-18,01,33,49,357918,1.038868,01,250,0,0,Node 01: Network 3
14812,2025-07-18,01,33,49,861712,0.503794,02,750,0,0,Node 02: Network 3
14813,2025-07-18,01,33,50,321063,0.459351,03,1250,0,0,Node 03: Network 3
14814,2025-07-18,01,33,51,357384,1.036321,01,250,0,0,Node 01: Network 3
14815,2025-07-18,01,33,51,864799,0.507415,02,750,0,0,Node 02: Network 3
14816,2025-07-18,01,33,52,323217,0.458418,03,1250,0,0,Node 03: Network 3
14817,2025-07-18,01,33,53,358883,1.035666,01,250,0,0,Node 01: Network 3
14818,2025-07-18,01,33,53,867242,0.508359,02,750,0,0,Node 02: Network 3
14819,2025-07-18,01,33,54,326254,0.459012,03,1250,0,0,Node 03: Network 3
14820,2025-07-18,01,33,55,412436,1.086182,01,250,0,0,Node 01: Network 3
14821,2025-07-18,01,33,55,869706,0.45727,02,750,0,0,Node 02: Network 3
14822,2025-07-18,01,33,56,328135,0.458429,03,1250,0,0,Node 03: Network 3
14823,2025-07-18,01,33,57,412225,1.08409,01,250,0,0,Node 01: Network 3
14824,2025-07-18,01,33,57,870963,0.458738,02,750,0,0,Node 02: Network 3
14825,2025-07-18,01,33,58,330054,0.459091,03,1250,0,0,Node 03: Network 3
14826,2025-07-18,01,33,59,413781,1.083727,01,250,0,0,Node 01: Network 3
14827,2025-07-18,01,33,59,874937,0.461156,02,750,0,0,Node 02: Network 3
14828,2025-07-18,01,34,00,332429,0.457492,03,1250,0,0,Node 03: Network 3
14829,2025-07-18,01,34,01,413600,1.081171,01,250,0,0,Node 01: Network 3
14830,2025-07-18,01,34,01,877431,0.463831,02,750,0,0,Node 02: Network 3
14831,2025-07-18,01,34,02,334319,0.456888,03,1250,0,0,Node 03: Network 3
14832,2025-07-18,01,34,03,415142,1.080823,01,250,0,0,Node 01: Network 3
14833,2025-07-18,01,34,03,880206,0.465064,02,750,0,0,Node 02: Network 3
14834,2025-07-18,01,34,04,259860,0.379654,BB,0,1,0,
14835,2025-07-18,01,34,04,322456,0.062596,BB,0,1,0,02:1921:0:1
14836,2025-07-18,01,34,04,380891,0.058435,01,1922,0,1,826:0:1
14837,2025-07-18,01,34,04,403495,0.022604,02,1266,0,1,
14838,2025-07-18,01,34,04,416438,0.012943,03,1310,0,1,
14839,2025-07-18,01,34,04,430454,0.014016,01,1230,0,1,
14840,2025-07-18,01,34,04,492197,0.061743,01,250,0,0,Node 01: Network 3
14841,2025-07-18,01,34,04,606469,0.114272,02,750,0,0,Node 02: Network 3
14842,2025-07-18,01,34,04,764165,0.157696,01,250,0,0,Node 01: Network 3
14843,2025-07-18,01,34,04,838443,0.074278,02,750,0,0,Node 02: Network 3
14844,2025-07-18,01,34,04,897487,0.059044,01,250,0,0,Node 01: Network 3
14845,2025-07-18,01,34,04,930989,0.033502,03,1250,0,0,Node 03: Network 3
14846,2025-07-18,01,34,04,977174,0.046185,01,250,0,0,Node 01: Network 3
14847,2025-07-18,01,34,05,066066,0.088892,02,750,0,0,Node 02: Network 3
14848,2025-07-18,01,34,05,100614,0.034548,03,1250,0,0,Node 03: Network 3
14849,2025-07-18,01,34,05,131324,0.03071,BB,0,1,0,
14850,2025-07-18,01,34,05,201921,0.070597,01,250,0,0,Node 01: Network 3
14851,2025-07-18,01,34,05,281064,0.079143,02,764,0,0,Node 02: Network 3
14852,2025-07-18,01,34,05,352435,0.071371,02,750,0,0,Node 02: Network 3
14853,2025-07-18,01,34,05,418964,0.066529,03,1250,0,0,Node 03: Network 3
14854,2025-07-18,01,34,05,459322,0.040358,02,780,0,0,Node 02: Network 3
14855,2025-07-18,01,34,05,806658,0.347336,03,1250,0,0,Node 03: Network 3
14856,2025-07-18,01,34,06,801094,0.994436,01,250,0,0,Node 01: Network 3
14857,2025-07-18,01,34,07,041566,0.240472,BB,0,1,0,
14858,2025-07-18,01,34,09,044737,2.003171,BB,0,1,0,
14859,2025-07-18,01,34,09,097939,0.053202,03,560,0,1,
14860,2025-07-18,01,34,09,116136,0.018197,01,566,0,1,
14861,2025-07-18,01,34,09,138109,0.021973,02,468,0,1,
14862,2025-07-18,01,34,09,360263,0.222154,01,250,0,0,Node 01: Network 3
14863,2025-07-18,01,34,09,860018,0.499755,02,750,0,0,Node 02: Network 3
14864,2025-07-18,01,34,10,407098,0.54708,03,1250,0,0,Node 03: Network 3
14865,2025-07-18,01,34,11,360754,0.953656,01,250,0,0,Node 01: Network 3
14866,2025-07-18,01,34,11,863133,0.502379,02,750,0,0,Node 02: Network 3
14867,2025-07-18,01,34,12,410167,0.547034,03,1250,0,0,Node 03: Network 3
14868,2025-07-18,01,34,13,389143,0.978976,01,250,0,0,Node 01: Network 3
14869,2025-07-18,01,34,13,864894,0.475751,02,750,0,0,Node 02: Network 3
14870,2025-07-18,01,34,14,411562,0.546668,03,1250,0,0,Node 03: Network 3
14871,2025-07-18,01,34,15,361938,0.950376,01,250,0,0,Node 01: Network 3
14872,2025-07-18,01,34,15,867163,0.505225,02,750,0,0,Node 02: Network 3
14873,2025-07-18,01,34,16,412976,0.545813,03,1250,0,0,Node 03: Network 3
14874,2025-07-18,01,34,17,363089,0.950113,01,250,0,0,Node 01: Network 3
14875,2025-07-18,01,34,17,869261,0.506172,02,750,0,0,Node 02: Network 3
14876,2025-07-18,01,34,18,416735,0.547474,03,1250,0,0,Node 03: Network 3
14877,2025-07-18,01,34,19,364053,0.947318,01,251,0,0,Node 01: Network 3
14878,2025-07-18,01,34,19,961152,0.597099,02,750,0,0,Node 02: Network 3
14879,2025-07-18,01,34,20,410651,0.449499,03,1250,0,0,Node 03: Network 3
14880,2025-07-18,01,34,21,364794,0.954143,01,250,0,0,Node 01: Network 3
14881,2025-07-18,01,34,21,963470,0.598676,02,750,0,0,Node 02: Network 3
14882,2025-07-18,01,34,22,412828,0.449358,03,1250,0,0,Node 03: Network 3
14883,2025-07-18,01,34,23,365452,0.952624,01,250,0,0,Node 01: Network 3
14884,2025-07-18,01,34,23,956086,0.590634,02,750,0,0,Node 02: Network 3
14885,2025-07-18,01,34,24,414017,0.457931,03,1250,0,0,Node 03: Network 3
14886,2025-07-18,01,34,25,365186,0.951169,01,250,0,0,Node 01: Network 3
14887,2025-07-18,01,34,25,958717,0.593531,02,750,0,0,Node 02: Network 3
14888,2025-07-18,01,34,26,416163,0.457446,03,1250,0,0,Node 03: Network 3
14889,2025-07-18,01,34,27,459831,1.043668,01,250,0,0,Node 01: Network 3
14890,2025-07-18,01,34,27,960083,0.500252,02,750,0,0,Node 02: Network 3
14891,2025-07-18,01,34,28,418808,0.458725,03,1250,0,0,Node 03: Network 3
14892,2025-07-18,01,34,29,460791,1.041983,01,250,0,0,Node 01: Network 3
14893,2025-07-18,01,34,29,962977,0.502186,02,750,0,0,Node 02: Network 3
14894,2025-07-18,01,34,30,508205,0.545228,03,1250,0,0,Node 03: Network 3
14895,2025-07-18,01,34,31,964912,1.456707,02,750,0,0,Node 02: Network 3
14896,2025-07-18,01,34,32,509747,0.544835,03,1250,0,0,Node 03: Network 3
14897,2025-07-18,01,34,33,509424,0.999677,01,250,0,0,Node 01: Network 3
14898,2025-07-18,01,34,33,967098,0.457674,02,750,0,0,Node 02: Network 3
14899,2025-07-18,01,34,34,512520,0.545422,03,1250,0,0,Node 03: Network 3
14900,2025-07-18,01,34,35,511766,0.999246,01,250,0,0,Node 01: Network 3
14901,2025-07-18,01,34,36,056835,0.545069,02,750,0,0,Node 02: Network 3
14902,2025-07-18,01,34,36,558318,0.501483,03,1250,0,0,Node 03: Network 3
14903,2025-07-18,01,34,37,512058,0.95374,01,250,0,0,Node 01: Network 3
14904,2025-07-18,01,34,38,058220,0.546162,02,750,0,0,Node 02: Network 3
14905,2025-07-18,01,34,38,560711,0.502491,03,1250,0,0,Node 03: Network 3
14906,2025-07-18,01,34,39,603617,1.042906,01,250,0,0,Node 01: Network 3
14907,2025-07-18,01,34,40,563090,0.959473,03,1250,0,0,Node 03: Network 3
14908,2025-07-18,01,34,41,604404,1.041314,01,250,0,0,Node 01: Network 3
14909,2025-07-18,01,34,42,106187,0.501783,02,750,0,0,Node 02: Network 3
14910,2025-07-18,01,34,42,564825,0.458638,03,1250,0,0,Node 03: Network 3
14911,2025-07-18,01,34,43,606397,1.041572,01,250,0,0,Node 01: Network 3
14912,2025-07-18,01,34,44,109523,0.503126,02,750,0,0,Node 02: Network 3
14913,2025-07-18,01,34,44,567150,0.457627,03,1250,0,0,Node 03: Network 3
14914,2025-07-18,01,34,45,606645,1.039495,01,250,0,0,Node 01: Network 3
14915,2025-07-18,01,34,46,112116,0.505471,02,750,0,0,Node 02: Network 3
14916,2025-07-18,01,34,46,569631,0.457515,03,1250,0,0,Node 03: Network 3
14917,2025-07-18,01,34,47,606437,1.036806,01,250,0,0,Node 01: Network 3
14918,2025-07-18,01,34,48,113380,0.506943,02,750,0,0,Node 02: Network 3
14919,2025-07-18,01,34,48,653902,0.540522,03,1250,0,0,Node 03: Network 3
14920,2025-07-18,01,34,49,132224,0.478322,BB,0,1,0,
14921,2025-07-18,01,34,49,183279,0.051055,02,1043,0,1,
14922,2025-07-18,01,34,51,136825,1.953546,BB,0,1,0,
14923,2025-07-18,01,34,51,194348,0.057523,02,1046,0,1,
14924,2025-07-18,01,34,51,228438,0.03409,01,1852,0,1,
14925,2025-07-18,01,34,51,300884,0.072446,03,1805,0,1,
14926,2025-07-18,01,34,51,452804,0.15192,01,250,0,0,Node 01: Network 3
14927,2025-07-18,01,34,51,952590,0.499786,02,750,0,0,Node 02: Network 3
14928,2025-07-18,01,34,52,456758,0.504168,03,1250,0,0,Node 03: Network 3
14929,2025-07-18,01,34,53,954350,1.497592,02,750,0,0,Node 02: Network 3
14930,2025-07-18,01,34,54,458524,0.504174,03,1250,0,0,Node 03: Network 3
14931,2025-07-18,01,34,55,501841,1.043317,01,250,0,0,Node 01: Network 3
14932,2025-07-18,01,34,55,956508,0.454667,02,750,0,0,Node 02: Network 3
14933,2025-07-18,01,34,56,548693,0.592185,03,1250,0,0,Node 03: Network 3
14934,2025-07-18,01,34,57,502385,0.953692,01,250,0,0,Node 01: Network 3
14935,2025-07-18,01,34,57,958610,0.456225,02,750,0,0,Node 02: Network 3
14936,2025-07-18,01,34,58,550176,0.591566,03,1250,0,0,Node 03: Network 3
14937,2025-07-18,01,34,59,503043,0.952867,01,250,0,0,Node 01: Network 3
14938,2025-07-18,01,34,59,960425,0.457382,02,750,0,0,Node 02: Network 3
14939,2025-07-18,01,35,00,550182,0.589757,03,1250,0,0,Node 03: Network 3
14940,2025-07-18,01,35,01,504044,0.953862,01,250,0,0,Node 01: Network 3
14941,2025-07-18,01,35,01,962621,0.458577,02,750,0,0,Node 02: Network 3
14942,2025-07-18,01,35,02,551858,0.589237,03,1250,0,0,Node 03: Network 3
14943,2025-07-18,01,35,03,517222,0.965364,01,250,0,0,Node 01: Network 3
14944,2025-07-18,01,35,03,964528,0.447306,02,750,0,0,Node 02: Network 3
14945,2025-07-18,01,35,04,554118,0.58959,03,1250,0,0,Node 03: Network 3
14946,2025-07-18,01,35,05,525370,0.971252,01,250,0,0,Node 01: Network 3
14947,2025-07-18,01,35,05,966841,0.441471,02,750,0,0,Node 02: Network 3
14948,2025-07-18,01,35,06,527482,0.560641,03,1250,0,0,Node 03: Network 3
14949,2025-07-18,01,35,07,506038,0.978556,01,250,0,0,Node 01: Network 3
14950,2025-07-18,01,35,07,968042,0.462004,02,750,0,0,Node 02: Network 3
14951,2025-07-18,01,35,08,529233,0.561191,03,1250,0,0,Node 03: Network 3
14952,2025-07-18,01,35,09,507594,0.978361,01,250,0,0,Node 01: Network 3
14953,2025-07-18,01,35,09,969680,0.462086,02,750,0,0,Node 02: Network 3
14954,2025-07-18,01,35,10,531470,0.56179,03,1250,0,0,Node 03: Network 3
14955,2025-07-18,01,35,11,507683,0.976213,01,250,0,0,Node 01: Network 3
14956,2025-07-18,01,35,11,971888,0.464205,02,750,0,0,Node 02: Network 3
14957,2025-07-18,01,35,12,534302,0.562414,03,1250,0,0,Node 03: Network 3
14958,2025-07-18,01,35,13,508112,0.97381,01,250,0,0,Node 01: Network 3
14959,2025-07-18,01,35,14,078201,0.570089,02,750,0,0,Node 02: Network 3
14960,2025-07-18,01,35,14,554884,0.476683,03,1250,0,0,Node 03: Network 3
14961,2025-07-18,01,35,15,508929,0.954045,01,250,0,0,Node 01: Network 3
14962,2025-07-18,01,35,16,080661,0.571732,02,750,0,0,Node 02: Network 3
14963,2025-07-18,01,35,16,556920,0.476259,03,1250,0,0,Node 03: Network 3
14964,2025-07-18,01,35,17,625254,1.068334,01,251,0,0,Node 01: Network 3
14965,2025-07-18,01,35,18,081811,0.456557,02,750,0,0,Node 02: Network 3
14966,2025-07-18,01,35,18,560360,0.478549,03,1250,0,0,Node 03: Network 3
14967,2025-07-18,01,35,19,626041,1.065681,01,250,0,0,Node 01: Network 3
14968,2025-07-18,01,35,20,084108,0.458067,02,750,0,0,Node 02: Network 3
14969,2025-07-18,01,35,20,561984,0.477876,03,1250,0,0,Node 03: Network 3
14970,2025-07-18,01,35,21,627840,1.065856,01,250,0,0,Node 01: Network 3
14971,2025-07-18,01,35,22,087165,0.459325,02,750,0,0,Node 02: Network 3
14972,2025-07-18,01,35,22,675196,0.588031,03,1250,0,0,Node 03: Network 3
14973,2025-07-18,01,35,23,631680,0.956484,01,250,0,0,Node 01: Network 3
14974,2025-07-18,01,35,24,089407,0.457727,02,750,0,0,Node 02: Network 3
14975,2025-07-18,01,35,24,676209,0.586802,03,1250,0,0,Node 03: Network 3
14976,2025-07-18,01,35,25,631513,0.955304,01,250,0,0,Node 01: Network 3
14977,2025-07-18,01,35,26,091615,0.460102,02,750,0,0,Node 02: Network 3
14978,2025-07-18,01,35,26,679227,0.587612,03,1250,0,0,Node 03: Network 3
14979,2025-07-18,01,35,27,636665,0.957438,01,250,0,0,Node 01: Network 3
14980,2025-07-18,01,35,28,093697,0.457032,02,750,0,0,Node 02: Network 3
14981,2025-07-18,01,35,28,681877,0.58818,03,1250,0,0,Node 03: Network 3
14982,2025-07-18,01,35,29,636448,0.954571,01,250,0,0,Node 01: Network 3
14983,2025-07-18,01,35,30,095855,0.459407,02,750,0,0,Node 02: Network 3
14984,2025-07-18,01,35,30,684515,0.58866,03,1250,0,0,Node 03: Network 3
14985,2025-07-18,01,35,31,638150,0.953635,01,250,0,0,Node 01: Network 3
14986,2025-07-18,01,35,32,097638,0.459488,02,750,0,0,Node 02: Network 3
14987,2025-07-18,01,35,32,686032,0.588394,03,1250,0,0,Node 03: Network 3
14988,2025-07-18,01,35,33,638065,0.952033,01,250,0,0,Node 01: Network 3
14989,2025-07-18,01,35,34,098542,0.460477,02,750,0,0,Node 02: Network 3
14990,2025-07-18,01,35,34,688045,0.589503,03,1250,0,0,Node 03: Network 3
14991,2025-07-18,01,35,35,641338,0.953293,01,250,0,0,Node 01: Network 3
14992,2025-07-18,01,35,36,100520,0.459182,02,750,0,0,Node 02: Network 3
14993,2025-07-18,01,35,36,690065,0.589545,03,1250,0,0,Node 03: Network 3
14994,2025-07-18,01,35,37,641315,0.95125,01,250,0,0,Node 01: Network 3
14995,2025-07-18,01,35,38,101090,0.459775,02,750,0,0,Node 02: Network 3
14996,2025-07-18,01,35,38,692772,0.591682,03,1250,0,0,Node 03: Network 3
14997,2025-07-18,01,35,39,646466,0.953694,01,250,0,0,Node 01: Network 3
14998,2025-07-18,01,35,40,106121,0.459655,02,750,0,0,Node 02: Network 3
14999,2025-07-18,01,35,40,694675,0.588554,03,1250,0,0,Node 03: Network 3
15000,2025-07-18,01,35,41,646222,0.951547,01,250,0,0,Node 01: Network 3
15001,2025-07-18,01,35,42,107759,0.461537,02,750,0,0,Node 02: Network 3
15002,2025-07-18,01,35,42,695590,0.587831,03,1250,0,0,Node 03: Network 3
15003,2025-07-18,01,35,43,648195,0.952605,01,250,0,0,Node 01: Network 3
15004,2025-07-18,01,35,44,109765,0.46157,02,750,0,0,Node 02: Network 3
15005,2025-07-18,01,35,44,699642,0.589877,03,1250,0,0,Node 03: Network 3
15006,2025-07-18,01,35,45,653629,0.953987,01,250,0,0,Node 01: Network 3
15007,2025-07-18,01,35,46,111683,0.458054,02,750,0,0,Node 02: Network 3
15008,2025-07-18,01,35,46,701700,0.590017,03,1250,0,0,Node 03: Network 3
15009,2025-07-18,01,35,47,656837,0.955137,01,250,0,0,Node 01: Network 3
15010,2025-07-18,01,35,48,113577,0.45674,02,750,0,0,Node 02: Network 3
15011,2025-07-18,01,35,48,703886,0.590309,03,1250,0,0,Node 03: Network 3
15012,2025-07-18,01,35,49,658013,0.954127,01,250,0,0,Node 01: Network 3
15013,2025-07-18,01,35,50,115536,0.457523,02,750,0,0,Node 02: Network 3
15014,2025-07-18,01,35,50,705703,0.590167,03,1250,0,0,Node 03: Network 3
15015,2025-07-18,01,35,51,657609,0.951906,01,250,0,0,Node 01: Network 3
15016,2025-07-18,01,35,52,117480,0.459871,02,750,0,0,Node 02: Network 3
15017,2025-07-18,01,35,52,707429,0.589949,03,1250,0,0,Node 03: Network 3
15018,2025-07-18,01,35,53,658288,0.950859,01,250,0,0,Node 01: Network 3
15019,2025-07-18,01,35,54,118794,0.460506,02,750,0,0,Node 02: Network 3
15020,2025-07-18,01,35,54,709537,0.590743,03,1250,0,0,Node 03: Network 3
15021,2025-07-18,01,35,55,659083,0.949546,01,250,0,0,Node 01: Network 3
15022,2025-07-18,01,35,56,121860,0.462777,02,750,0,0,Node 02: Network 3
15023,2025-07-18,01,35,56,712067,0.590207,03,1250,0,0,Node 03: Network 3
15024,2025-07-18,01,35,57,659755,0.947688,01,251,0,0,Node 01: Network 3
15025,2025-07-18,01,35,58,255431,0.595676,02,750,0,0,Node 02: Network 3
15026,2025-07-18,01,35,58,714475,0.459044,03,1250,0,0,Node 03: Network 3
15027,2025-07-18,01,35,59,661127,0.946652,01,250,0,0,Node 01: Network 3
15028,2025-07-18,01,36,00,257006,0.595879,02,750,0,0,Node 02: Network 3
15029,2025-07-18,01,36,00,717062,0.460056,03,1250,0,0,Node 03: Network 3
15030,2025-07-18,01,36,01,661792,0.94473,01,250,0,0,Node 01: Network 3
15031,2025-07-18,01,36,02,259480,0.597688,02,750,0,0,Node 02: Network 3
15032,2025-07-18,01,36,02,707735,0.448255,03,1250,0,0,Node 03: Network 3
15033,2025-07-18,01,36,03,662812,0.955077,01,250,0,0,Node 01: Network 3
15034,2025-07-18,01,36,04,261416,0.598604,02,750,0,0,Node 02: Network 3
15035,2025-07-18,01,36,04,710698,0.449282,03,1250,0,0,Node 03: Network 3
15036,2025-07-18,01,36,05,663013,0.952315,01,250,0,0,Node 01: Network 3
15037,2025-07-18,01,36,06,263186,0.600173,02,750,0,0,Node 02: Network 3
15038,2025-07-18,01,36,06,713161,0.449975,03,1250,0,0,Node 03: Network 3
15039,2025-07-18,01,36,07,662786,0.949625,01,250,0,0,Node 01: Network 3
15040,2025-07-18,01,36,08,265733,0.602947,02,750,0,0,Node 02: Network 3
15041,2025-07-18,01,36,08,714586,0.448853,03,1250,0,0,Node 03: Network 3
15042,2025-07-18,01,36,09,664298,0.949712,01,250,0,0,Node 01: Network 3
15043,2025-07-18,01,36,10,266572,0.602274,02,750,0,0,Node 02: Network 3
15044,2025-07-18,01,36,10,716560,0.449988,03,1250,0,0,Node 03: Network 3
15045,2025-07-18,01,36,11,664654,0.948094,01,250,0,0,Node 01: Network 3
15046,2025-07-18,01,36,11,952355,0.287701,BB,0,1,0,
15047,2025-07-18,01,36,11,987448,0.035093,BB,0,1,0,
15048,2025-07-18,01,36,12,049289,0.061841,BB,0,1,0,03:560:0:1
15049,2025-07-18,01,36,12,060459,0.01117,01,98,0,1,
15050,2025-07-18,01,36,12,073005,0.012546,03,593,0,1,
15051,2025-07-18,01,36,12,122454,0.049449,02,541,0,1,
15052,2025-07-18,01,36,12,144738,0.022284,01,566,0,1,468:0:1
15053,2025-07-18,01,36,12,220992,0.076254,01,133,0,1,
15054,2025-07-18,01,36,12,281667,0.060675,01,250,0,0,Node 01: Network 3
15055,2025-07-18,01,36,12,410940,0.129273,02,750,0,0,Node 02: Network 3
15056,2025-07-18,01,36,12,444847,0.033907,02,764,0,0,Node 02: Network 3
15057,2025-07-18,01,36,12,478234,0.033387,02,780,0,0,Node 02: Network 3
15058,2025-07-18,01,36,12,558252,0.080018,03,1250,0,0,Node 03: Network 3
15059,2025-07-18,01,36,12,623141,0.064889,01,250,0,0,Node 01: Network 3
15060,2025-07-18,01,36,12,685301,0.06216,01,250,0,0,Node 01: Network 3
15061,2025-07-18,01,36,12,719208,0.033907,02,750,0,0,Node 02: Network 3
15062,2025-07-18,01,36,12,751345,0.032137,01,281,0,0,Node 01: Network 3
15063,2025-07-18,01,36,12,841337,0.089992,03,1250,0,0,Node 03: Network 3
15064,2025-07-18,01,36,12,874730,0.033393,01,250,0,0,Node 01: Network 3
15065,2025-07-18,01,36,12,949051,0.074321,02,750,0,0,Node 02: Network 3
15066,2025-07-18,01,36,12,981658,0.032607,02,750,0,0,Node 02: Network 3
15067,2025-07-18,01,36,13,318940,0.337282,03,1250,0,0,Node 03: Network 3
15068,2025-07-18,01,36,13,378377,0.059437,BB,0,1,0,
15069,2025-07-18,01,36,17,326274,3.947897,BB,0,1,0,
15070,2025-07-18,01,36,17,388154,0.06188,02,1320,0,1,
15071,2025-07-18,01,36,17,401259,0.013105,03,1326,0,1,
15072,2025-07-18,01,36,17,415270,0.014011,01,1266,0,1,
15073,2025-07-18,01,36,17,640965,0.225695,01,250,0,0,Node 01: Network 3
15074,2025-07-18,01,36,18,141405,0.50044,02,750,0,0,Node 02: Network 3
15075,2025-07-18,01,36,18,646138,0.504733,03,1250,0,0,Node 03: Network 3
15076,2025-07-18,01,36,19,641128,0.99499,01,250,0,0,Node 01: Network 3
15077,2025-07-18,01,36,20,143119,0.501991,02,750,0,0,Node 02: Network 3
15078,2025-07-18,01,36,20,688917,0.545798,03,1250,0,0,Node 03: Network 3
15079,2025-07-18,01,36,21,642767,0.95385,01,250,0,0,Node 01: Network 3
15080,2025-07-18,01,36,22,186047,0.54328,02,750,0,0,Node 02: Network 3
15081,2025-07-18,01,36,22,691076,0.505029,03,1250,0,0,Node 03: Network 3
15082,2025-07-18,01,36,23,644050,0.952974,01,250,0,0,Node 01: Network 3
15083,2025-07-18,01,36,24,187868,0.543818,02,750,0,0,Node 02: Network 3
15084,2025-07-18,01,36,24,693427,0.505559,03,1250,0,0,Node 03: Network 3
15085,2025-07-18,01,36,25,644052,0.950625,01,250,0,0,Node 01: Network 3
15086,2025-07-18,01,36,26,189939,0.545887,02,750,0,0,Node 02: Network 3
15087,2025-07-18,01,36,26,694604,0.504665,03,1250,0,0,Node 03: Network 3
15088,2025-07-18,01,36,27,644909,0.950305,01,250,0,0,Node 01: Network 3
15089,2025-07-18,01,36,28,192930,0.548021,02,750,0,0,Node 02: Network 3
15090,2025-07-18,01,36,28,740029,0.547099,03,1250,0,0,Node 03: Network 3
15091,2025-07-18,01,36,29,644731,0.904702,01,250,0,0,Node 01: Network 3
15092,2025-07-18,01,36,30,195133,0.550402,02,750,0,0,Node 02: Network 3
15093,2025-07-18,01,36,30,741895,0.546762,03,1250,0,0,Node 03: Network 3
15094,2025-07-18,01,36,31,645939,0.904044,01,250,0,0,Node 01: Network 3
15095,2025-07-18,01,36,32,745286,1.099347,03,1250,0,0,Node 03: Network 3
15096,2025-07-18,01,36,33,646126,0.90084,01,250,0,0,Node 01: Network 3
15097,2025-07-18,01,36,34,289721,0.643595,02,750,0,0,Node 02: Network 3
15098,2025-07-18,01,36,34,746733,0.457012,03,1250,0,0,Node 03: Network 3
15099,2025-07-18,01,36,35,647088,0.900355,01,250,0,0,Node 01: Network 3
15100,2025-07-18,01,36,36,291553,0.644465,02,750,0,0,Node 02: Network 3
15101,2025-07-18,01,36,36,749284,0.457731,03,1250,0,0,Node 03: Network 3
15102,2025-07-18,01,36,37,649191,0.899907,01,250,0,0,Node 01: Network 3
15103,2025-07-18,01,36,38,292963,0.643772,02,750,0,0,Node 02: Network 3
15104,2025-07-18,01,36,38,750963,0.458,03,1250,0,0,Node 03: Network 3
15105,2025-07-18,01,36,39,649514,0.898551,01,250,0,0,Node 01: Network 3
15106,2025-07-18,01,36,40,294598,0.645084,02,750,0,0,Node 02: Network 3
15107,2025-07-18,01,36,40,696395,0.401797,03,1250,0,0,Node 03: Network 3
15108,2025-07-18,01,36,41,650483,0.954088,01,250,0,0,Node 01: Network 3
15109,2025-07-18,01,36,42,241133,0.59065,02,750,0,0,Node 02: Network 3
15110,2025-07-18,01,36,42,698201,0.457068,03,1250,0,0,Node 03: Network 3
15111,2025-07-18,01,36,43,649792,0.951591,01,250,0,0,Node 01: Network 3
15112,2025-07-18,01,36,44,242428,0.592636,02,750,0,0,Node 02: Network 3
15113,2025-07-18,01,36,44,700187,0.457759,03,1250,0,0,Node 03: Network 3
15114,2025-07-18,01,36,45,651528,0.951341,01,250,0,0,Node 01: Network 3
15115,2025-07-18,01,36,46,244970,0.593442,02,750,0,0,Node 02: Network 3
15116,2025-07-18,01,36,46,698762,0.453792,03,1250,0,0,Node 03: Network 3
15117,2025-07-18,01,36,47,651255,0.952493,01,250,0,0,Node 01: Network 3
15118,2025-07-18,01,36,48,243754,0.592499,02,750,0,0,Node 02: Network 3
15119,2025-07-18,01,36,48,701980,0.458226,03,1250,0,0,Node 03: Network 3
15120,2025-07-18,01,36,49,652689,0.950709,01,250,0,0,Node 01: Network 3
15121,2025-07-18,01,36,50,245315,0.592626,02,750,0,0,Node 02: Network 3
15122,2025-07-18,01,36,50,703561,0.458246,03,1250,0,0,Node 03: Network 3
15123,2025-07-18,01,36,51,652777,0.949216,01,250,0,0,Node 01: Network 3
15124,2025-07-18,01,36,52,247664,0.594887,02,750,0,0,Node 02: Network 3
15125,2025-07-18,01,36,52,700745,0.453081,03,1251,0,0,Node 03: Network 3
15126,2025-07-18,01,36,53,654975,0.95423,01,250,0,0,Node 01: Network 3
15127,2025-07-18,01,36,54,244852,0.589877,02,750,0,0,Node 02: Network 3
15128,2025-07-18,01,36,54,702545,0.457693,03,1250,0,0,Node 03: Network 3
15129,2025-07-18,01,36,55,655593,0.953048,01,250,0,0,Node 01: Network 3
15130,2025-07-18,01,36,56,246204,0.590611,02,750,0,0,Node 02: Network 3
15131,2025-07-18,01,36,56,704697,0.458493,03,1250,0,0,Node 03: Network 3
15132,2025-07-18,01,36,57,655621,0.950924,01,250,0,0,Node 01: Network 3
15133,2025-07-18,01,36,58,248674,0.593053,02,750,0,0,Node 02: Network 3
15134,2025-07-18,01,36,58,707157,0.458483,03,1250,0,0,Node 03: Network 3
15135,2025-07-18,01,36,59,656666,0.949509,01,250,0,0,Node 01: Network 3
15136,2025-07-18,01,37,00,249799,0.593133,02,750,0,0,Node 02: Network 3
15137,2025-07-18,01,37,00,708522,0.458723,03,1250,0,0,Node 03: Network 3
15138,2025-07-18,01,37,01,656864,0.948342,01,250,0,0,Node 01: Network 3
15139,2025-07-18,01,37,02,252298,0.595434,02,750,0,0,Node 02: Network 3
15140,2025-07-18,01,37,02,711356,0.459058,03,1250,0,0,Node 03: Network 3
15141,2025-07-18,01,37,03,754610,1.043254,01,250,0,0,Node 01: Network 3
15142,2025-07-18,01,37,04,254597,0.499987,02,750,0,0,Node 02: Network 3
15143,2025-07-18,01,37,04,712395,0.457798,03,1250,0,0,Node 03: Network 3
15144,2025-07-18,01,37,05,755411,1.043016,01,250,0,0,Node 01: Network 3
15145,2025-07-18,01,37,06,255588,0.500177,02,750,0,0,Node 02: Network 3
15146,2025-07-18,01,37,06,715570,0.459982,03,1250,0,0,Node 03: Network 3
15147,2025-07-18,01,37,07,756106,1.040536,01,250,0,0,Node 01: Network 3
15148,2025-07-18,01,37,08,258721,0.502615,02,751,0,0,Node 02: Network 3
15149,2025-07-18,01,37,08,717233,0.458512,03,1251,0,0,Node 03: Network 3
15150,2025-07-18,01,37,09,756923,1.03969,01,250,0,0,Node 01: Network 3
15151,2025-07-18,01,37,10,261381,0.504458,02,750,0,0,Node 02: Network 3
15152,2025-07-18,01,37,10,720082,0.458701,03,1250,0,0,Node 03: Network 3
15153,2025-07-18,01,37,11,757399,1.037317,01,250,0,0,Node 01: Network 3
15154,2025-07-18,01,37,12,262351,0.504952,02,750,0,0,Node 02: Network 3
15155,2025-07-18,01,37,12,721667,0.459316,03,1250,0,0,Node 03: Network 3
15156,2025-07-18,01,37,13,759475,1.037808,01,250,0,0,Node 01: Network 3
15157,2025-07-18,01,37,14,264132,0.504657,02,750,0,0,Node 02: Network 3
15158,2025-07-18,01,37,14,724656,0.460524,03,1250,0,0,Node 03: Network 3
15159,2025-07-18,01,37,15,759398,1.034742,01,250,0,0,Node 01: Network 3
15160,2025-07-18,01,37,16,266075,0.506677,02,750,0,0,Node 02: Network 3
15161,2025-07-18,01,37,16,726224,0.460149,03,1250,0,0,Node 03: Network 3
15162,2025-07-18,01,37,17,811192,1.084968,01,250,0,0,Node 01: Network 3
15163,2025-07-18,01,37,18,269115,0.457923,02,750,0,0,Node 02: Network 3
15164,2025-07-18,01,37,18,728150,0.459035,03,1250,0,0,Node 03: Network 3
15165,2025-07-18,01,37,19,811711,1.083561,01,250,0,0,Node 01: Network 3
15166,2025-07-18,01,37,20,270881,0.45917,02,750,0,0,Node 02: Network 3
15167,2025-07-18,01,37,20,730116,0.459235,03,1250,0,0,Node 03: Network 3
15168,2025-07-18,01,37,21,812921,1.082805,01,250,0,0,Node 01: Network 3
15169,2025-07-18,01,37,22,273141,0.46022,02,750,0,0,Node 02: Network 3
15170,2025-07-18,01,37,22,732298,0.459157,03,1250,0,0,Node 03: Network 3
15171,2025-07-18,01,37,23,812650,1.080352,01,250,0,0,Node 01: Network 3
15172,2025-07-18,01,37,24,275248,0.462598,02,751,0,0,Node 02: Network 3
15173,2025-07-18,01,37,24,736172,0.460924,03,1251,0,0,Node 03: Network 3
15174,2025-07-18,01,37,25,813674,1.077502,01,250,0,0,Node 01: Network 3
15175,2025-07-18,01,37,26,276625,0.462951,02,750,0,0,Node 02: Network 3
15176,2025-07-18,01,37,26,737881,0.461256,03,1250,0,0,Node 03: Network 3
15177,2025-07-18,01,37,27,814122,1.076241,01,250,0,0,Node 01: Network 3
15178,2025-07-18,01,37,28,279316,0.465194,02,750,0,0,Node 02: Network 3
15179,2025-07-18,01,37,28,739182,0.459866,03,1250,0,0,Node 03: Network 3
15180,2025-07-18,01,37,29,814287,1.075105,01,250,0,0,Node 01: Network 3
15181,2025-07-18,01,37,30,281450,0.467163,02,750,0,0,Node 02: Network 3
15182,2025-07-18,01,37,30,741363,0.459913,03,1250,0,0,Node 03: Network 3
15183,2025-07-18,01,37,31,815978,1.074615,01,250,0,0,Node 01: Network 3
15184,2025-07-18,01,37,32,283323,0.467345,02,750,0,0,Node 02: Network 3
15185,2025-07-18,01,37,32,743368,0.460045,03,1250,0,0,Node 03: Network 3
15186,2025-07-18,01,37,33,825904,1.082536,01,250,0,0,Node 01: Network 3
15187,2025-07-18,01,37,34,287876,0.461972,02,750,0,0,Node 02: Network 3
15188,2025-07-18,01,37,34,745983,0.458107,03,1250,0,0,Node 03: Network 3
15189,2025-07-18,01,37,35,830825,1.084842,01,250,0,0,Node 01: Network 3
15190,2025-07-18,01,37,36,289353,0.458528,02,750,0,0,Node 02: Network 3
15191,2025-07-18,01,37,36,747113,0.45776,03,1250,0,0,Node 03: Network 3
15192,2025-07-18,01,37,37,833486,1.086373,01,250,0,0,Node 01: Network 3
15193,2025-07-18,01,37,38,291676,0.45819,02,750,0,0,Node 02: Network 3
15194,2025-07-18,01,37,38,749037,0.457361,03,1250,0,0,Node 03: Network 3
15195,2025-07-18,01,37,39,836991,1.087954,01,250,0,0,Node 01: Network 3
15196,2025-07-18,01,37,40,294258,0.457267,02,750,0,0,Node 02: Network 3
15197,2025-07-18,01,37,40,753219,0.458961,03,1251,0,0,Node 03: Network 3
15198,2025-07-18,01,37,41,836762,1.083543,01,250,0,0,Node 01: Network 3
15199,2025-07-18,01,37,42,296591,0.459829,02,750,0,0,Node 02: Network 3
15200,2025-07-18,01,37,42,754099,0.457508,03,1250,0,0,Node 03: Network 3
15201,2025-07-18,01,37,43,842129,1.08803,01,250,0,0,Node 01: Network 3
15202,2025-07-18,01,37,44,298877,0.456748,02,750,0,0,Node 02: Network 3
15203,2025-07-18,01,37,44,756987,0.45811,03,1250,0,0,Node 03: Network 3
15204,2025-07-18,01,37,45,842866,1.085879,01,250,0,0,Node 01: Network 3
15205,2025-07-18,01,37,46,302870,0.460004,02,750,0,0,Node 02: Network 3
15206,2025-07-18,01,37,46,758807,0.455937,03,1250,0,0,Node 03: Network 3
15207,2025-07-18,01,37,47,844044,1.085237,01,250,0,0,Node 01: Network 3
15208,2025-07-18,01,37,48,303701,0.459657,02,750,0,0,Node 02: Network 3
15209,2025-07-18,01,37,48,760878,0.457177,03,1250,0,0,Node 03: Network 3
15210,2025-07-18,01,37,49,844334,1.083456,01,250,0,0,Node 01: Network 3
15211,2025-07-18,01,37,50,304964,0.46063,02,750,0,0,Node 02: Network 3
15212,2025-07-18,01,37,50,763593,0.458629,03,1250,0,0,Node 03: Network 3
15213,2025-07-18,01,37,51,845457,1.081864,01,250,0,0,Node 01: Network 3
15214,2025-07-18,01,37,52,308152,0.462695,02,750,0,0,Node 02: Network 3
15215,2025-07-18,01,37,52,853566,0.545414,03,1250,0,0,Node 03: Network 3
15216,2025-07-18,01,37,53,845588,0.992022,01,250,0,0,Node 01: Network 3
15217,2025-07-18,01,37,54,309792,0.464204,02,750,0,0,Node 02: Network 3
15218,2025-07-18,01,37,54,856681,0.546889,03,1250,0,0,Node 03: Network 3
15219,2025-07-18,01,37,55,853035,0.996354,01,250,0,0,Node 01: Network 3
15220,2025-07-18,01,37,56,311693,0.458658,02,750,0,0,Node 02: Network 3
15221,2025-07-18,01,37,56,858513,0.54682,03,1250,0,0,Node 03: Network 3
15222,2025-07-18,01,37,57,855518,0.997005,01,250,0,0,Node 01: Network 3
15223,2025-07-18,01,37,58,399925,0.544407,02,751,0,0,Node 02: Network 3
15224,2025-07-18,01,37,58,862213,0.462288,03,1250,0,0,Node 03: Network 3
15225,2025-07-18,01,37,59,856052,0.993839,01,250,0,0,Node 01: Network 3
15226,2025-07-18,01,38,00,401635,0.545583,02,750,0,0,Node 02: Network 3
15227,2025-07-18,01,38,00,863394,0.461759,03,1250,0,0,Node 03: Network 3
15228,2025-07-18,01,38,01,856872,0.993478,01,250,0,0,Node 01: Network 3
15229,2025-07-18,01,38,02,403575,0.546703,02,750,0,0,Node 02: Network 3
15230,2025-07-18,01,38,02,865512,0.461937,03,1250,0,0,Node 03: Network 3
15231,2025-07-18,01,38,03,857496,0.991984,01,250,0,0,Node 01: Network 3
15232,2025-07-18,01,38,04,410215,0.552719,02,750,0,0,Node 02: Network 3
15233,2025-07-18,01,38,04,867531,0.457316,03,1250,0,0,Node 03: Network 3
15234,2025-07-18,01,38,05,858425,0.990894,01,250,0,0,Node 01: Network 3
15235,2025-07-18,01,38,06,412133,0.553708,02,750,0,0,Node 02: Network 3
15236,2025-07-18,01,38,06,870083,0.45795,03,1250,0,0,Node 03: Network 3
15237,2025-07-18,01,38,07,956688,1.086605,01,250,0,0,Node 01: Network 3
15238,2025-07-18,01,38,08,414387,0.457699,02,750,0,0,Node 02: Network 3
15239,2025-07-18,01,38,08,871920,0.457533,03,1250,0,0,Node 03: Network 3
15240,2025-07-18,01,38,09,958291,1.086371,01,250,0,0,Node 01: Network 3
15241,2025-07-18,01,38,10,415725,0.457434,02,750,0,0,Node 02: Network 3
15242,2025-07-18,01,38,10,873697,0.457972,03,1250,0,0,Node 03: Network 3
15243,2025-07-18,01,38,11,958742,1.085045,01,250,0,0,Node 01: Network 3
15244,2025-07-18,01,38,12,418180,0.459438,02,750,0,0,Node 02: Network 3
15245,2025-07-18,01,38,12,875893,0.457713,03,1250,0,0,Node 03: Network 3
15246,2025-07-18,01,38,13,959714,1.083821,01,250,0,0,Node 01: Network 3
15247,2025-07-18,01,38,14,420443,0.460729,02,750,0,0,Node 02: Network 3
15248,2025-07-18,01,38,14,878547,0.458104,03,1250,0,0,Node 03: Network 3
15249,2025-07-18,01,38,15,958933,1.080386,01,250,0,0,Node 01: Network 3
15250,2025-07-18,01,38,16,423364,0.464431,02,750,0,0,Node 02: Network 3
15251,2025-07-18,01,38,16,881261,0.457897,03,1250,0,0,Node 03: Network 3
15252,2025-07-18,01,38,17,959799,1.078538,01,250,0,0,Node 01: Network 3
15253,2025-07-18,01,38,18,449410,0.489611,02,750,0,0,Node 02: Network 3
15254,2025-07-18,01,38,18,883118,0.433708,03,1250,0,0,Node 03: Network 3
15255,2025-07-18,01,38,19,961465,1.078347,01,250,0,0,Node 01: Network 3
15256,2025-07-18,01,38,20,426410,0.464945,02,750,0,0,Node 02: Network 3
15257,2025-07-18,01,38,20,778139,0.351729,BB,0,1,0,
15258,2025-07-18,01,38,20,832705,0.054566,BB,0,1,0,03:1326:0:1
15259,2025-07-18,01,38,20,861341,0.028636,01,1266,0,1,1320:0:1
15260,2025-07-18,01,38,20,916158,0.054817,03,1250,0,0,Node 03: Network 3
15261,2025-07-18,01,38,20,936141,0.019983,03,1273,0,1,
15262,2025-07-18,01,38,20,949329,0.013188,01,1194,0,1,
15263,2025-07-18,01,38,21,030159,0.08083,01,250,0,0,Node 01: Network 3
15264,2025-07-18,01,38,21,043689,0.01353,02,1228,0,1,
15265,2025-07-18,01,38,21,209184,0.165495,01,281,0,0,Node 01: Network 3
15266,2025-07-18,01,38,21,256383,0.047199,02,750,0,0,Node 02: Network 3
15267,2025-07-18,01,38,21,289186,0.032803,01,250,0,0,Node 01: Network 3
15268,2025-07-18,01,38,21,421205,0.132019,03,1250,0,0,Node 03: Network 3
15269,2025-07-18,01,38,21,454030,0.032825,01,250,0,0,Node 01: Network 3
15270,2025-07-18,01,38,21,527488,0.073458,02,750,0,0,Node 02: Network 3
15271,2025-07-18,01,38,21,585711,0.058223,03,1250,0,0,Node 03: Network 3
15272,2025-07-18,01,38,21,628344,0.042633,01,250,0,0,Node 01: Network 3
15273,2025-07-18,01,38,21,637607,0.009263,BB,0,1,0,
15274,2025-07-18,01,38,21,791233,0.153626,02,750,0,0,Node 02: Network 3
15275,2025-07-18,01,38,21,823929,0.032696,01,280,0,0,Node 01: Network 3
15276,2025-07-18,01,38,21,855933,0.032004,02,773,0,0,Node 02: Network 3
15277,2025-07-18,01,38,21,889915,0.033982,03,1250,0,0,Node 03: Network 3
15278,2025-07-18,01,38,22,191341,0.301426,02,750,0,0,Node 02: Network 3
15279,2025-07-18,01,38,22,691089,0.499748,03,1250,0,0,Node 03: Network 3
15280,2025-07-18,01,38,23,687615,0.996526,01,250,0,0,Node 01: Network 3
15281,2025-07-18,01,38,24,194470,0.506855,02,750,0,0,Node 02: Network 3
15282,2025-07-18,01,38,24,692173,0.497703,03,1250,0,0,Node 03: Network 3
15283,2025-07-18,01,38,25,739950,1.047777,01,250,0,0,Node 01: Network 3
15284,2025-07-18,01,38,26,197511,0.457561,02,750,0,0,Node 02: Network 3
15285,2025-07-18,01,38,26,695116,0.497605,03,1250,0,0,Node 03: Network 3
15286,2025-07-18,01,38,27,738920,1.043804,01,250,0,0,Node 01: Network 3
15287,2025-07-18,01,38,28,198459,0.459539,02,750,0,0,Node 02: Network 3
15288,2025-07-18,01,38,28,696309,0.49785,03,1250,0,0,Node 03: Network 3
15289,2025-07-18,01,38,29,738302,1.041993,01,250,0,0,Node 01: Network 3
15290,2025-07-18,01,38,30,200303,0.462001,02,750,0,0,Node 02: Network 3
15291,2025-07-18,01,38,30,698482,0.498179,03,1250,0,0,Node 03: Network 3
15292,2025-07-18,01,38,31,740044,1.041562,01,250,0,0,Node 01: Network 3
15293,2025-07-18,01,38,32,202377,0.462333,02,750,0,0,Node 02: Network 3
15294,2025-07-18,01,38,32,700372,0.497995,03,1250,0,0,Node 03: Network 3
15295,2025-07-18,01,38,33,740192,1.03982,01,250,0,0,Node 01: Network 3
15296,2025-07-18,01,38,34,245024,0.504832,02,750,0,0,Node 02: Network 3
15297,2025-07-18,01,38,34,703100,0.458076,03,1250,0,0,Node 03: Network 3
15298,2025-07-18,01,38,35,741231,1.038131,01,250,0,0,Node 01: Network 3
15299,2025-07-18,01,38,36,246114,0.504883,02,750,0,0,Node 02: Network 3
15300,2025-07-18,01,38,36,705881,0.459767,03,1250,0,0,Node 03: Network 3
15301,2025-07-18,01,38,37,742142,1.036261,01,250,0,0,Node 01: Network 3
15302,2025-07-18,01,38,38,247307,0.505165,02,750,0,0,Node 02: Network 3
15303,2025-07-18,01,38,38,795605,0.548298,03,1250,0,0,Node 03: Network 3
15304,2025-07-18,01,38,39,742409,0.946804,01,250,0,0,Node 01: Network 3
15305,2025-07-18,01,38,40,250811,0.508402,02,750,0,0,Node 02: Network 3
15306,2025-07-18,01,38,40,796864,0.546053,03,1250,0,0,Node 03: Network 3
15307,2025-07-18,01,38,41,742897,0.946033,01,250,0,0,Node 01: Network 3
15308,2025-07-18,01,38,42,253548,0.510651,02,750,0,0,Node 02: Network 3
15309,2025-07-18,01,38,42,799412,0.545864,03,1250,0,0,Node 03: Network 3
15310,2025-07-18,01,38,43,742916,0.943504,01,250,0,0,Node 01: Network 3
15311,2025-07-18,01,38,44,255467,0.512551,02,750,0,0,Node 02: Network 3
15312,2025-07-18,01,38,44,800766,0.545299,03,1250,0,0,Node 03: Network 3
15313,2025-07-18,01,38,45,799390,0.998624,01,250,0,0,Node 01: Network 3
15314,2025-07-18,01,38,46,256959,0.457569,02,750,0,0,Node 02: Network 3
15315,2025-07-18,01,38,46,845664,0.588705,03,1250,0,0,Node 03: Network 3
15316,2025-07-18,01,38,47,800231,0.954567,01,250,0,0,Node 01: Network 3
15317,2025-07-18,01,38,48,389059,0.588828,02,750,0,0,Node 02: Network 3
15318,2025-07-18,01,38,48,847584,0.458525,03,1250,0,0,Node 03: Network 3
15319,2025-07-18,01,38,49,801037,0.953453,01,250,0,0,Node 01: Network 3
15320,2025-07-18,01,38,50,390776,0.589739,02,750,0,0,Node 02: Network 3
15321,2025-07-18,01,38,50,849743,0.458967,03,1250,0,0,Node 03: Network 3
15322,2025-07-18,01,38,51,802067,0.952324,01,250,0,0,Node 01: Network 3
15323,2025-07-18,01,38,52,392515,0.590448,02,750,0,0,Node 02: Network 3
15324,2025-07-18,01,38,52,852429,0.459914,03,1250,0,0,Node 03: Network 3
15325,2025-07-18,01,38,53,802520,0.950091,01,250,0,0,Node 01: Network 3
15326,2025-07-18,01,38,54,396013,0.593493,02,750,0,0,Node 02: Network 3
15327,2025-07-18,01,38,54,849732,0.453719,03,1250,0,0,Node 03: Network 3
15328,2025-07-18,01,38,55,803597,0.953865,01,250,0,0,Node 01: Network 3
15329,2025-07-18,01,38,56,398175,0.594578,02,750,0,0,Node 02: Network 3
15330,2025-07-18,01,38,56,852609,0.454434,03,1250,0,0,Node 03: Network 3
15331,2025-07-18,01,38,57,804282,0.951673,01,250,0,0,Node 01: Network 3
15332,2025-07-18,01,38,58,399782,0.5955,02,750,0,0,Node 02: Network 3
15333,2025-07-18,01,38,58,853959,0.454177,03,1250,0,0,Node 03: Network 3
15334,2025-07-18,01,38,59,804466,0.950507,01,250,0,0,Node 01: Network 3
15335,2025-07-18,01,39,00,401457,0.596991,02,750,0,0,Node 02: Network 3
15336,2025-07-18,01,39,00,857443,0.455986,03,1250,0,0,Node 03: Network 3
15337,2025-07-18,01,39,01,805616,0.948173,01,250,0,0,Node 01: Network 3
15338,2025-07-18,01,39,02,404016,0.5984,02,750,0,0,Node 02: Network 3
15339,2025-07-18,01,39,02,858244,0.454228,03,1250,0,0,Node 03: Network 3
15340,2025-07-18,01,39,03,805524,0.94728,01,250,0,0,Node 01: Network 3
15341,2025-07-18,01,39,04,405700,0.600176,02,750,0,0,Node 02: Network 3
15342,2025-07-18,01,39,04,952591,0.546891,03,1250,0,0,Node 03: Network 3
15343,2025-07-18,01,39,05,806969,0.854378,01,250,0,0,Node 01: Network 3
15344,2025-07-18,01,39,06,496681,0.689712,02,750,0,0,Node 02: Network 3
15345,2025-07-18,01,39,06,953915,0.457234,03,1250,0,0,Node 03: Network 3
15346,2025-07-18,01,39,07,807263,0.853348,01,250,0,0,Node 01: Network 3
15347,2025-07-18,01,39,08,497649,0.690386,02,750,0,0,Node 02: Network 3
15348,2025-07-18,01,39,08,956425,0.458776,03,1250,0,0,Node 03: Network 3
15349,2025-07-18,01,39,09,809080,0.852655,01,250,0,0,Node 01: Network 3
15350,2025-07-18,01,39,10,499493,0.690413,02,750,0,0,Node 02: Network 3
15351,2025-07-18,01,39,10,959507,0.460014,03,1250,0,0,Node 03: Network 3
15352,2025-07-18,01,39,12,044752,1.085245,01,250,0,0,Node 01: Network 3
15353,2025-07-18,01,39,12,503224,0.458472,02,750,0,0,Node 02: Network 3
15354,2025-07-18,01,39,12,961084,0.45786,03,1250,0,0,Node 03: Network 3
15355,2025-07-18,01,39,14,045571,1.084487,01,250,0,0,Node 01: Network 3
15356,2025-07-18,01,39,14,505655,0.460084,02,750,0,0,Node 02: Network 3
15357,2025-07-18,01,39,14,962936,0.457281,03,1250,0,0,Node 03: Network 3
15358,2025-07-18,01,39,16,046831,1.083895,01,251,0,0,Node 01: Network 3
15359,2025-07-18,01,39,16,516555,0.469724,02,750,0,0,Node 02: Network 3
15360,2025-07-18,01,39,16,964905,0.44835,03,1250,0,0,Node 03: Network 3
15361,2025-07-18,01,39,18,047379,1.082474,01,250,0,0,Node 01: Network 3
15362,2025-07-18,01,39,18,509005,0.461626,02,750,0,0,Node 02: Network 3
15363,2025-07-18,01,39,18,967509,0.458504,03,1250,0,0,Node 03: Network 3
15364,2025-07-18,01,39,20,048523,1.081014,01,250,0,0,Node 01: Network 3
15365,2025-07-18,01,39,20,511478,0.462955,02,750,0,0,Node 02: Network 3
15366,2025-07-18,01,39,20,969503,0.458025,03,1250,0,0,Node 03: Network 3
15367,2025-07-18,01,39,22,049518,1.080015,01,250,0,0,Node 01: Network 3
15368,2025-07-18,01,39,22,514265,0.464747,02,750,0,0,Node 02: Network 3
15369,2025-07-18,01,39,22,972070,0.457805,03,1250,0,0,Node 03: Network 3
15370,2025-07-18,01,39,24,059484,1.087414,01,250,0,0,Node 01: Network 3
15371,2025-07-18,01,39,24,515592,0.456108,02,750,0,0,Node 02: Network 3
15372,2025-07-18,01,39,24,973569,0.457977,03,1250,0,0,Node 03: Network 3
15373,2025-07-18,01,39,26,058702,1.085133,01,250,0,0,Node 01: Network 3
15374,2025-07-18,01,39,26,517865,0.459163,02,750,0,0,Node 02: Network 3
15375,2025-07-18,01,39,26,976211,0.458346,03,1250,0,0,Node 03: Network 3
15376,2025-07-18,01,39,28,059874,1.083663,01,250,0,0,Node 01: Network 3
15377,2025-07-18,01,39,28,519134,0.45926,02,750,0,0,Node 02: Network 3
15378,2025-07-18,01,39,28,978628,0.459494,03,1250,0,0,Node 03: Network 3
15379,2025-07-18,01,39,30,059848,1.08122,01,250,0,0,Node 01: Network 3
15380,2025-07-18,01,39,30,522537,0.462689,02,750,0,0,Node 02: Network 3
15381,2025-07-18,01,39,30,980338,0.457801,03,1250,0,0,Node 03: Network 3
15382,2025-07-18,01,39,32,061235,1.080897,01,250,0,0,Node 01: Network 3
15383,2025-07-18,01,39,32,524429,0.463194,02,750,0,0,Node 02: Network 3
15384,2025-07-18,01,39,32,983412,0.458983,03,1250,0,0,Node 03: Network 3
15385,2025-07-18,01,39,34,061024,1.077612,01,250,0,0,Node 01: Network 3
15386,2025-07-18,01,39,34,604942,0.543918,02,750,0,0,Node 02: Network 3
15387,2025-07-18,01,39,35,107941,0.502999,03,1250,0,0,Node 03: Network 3
15388,2025-07-18,01,39,36,063624,0.955683,01,250,0,0,Node 01: Network 3
15389,2025-07-18,01,39,36,607215,0.543591,02,750,0,0,Node 02: Network 3
15390,2025-07-18,01,39,37,109495,0.50228,03,1250,0,0,Node 03: Network 3
15391,2025-07-18,01,39,38,063757,0.954262,01,250,0,0,Node 01: Network 3
15392,2025-07-18,01,39,38,609532,0.545775,02,750,0,0,Node 02: Network 3
15393,2025-07-18,01,39,39,112384,0.502852,03,1250,0,0,Node 03: Network 3
15394,2025-07-18,01,39,40,064868,0.952484,01,250,0,0,Node 01: Network 3
15395,2025-07-18,01,39,40,611437,0.546569,02,750,0,0,Node 02: Network 3
15396,2025-07-18,01,39,41,114327,0.50289,03,1250,0,0,Node 03: Network 3
15397,2025-07-18,01,39,42,159147,1.04482,01,250,0,0,Node 01: Network 3
15398,2025-07-18,01,39,42,613244,0.454097,02,750,0,0,Node 02: Network 3
15399,2025-07-18,01,39,43,117494,0.50425,03,1250,0,0,Node 03: Network 3
15400,2025-07-18,01,39,44,158224,1.04073,01,250,0,0,Node 01: Network 3
15401,2025-07-18,01,39,44,615438,0.457214,02,750,0,0,Node 02: Network 3
15402,2025-07-18,01,39,45,118432,0.502994,03,1250,0,0,Node 03: Network 3
15403,2025-07-18,01,39,46,160106,1.041674,01,250,0,0,Node 01: Network 3
15404,2025-07-18,01,39,46,617847,0.457741,02,750,0,0,Node 02: Network 3
15405,2025-07-18,01,39,47,120843,0.502996,03,1250,0,0,Node 03: Network 3
15406,2025-07-18,01,39,48,160056,1.039213,01,250,0,0,Node 01: Network 3
15407,2025-07-18,01,39,48,620144,0.460088,02,750,0,0,Node 02: Network 3
15408,2025-07-18,01,39,49,123451,0.503307,03,1250,0,0,Node 03: Network 3
15409,2025-07-18,01,39,50,160464,1.037013,01,250,0,0,Node 01: Network 3
15410,2025-07-18,01,39,50,621903,0.461439,02,750,0,0,Node 02: Network 3
15411,2025-07-18,01,39,51,125052,0.503149,03,1250,0,0,Node 03: Network 3
15412,2025-07-18,01,39,52,161413,1.036361,01,250,0,0,Node 01: Network 3
15413,2025-07-18,01,39,52,623082,0.461669,02,750,0,0,Node 02: Network 3
15414,2025-07-18,01,39,53,127126,0.504044,03,1250,0,0,Node 03: Network 3
15415,2025-07-18,01,39,54,161830,1.034704,01,250,0,0,Node 01: Network 3
15416,2025-07-18,01,39,54,625401,0.463571,02,750,0,0,Node 02: Network 3
15417,2025-07-18,01,39,55,209158,0.583757,03,1250,0,0,Node 03: Network 3
15418,2025-07-18,01,39,56,163382,0.954224,01,250,0,0,Node 01: Network 3
15419,2025-07-18,01,39,56,625882,0.4625,02,750,0,0,Node 02: Network 3
15420,2025-07-18,01,39,57,210641,0.584759,03,1250,0,0,Node 03: Network 3
15421,2025-07-18,01,39,58,171558,0.960917,01,250,0,0,Node 01: Network 3
15422,2025-07-18,01,39,58,628820,0.457262,02,750,0,0,Node 02: Network 3
15423,2025-07-18,01,39,59,212687,0.583867,03,1250,0,0,Node 03: Network 3
15424,2025-07-18,01,40,00,171369,0.958682,01,250,0,0,Node 01: Network 3
15425,2025-07-18,01,40,00,715887,0.544518,02,750,0,0,Node 02: Network 3
15426,2025-07-18,01,40,01,214646,0.498759,03,1250,0,0,Node 03: Network 3
15427,2025-07-18,01,40,02,172178,0.957532,01,250,0,0,Node 01: Network 3
15428,2025-07-18,01,40,02,717884,0.545706,02,750,0,0,Node 02: Network 3
15429,2025-07-18,01,40,03,216421,0.498537,03,1250,0,0,Node 03: Network 3
15430,2025-07-18,01,40,04,172929,0.956508,01,250,0,0,Node 01: Network 3
15431,2025-07-18,01,40,04,719464,0.546535,02,750,0,0,Node 02: Network 3
15432,2025-07-18,01,40,05,219156,0.499692,03,1250,0,0,Node 03: Network 3
15433,2025-07-18,01,40,06,174193,0.955037,01,250,0,0,Node 01: Network 3
15434,2025-07-18,01,40,06,722611,0.548418,02,750,0,0,Node 02: Network 3
15435,2025-07-18,01,40,07,220520,0.497909,03,1250,0,0,Node 03: Network 3
15436,2025-07-18,01,40,08,173376,0.952856,01,250,0,0,Node 01: Network 3
15437,2025-07-18,01,40,08,723464,0.550088,02,750,0,0,Node 02: Network 3
15438,2025-07-18,01,40,09,221761,0.498297,03,1250,0,0,Node 03: Network 3
15439,2025-07-18,01,40,10,175048,0.953287,01,250,0,0,Node 01: Network 3
15440,2025-07-18,01,40,10,726094,0.551046,02,750,0,0,Node 02: Network 3
15441,2025-07-18,01,40,11,223428,0.497334,03,1250,0,0,Node 03: Network 3
15442,2025-07-18,01,40,12,174571,0.951143,01,250,0,0,Node 01: Network 3
15443,2025-07-18,01,40,12,727737,0.553166,02,750,0,0,Node 02: Network 3
15444,2025-07-18,01,40,13,225576,0.497839,03,1250,0,0,Node 03: Network 3
15445,2025-07-18,01,40,14,176645,0.951069,01,250,0,0,Node 01: Network 3
15446,2025-07-18,01,40,14,729758,0.553113,02,750,0,0,Node 02: Network 3
15447,2025-07-18,01,40,15,227885,0.498127,03,1250,0,0,Node 03: Network 3
15448,2025-07-18,01,40,16,273047,1.045162,01,250,0,0,Node 01: Network 3
15449,2025-07-18,01,40,16,732647,0.4596,02,750,0,0,Node 02: Network 3
15450,2025-07-18,01,40,17,319992,0.587345,03,1250,0,0,Node 03: Network 3
15451,2025-07-18,01,40,18,274420,0.954428,01,250,0,0,Node 01: Network 3
15452,2025-07-18,01,40,18,733451,0.459031,02,750,0,0,Node 02: Network 3
15453,2025-07-18,01,40,19,322072,0.588621,03,1250,0,0,Node 03: Network 3
15454,2025-07-18,01,40,20,275626,0.953554,01,250,0,0,Node 01: Network 3
15455,2025-07-18,01,40,20,865548,0.589922,02,750,0,0,Node 02: Network 3
15456,2025-07-18,01,40,21,324773,0.459225,03,1250,0,0,Node 03: Network 3
15457,2025-07-18,01,40,21,861095,0.536322,BB,0,1,0,
15458,2025-07-18,01,40,21,925379,0.064284,03,1007,0,1,
15459,2025-07-18,01,40,23,180945,1.255566,03,1250,0,0,Node 03: Network 3
15460,2025-07-18,01,40,24,222568,1.041623,01,250,0,0,Node 01: Network 3
15461,2025-07-18,01,40,24,766936,0.544368,02,750,0,0,Node 02: Network 3
15462,2025-07-18,01,40,25,183559,0.416623,03,1250,0,0,Node 03: Network 3
15463,2025-07-18,01,40,26,223867,1.040308,01,250,0,0,Node 01: Network 3
15464,2025-07-18,01,40,26,296628,0.072761,BB,0,1,0,
15465,2025-07-18,01,40,26,379445,0.082817,01,250,0,0,Node 01: Network 3
15466,2025-07-18,01,40,26,391961,0.012516,01,350,0,1,
15467,2025-07-18,01,40,26,492042,0.100081,02,750,0,0,Node 02: Network 3
15468,2025-07-18,01,40,26,560522,0.06848,02,773,0,0,Node 02: Network 3
15469,2025-07-18,01,40,26,599972,0.03945,01,280,0,0,Node 01: Network 3
15470,2025-07-18,01,40,26,652464,0.052492,02,750,0,0,Node 02: Network 3
15471,2025-07-18,01,40,26,722606,0.070142,01,271,0,0,Node 01: Network 3
15472,2025-07-18,01,40,26,756939,0.034333,03,1250,0,0,Node 03: Network 3
15473,2025-07-18,01,40,26,816452,0.059513,01,250,0,0,Node 01: Network 3
15474,2025-07-18,01,40,26,857943,0.041491,02,750,0,0,Node 02: Network 3
15475,2025-07-18,01,40,26,898461,0.040518,03,1250,0,0,Node 03: Network 3
15476,2025-07-18,01,40,27,092452,0.193991,01,250,0,0,Node 01: Network 3
15477,2025-07-18,01,40,27,145655,0.053203,02,750,0,0,Node 02: Network 3
15478,2025-07-18,01,40,27,178279,0.032624,02,760,0,0,Node 02: Network 3
15479,2025-07-18,01,40,27,424337,0.246058,03,1250,0,0,Node 03: Network 3
15480,2025-07-18,01,40,27,873392,0.449055,BB,0,1,0,
15481,2025-07-18,01,40,29,878497,2.005105,BB,0,1,0,
15482,2025-07-18,01,40,29,948105,0.069608,01,1588,0,1,
15483,2025-07-18,01,40,29,961135,0.01303,03,1776,0,1,
15484,2025-07-18,01,40,29,974672,0.013537,02,1775,0,1,
15485,2025-07-18,01,40,30,694499,0.719827,02,750,0,0,Node 02: Network 3
15486,2025-07-18,01,40,31,197850,0.503351,03,1250,0,0,Node 03: Network 3
15487,2025-07-18,01,40,32,239071,1.041221,01,250,0,0,Node 01: Network 3
15488,2025-07-18,01,40,32,696435,0.457364,02,750,0,0,Node 02: Network 3
15489,2025-07-18,01,40,33,200090,0.503655,03,1250,0,0,Node 03: Network 3
15490,2025-07-18,01,40,34,240338,1.040248,01,250,0,0,Node 01: Network 3
15491,2025-07-18,01,40,34,783109,0.542771,02,750,0,0,Node 02: Network 3
15492,2025-07-18,01,40,35,202837,0.419728,03,1250,0,0,Node 03: Network 3
15493,2025-07-18,01,40,36,327928,1.125091,01,250,0,0,Node 01: Network 3
15494,2025-07-18,01,40,36,785295,0.457367,02,750,0,0,Node 02: Network 3
15495,2025-07-18,01,40,37,204665,0.41937,03,1250,0,0,Node 03: Network 3
15496,2025-07-18,01,40,38,328650,1.123985,01,250,0,0,Node 01: Network 3
15497,2025-07-18,01,40,38,788623,0.459973,02,750,0,0,Node 02: Network 3
15498,2025-07-18,01,40,39,207544,0.418921,03,1250,0,0,Node 03: Network 3
15499,2025-07-18,01,40,40,332068,1.124524,01,250,0,0,Node 01: Network 3
15500,2025-07-18,01,40,40,789809,0.457741,02,750,0,0,Node 02: Network 3
15501,2025-07-18,01,40,41,209545,0.419736,03,1250,0,0,Node 03: Network 3
15502,2025-07-18,01,40,42,331677,1.122132,01,250,0,0,Node 01: Network 3
15503,2025-07-18,01,40,42,791305,0.459628,02,750,0,0,Node 02: Network 3
15504,2025-07-18,01,40,43,211901,0.420596,03,1250,0,0,Node 03: Network 3
15505,2025-07-18,01,40,44,333423,1.121522,01,250,0,0,Node 01: Network 3
15506,2025-07-18,01,40,44,794509,0.461086,02,750,0,0,Node 02: Network 3
15507,2025-07-18,01,40,45,213659,0.41915,03,1250,0,0,Node 03: Network 3
15508,2025-07-18,01,40,46,334357,1.120698,01,250,0,0,Node 01: Network 3
15509,2025-07-18,01,40,46,796526,0.462169,02,750,0,0,Node 02: Network 3
15510,2025-07-18,01,40,47,216228,0.419702,03,1250,0,0,Node 03: Network 3
15511,2025-07-18,01,40,48,334450,1.118222,01,250,0,0,Node 01: Network 3
15512,2025-07-18,01,40,48,798296,0.463846,02,750,0,0,Node 02: Network 3
15513,2025-07-18,01,40,49,380945,0.582649,03,1250,0,0,Node 03: Network 3
15514,2025-07-18,01,40,50,423786,1.042841,01,250,0,0,Node 01: Network 3
15515,2025-07-18,01,40,50,800137,0.376351,02,750,0,0,Node 02: Network 3
15516,2025-07-18,01,40,51,382441,0.582304,03,1250,0,0,Node 03: Network 3
15517,2025-07-18,01,40,52,424110,1.041669,01,250,0,0,Node 01: Network 3
15518,2025-07-18,01,40,52,801576,0.377466,02,750,0,0,Node 02: Network 3
15519,2025-07-18,01,40,53,470688,0.669112,03,1250,0,0,Node 03: Network 3
15520,2025-07-18,01,40,53,931646,0.460958,BB,0,1,0,
15521,2025-07-18,01,40,55,935918,2.004272,BB,0,1,0,
15522,2025-07-18,01,40,55,982992,0.047074,02,1953,0,1,
15523,2025-07-18,01,40,55,996023,0.013031,03,1788,0,1,
15524,2025-07-18,01,40,56,033299,0.037276,01,1833,0,1,
15525,2025-07-18,01,40,56,250841,0.217542,01,250,0,0,Node 01: Network 3
15526,2025-07-18,01,40,56,752397,0.501556,02,750,0,0,Node 02: Network 3
15527,2025-07-18,01,40,57,255909,0.503512,03,1250,0,0,Node 03: Network 3
15528,2025-07-18,01,40,58,252097,0.996188,01,250,0,0,Node 01: Network 3
15529,2025-07-18,01,40,58,753930,0.501833,02,750,0,0,Node 02: Network 3
15530,2025-07-18,01,40,59,257552,0.503622,03,1250,0,0,Node 03: Network 3
15531,2025-07-18,01,41,00,251638,0.994086,01,250,0,0,Node 01: Network 3
15532,2025-07-18,01,41,00,755724,0.504086,02,750,0,0,Node 02: Network 3
15533,2025-07-18,01,41,01,258811,0.503087,03,1250,0,0,Node 03: Network 3
15534,2025-07-18,01,41,02,252184,0.993373,01,250,0,0,Node 01: Network 3
15535,2025-07-18,01,41,02,803544,0.55136,02,750,0,0,Node 02: Network 3
15536,2025-07-18,01,41,03,299609,0.496065,03,1251,0,0,Node 03: Network 3
15537,2025-07-18,01,41,04,253696,0.954087,01,250,0,0,Node 01: Network 3
15538,2025-07-18,01,41,04,805875,0.552179,02,750,0,0,Node 02: Network 3
15539,2025-07-18,01,41,05,301714,0.495839,03,1250,0,0,Node 03: Network 3
15540,2025-07-18,01,41,06,254124,0.95241,01,250,0,0,Node 01: Network 3
15541,2025-07-18,01,41,06,846392,0.592268,02,750,0,0,Node 02: Network 3
15542,2025-07-18,01,41,07,394099,0.547707,03,1250,0,0,Node 03: Network 3
15543,2025-07-18,01,41,08,255909,0.86181,01,250,0,0,Node 01: Network 3
15544,2025-07-18,01,41,08,847894,0.591985,02,750,0,0,Node 02: Network 3
15545,2025-07-18,01,41,09,396478,0.548584,03,1250,0,0,Node 03: Network 3
15546,2025-07-18,01,41,10,255770,0.859292,01,250,0,0,Node 01: Network 3
15547,2025-07-18,01,41,10,849723,0.593953,02,750,0,0,Node 02: Network 3
15548,2025-07-18,01,41,11,301627,0.451904,03,1250,0,0,Node 03: Network 3
15549,2025-07-18,01,41,12,256636,0.955009,01,250,0,0,Node 01: Network 3
15550,2025-07-18,01,41,12,852562,0.595926,02,750,0,0,Node 02: Network 3
15551,2025-07-18,01,41,13,303422,0.45086,03,1250,0,0,Node 03: Network 3
15552,2025-07-18,01,41,14,258000,0.954578,01,250,0,0,Node 01: Network 3
15553,2025-07-18,01,41,14,854597,0.596597,02,750,0,0,Node 02: Network 3
15554,2025-07-18,01,41,15,305748,0.451151,03,1250,0,0,Node 03: Network 3
15555,2025-07-18,01,41,16,257788,0.95204,01,250,0,0,Node 01: Network 3
15556,2025-07-18,01,41,16,856275,0.598487,02,750,0,0,Node 02: Network 3
15557,2025-07-18,01,41,17,308998,0.452723,03,1251,0,0,Node 03: Network 3
15558,2025-07-18,01,41,18,257477,0.948479,01,250,0,0,Node 01: Network 3
15559,2025-07-18,01,41,18,851875,0.594398,02,750,0,0,Node 02: Network 3
15560,2025-07-18,01,41,19,310799,0.458924,03,1250,0,0,Node 03: Network 3
15561,2025-07-18,01,41,20,258595,0.947796,01,250,0,0,Node 01: Network 3
15562,2025-07-18,01,41,20,854333,0.595738,02,750,0,0,Node 02: Network 3
15563,2025-07-18,01,41,21,312937,0.458604,03,1250,0,0,Node 03: Network 3
15564,2025-07-18,01,41,22,398815,1.085878,01,250,0,0,Node 01: Network 3
15565,2025-07-18,01,41,22,855695,0.45688,02,750,0,0,Node 02: Network 3
15566,2025-07-18,01,41,23,314937,0.459242,03,1250,0,0,Node 03: Network 3
15567,2025-07-18,01,41,24,400435,1.085498,01,250,0,0,Node 01: Network 3
15568,2025-07-18,01,41,24,858376,0.457941,02,751,0,0,Node 02: Network 3
15569,2025-07-18,01,41,25,317907,0.459531,03,1250,0,0,Node 03: Network 3
15570,2025-07-18,01,41,26,400316,1.082409,01,250,0,0,Node 01: Network 3
15571,2025-07-18,01,41,26,860642,0.460326,02,750,0,0,Node 02: Network 3
15572,2025-07-18,01,41,27,319339,0.458697,03,1250,0,0,Node 03: Network 3
15573,2025-07-18,01,41,28,362483,1.043144,01,250,0,0,Node 01: Network 3
15574,2025-07-18,01,41,28,862765,0.500282,02,750,0,0,Node 02: Network 3
15575,2025-07-18,01,41,29,321092,0.458327,03,1250,0,0,Node 03: Network 3
15576,2025-07-18,01,41,30,405772,1.08468,01,250,0,0,Node 01: Network 3
15577,2025-07-18,01,41,30,865142,0.45937,02,750,0,0,Node 02: Network 3
15578,2025-07-18,01,41,31,323489,0.458347,03,1250,0,0,Node 03: Network 3
15579,2025-07-18,01,41,32,407407,1.083918,01,250,0,0,Node 01: Network 3
15580,2025-07-18,01,41,32,867314,0.459907,02,750,0,0,Node 02: Network 3
15581,2025-07-18,01,41,33,453703,0.586389,03,1251,0,0,Node 03: Network 3
15582,2025-07-18,01,41,34,407376,0.953673,01,250,0,0,Node 01: Network 3
15583,2025-07-18,01,41,34,998022,0.590646,02,750,0,0,Node 02: Network 3
15584,2025-07-18,01,41,35,456974,0.458952,03,1250,0,0,Node 03: Network 3
15585,2025-07-18,01,41,36,408741,0.951767,01,250,0,0,Node 01: Network 3
15586,2025-07-18,01,41,36,999886,0.591145,02,750,0,0,Node 02: Network 3
15587,2025-07-18,01,41,37,458272,0.458386,03,1250,0,0,Node 03: Network 3
15588,2025-07-18,01,41,38,408876,0.950604,01,250,0,0,Node 01: Network 3
15589,2025-07-18,01,41,39,000916,0.59204,02,750,0,0,Node 02: Network 3
15590,2025-07-18,01,41,39,460566,0.45965,03,1250,0,0,Node 03: Network 3
15591,2025-07-18,01,41,40,409488,0.948922,01,250,0,0,Node 01: Network 3
15592,2025-07-18,01,41,41,003483,0.593995,02,750,0,0,Node 02: Network 3
15593,2025-07-18,01,41,41,463260,0.459777,03,1250,0,0,Node 03: Network 3
15594,2025-07-18,01,41,42,409215,0.945955,01,250,0,0,Node 01: Network 3
15595,2025-07-18,01,41,43,005440,0.596225,02,750,0,0,Node 02: Network 3
15596,2025-07-18,01,41,43,463690,0.45825,03,1250,0,0,Node 03: Network 3
15597,2025-07-18,01,41,44,410551,0.946861,01,250,0,0,Node 01: Network 3
15598,2025-07-18,01,41,45,008277,0.597726,02,750,0,0,Node 02: Network 3
15599,2025-07-18,01,41,45,456939,0.448662,03,1250,0,0,Node 03: Network 3
15600,2025-07-18,01,41,46,411838,0.954899,01,250,0,0,Node 01: Network 3
15601,2025-07-18,01,41,46,955712,0.543874,02,750,0,0,Node 02: Network 3
15602,2025-07-18,01,41,47,459952,0.50424,03,1250,0,0,Node 03: Network 3
15603,2025-07-18,01,41,48,413398,0.953446,01,250,0,0,Node 01: Network 3
15604,2025-07-18,01,41,48,957829,0.544431,02,750,0,0,Node 02: Network 3
15605,2025-07-18,01,41,49,463219,0.50539,03,1250,0,0,Node 03: Network 3
15606,2025-07-18,01,41,50,501139,1.03792,01,250,0,0,Node 01: Network 3
15607,2025-07-18,01,41,50,959149,0.45801,02,750,0,0,Node 02: Network 3
15608,2025-07-18,01,41,51,464761,0.505612,03,1250,0,0,Node 03: Network 3
15609,2025-07-18,01,41,52,502076,1.037315,01,250,0,0,Node 01: Network 3
15610,2025-07-18,01,41,52,961167,0.459091,02,751,0,0,Node 02: Network 3
15611,2025-07-18,01,41,53,467454,0.506287,03,1250,0,0,Node 03: Network 3
15612,2025-07-18,01,41,54,501547,1.034093,01,250,0,0,Node 01: Network 3
15613,2025-07-18,01,41,54,964334,0.462787,02,750,0,0,Node 02: Network 3
15614,2025-07-18,01,41,55,469358,0.505024,03,1250,0,0,Node 03: Network 3
15615,2025-07-18,01,41,56,502997,1.033639,01,250,0,0,Node 01: Network 3
15616,2025-07-18,01,41,56,965795,0.462798,02,750,0,0,Node 02: Network 3
15617,2025-07-18,01,41,57,471056,0.505261,03,1250,0,0,Node 03: Network 3
15618,2025-07-18,01,41,58,510574,1.039518,01,250,0,0,Node 01: Network 3
15619,2025-07-18,01,41,59,014058,0.503484,02,750,0,0,Node 02: Network 3
15620,2025-07-18,01,41,59,556956,0.542898,03,1250,0,0,Node 03: Network 3
15621,2025-07-18,01,42,00,510656,0.9537,01,250,0,0,Node 01: Network 3
15622,2025-07-18,01,42,01,017318,0.506662,02,750,0,0,Node 02: Network 3
15623,2025-07-18,01,42,01,560384,0.543066,03,1251,0,0,Node 03: Network 3
15624,2025-07-18,01,42,02,511165,0.950781,01,250,0,0,Node 01: Network 3
15625,2025-07-18,01,42,03,019318,0.508153,02,750,0,0,Node 02: Network 3
15626,2025-07-18,01,42,03,563003,0.543685,03,1250,0,0,Node 03: Network 3
15627,2025-07-18,01,42,04,512306,0.949303,01,251,0,0,Node 01: Network 3
15628,2025-07-18,01,42,05,020936,0.50863,02,750,0,0,Node 02: Network 3
15629,2025-07-18,01,42,05,564216,0.54328,03,1250,0,0,Node 03: Network 3
15630,2025-07-18,01,42,06,564852,1.000636,01,250,0,0,Node 01: Network 3
15631,2025-07-18,01,42,07,023199,0.458347,02,750,0,0,Node 02: Network 3
15632,2025-07-18,01,42,07,566059,0.54286,03,1250,0,0,Node 03: Network 3
15633,2025-07-18,01,42,08,567094,1.001035,01,250,0,0,Node 01: Network 3
15634,2025-07-18,01,42,09,025068,0.457974,02,750,0,0,Node 02: Network 3
15635,2025-07-18,01,42,09,569315,0.544247,03,1250,0,0,Node 03: Network 3
15636,2025-07-18,01,42,10,566870,0.997555,01,250,0,0,Node 01: Network 3
15637,2025-07-18,01,42,11,027979,0.461109,02,750,0,0,Node 02: Network 3
15638,2025-07-18,01,42,11,613711,0.585732,03,1250,0,0,Node 03: Network 3
15639,2025-07-18,01,42,12,122851,0.50914,BB,0,1,0,
15640,2025-07-18,01,42,12,571842,0.448991,01,250,0,0,Node 01: Network 3
15641,2025-07-18,01,42,13,028919,0.457077,02,750,0,0,Node 02: Network 3
15642,2025-07-18,01,42,13,615026,0.586107,03,1250,0,0,Node 03: Network 3
15643,2025-07-18,01,42,14,105869,0.490843,BB,0,1,0,
15644,2025-07-18,01,42,16,111781,2.005912,BB,0,1,0,
15645,2025-07-18,01,42,16,150939,0.039158,03,1818,0,1,
15646,2025-07-18,01,42,16,175715,0.024776,01,1862,0,1,
15647,2025-07-18,01,42,16,189404,0.013689,02,1774,0,1,
15648,2025-07-18,01,42,16,426446,0.237042,01,250,0,0,Node 01: Network 3
15649,2025-07-18,01,42,16,969540,0.543094,02,750,0,0,Node 02: Network 3
15650,2025-07-18,01,42,17,430971,0.461431,03,1250,0,0,Node 03: Network 3
15651,2025-07-18,01,42,18,428173,0.997202,01,250,0,0,Node 01: Network 3
15652,2025-07-18,01,42,18,972458,0.544285,02,750,0,0,Node 02: Network 3
15653,2025-07-18,01,42,19,433928,0.46147,03,1250,0,0,Node 03: Network 3
15654,2025-07-18,01,42,20,429958,0.99603,01,250,0,0,Node 01: Network 3
15655,2025-07-18,01,42,20,978268,0.54831,02,750,0,0,Node 02: Network 3
15656,2025-07-18,01,42,21,435198,0.45693,03,1250,0,0,Node 03: Network 3
15657,2025-07-18,01,42,22,429696,0.994498,01,250,0,0,Node 01: Network 3
15658,2025-07-18,01,42,22,979812,0.550116,02,750,0,0,Node 02: Network 3
15659,2025-07-18,01,42,23,436813,0.457001,03,1250,0,0,Node 03: Network 3
15660,2025-07-18,01,42,24,524284,1.087471,01,250,0,0,Node 01: Network 3
15661,2025-07-18,01,42,25,010878,0.486594,02,750,0,0,Node 02: Network 3
15662,2025-07-18,01,42,25,438757,0.427879,03,1250,0,0,Node 03: Network 3
15663,2025-07-18,01,42,26,524520,1.085763,01,250,0,0,Node 01: Network 3
15664,2025-07-18,01,42,26,982942,0.458422,02,750,0,0,Node 02: Network 3
15665,2025-07-18,01,42,27,442934,0.459992,03,1250,0,0,Node 03: Network 3
15666,2025-07-18,01,42,28,525660,1.082726,01,250,0,0,Node 01: Network 3
15667,2025-07-18,01,42,28,984817,0.459157,02,750,0,0,Node 02: Network 3
15668,2025-07-18,01,42,29,572530,0.587713,03,1250,0,0,Node 03: Network 3
15669,2025-07-18,01,42,30,529732,0.957202,01,250,0,0,Node 01: Network 3
15670,2025-07-18,01,42,30,986885,0.457153,02,750,0,0,Node 02: Network 3
15671,2025-07-18,01,42,31,574928,0.588043,03,1250,0,0,Node 03: Network 3
15672,2025-07-18,01,42,32,531022,0.956094,01,250,0,0,Node 01: Network 3
15673,2025-07-18,01,42,32,989160,0.458138,02,750,0,0,Node 02: Network 3
15674,2025-07-18,01,42,33,576908,0.587748,03,1250,0,0,Node 03: Network 3
15675,2025-07-18,01,42,34,530524,0.953616,01,250,0,0,Node 01: Network 3
15676,2025-07-18,01,42,34,872253,0.341729,BB,0,1,0,
15677,2025-07-18,01,42,34,928703,0.05645,BB,0,1,0,03:1776:0:1
15678,2025-07-18,01,42,34,970116,0.041413,02,677,0,1,
15679,2025-07-18,01,42,34,995450,0.025334,01,1588,0,1,1775:0:1
15680,2025-07-18,01,42,35,046101,0.050651,01,721,0,1,
15681,2025-07-18,01,42,35,097349,0.051248,03,676,0,1,
15682,2025-07-18,01,42,35,153546,0.056197,03,1250,0,0,Node 03: Network 3
15683,2025-07-18,01,42,35,279542,0.125996,01,250,0,0,Node 01: Network 3
15684,2025-07-18,01,42,35,336637,0.057095,01,250,0,0,Node 01: Network 3
15685,2025-07-18,01,42,35,403628,0.066991,02,760,0,0,Node 02: Network 3
15686,2025-07-18,01,42,35,437092,0.033464,03,1250,0,0,Node 03: Network 3
15687,2025-07-18,01,42,35,533357,0.096265,02,750,0,0,Node 02: Network 3
15688,2025-07-18,01,42,35,582482,0.049125,03,1250,0,0,Node 03: Network 3
15689,2025-07-18,01,42,35,653314,0.070832,01,250,0,0,Node 01: Network 3
15690,2025-07-18,01,42,35,713014,0.0597,02,750,0,0,Node 02: Network 3
15691,2025-07-18,01,42,35,811612,0.098598,03,1250,0,0,Node 03: Network 3
15692,2025-07-18,01,42,35,844609,0.032997,02,750,0,0,Node 02: Network 3
15693,2025-07-18,01,42,35,918784,0.074175,01,250,0,0,Node 01: Network 3
15694,2025-07-18,01,42,35,956910,0.038126,02,771,0,0,Node 02: Network 3
15695,2025-07-18,01,42,36,090175,0.133265,02,750,0,0,Node 02: Network 3
15696,2025-07-18,01,42,36,154693,0.064518,BB,0,1,0,
15697,2025-07-18,01,42,38,160017,2.005324,BB,0,1,0,
15698,2025-07-18,01,42,38,198474,0.038457,02,1215,0,1,
15699,2025-07-18,01,42,38,256233,0.057759,03,1248,0,1,
15700,2025-07-18,01,42,38,274334,0.018101,01,1251,0,1,
15701,2025-07-18,01,42,38,476473,0.202139,01,250,0,0,Node 01: Network 3
15702,2025-07-18,01,42,38,975610,0.499137,02,750,0,0,Node 02: Network 3
15703,2025-07-18,01,42,39,478759,0.503149,03,1250,0,0,Node 03: Network 3
15704,2025-07-18,01,42,40,476917,0.998158,01,250,0,0,Node 01: Network 3
15705,2025-07-18,01,42,40,978441,0.501524,02,750,0,0,Node 02: Network 3
15706,2025-07-18,01,42,41,481272,0.502831,03,1250,0,0,Node 03: Network 3
15707,2025-07-18,01,42,42,477507,0.996235,01,250,0,0,Node 01: Network 3
15708,2025-07-18,01,42,42,980152,0.502645,02,750,0,0,Node 02: Network 3
15709,2025-07-18,01,42,43,484050,0.503898,03,1250,0,0,Node 03: Network 3
15710,2025-07-18,01,42,44,477424,0.993374,01,250,0,0,Node 01: Network 3
15711,2025-07-18,01,42,44,983175,0.505751,02,751,0,0,Node 02: Network 3
15712,2025-07-18,01,42,45,524313,0.541138,03,1250,0,0,Node 03: Network 3
15713,2025-07-18,01,42,46,478325,0.954012,01,250,0,0,Node 01: Network 3
15714,2025-07-18,01,42,46,984884,0.506559,02,750,0,0,Node 02: Network 3
15715,2025-07-18,01,42,47,529473,0.544589,03,1250,0,0,Node 03: Network 3
15716,2025-07-18,01,42,48,478829,0.949356,01,250,0,0,Node 01: Network 3
15717,2025-07-18,01,42,48,986344,0.507515,02,750,0,0,Node 02: Network 3
15718,2025-07-18,01,42,49,532317,0.545973,03,1250,0,0,Node 03: Network 3
15719,2025-07-18,01,42,50,481274,0.948957,01,250,0,0,Node 01: Network 3
15720,2025-07-18,01,42,50,988760,0.507486,02,750,0,0,Node 02: Network 3
15721,2025-07-18,01,42,51,534762,0.546002,03,1250,0,0,Node 03: Network 3
15722,2025-07-18,01,42,52,532845,0.998083,01,250,0,0,Node 01: Network 3
15723,2025-07-18,01,42,52,990417,0.457572,02,750,0,0,Node 02: Network 3
15724,2025-07-18,01,42,53,579450,0.589033,03,1250,0,0,Node 03: Network 3
15725,2025-07-18,01,42,54,534033,0.954583,01,250,0,0,Node 01: Network 3
15726,2025-07-18,01,42,54,992210,0.458177,02,750,0,0,Node 02: Network 3
15727,2025-07-18,01,42,55,582160,0.58995,03,1250,0,0,Node 03: Network 3
15728,2025-07-18,01,42,56,533529,0.951369,01,250,0,0,Node 01: Network 3
15729,2025-07-18,01,42,56,994289,0.46076,02,750,0,0,Node 02: Network 3
15730,2025-07-18,01,42,57,583847,0.589558,03,1250,0,0,Node 03: Network 3
15731,2025-07-18,01,42,58,537535,0.953688,01,250,0,0,Node 01: Network 3
15732,2025-07-18,01,42,58,995914,0.458379,02,750,0,0,Node 02: Network 3
15733,2025-07-18,01,42,59,585169,0.589255,03,1250,0,0,Node 03: Network 3
15734,2025-07-18,01,43,00,539944,0.954775,01,250,0,0,Node 01: Network 3
15735,2025-07-18,01,43,00,998158,0.458214,02,751,0,0,Node 02: Network 3
15736,2025-07-18,01,43,01,587435,0.589277,03,1250,0,0,Node 03: Network 3
15737,2025-07-18,01,43,02,539726,0.952291,01,250,0,0,Node 01: Network 3
15738,2025-07-18,01,43,03,132475,0.592749,02,750,0,0,Node 02: Network 3
15739,2025-07-18,01,43,03,589034,0.456559,03,1250,0,0,Node 03: Network 3
15740,2025-07-18,01,43,04,541558,0.952524,01,250,0,0,Node 01: Network 3
15741,2025-07-18,01,43,05,134025,0.592467,02,750,0,0,Node 02: Network 3
15742,2025-07-18,01,43,05,590357,0.456332,03,1250,0,0,Node 03: Network 3
15743,2025-07-18,01,43,06,541789,0.951432,01,250,0,0,Node 01: Network 3
15744,2025-07-18,01,43,07,136136,0.594347,02,750,0,0,Node 02: Network 3
15745,2025-07-18,01,43,07,594316,0.45818,03,1250,0,0,Node 03: Network 3
15746,2025-07-18,01,43,08,541737,0.947421,01,250,0,0,Node 01: Network 3
15747,2025-07-18,01,43,09,137990,0.596253,02,750,0,0,Node 02: Network 3
15748,2025-07-18,01,43,09,596363,0.458373,03,1250,0,0,Node 03: Network 3
15749,2025-07-18,01,43,10,681709,1.085346,01,250,0,0,Node 01: Network 3
15750,2025-07-18,01,43,11,139134,0.457425,02,750,0,0,Node 02: Network 3
15751,2025-07-18,01,43,11,598463,0.459329,03,1250,0,0,Node 03: Network 3
15752,2025-07-18,01,43,12,682617,1.084154,01,250,0,0,Node 01: Network 3
15753,2025-07-18,01,43,13,141039,0.458422,02,750,0,0,Node 02: Network 3
15754,2025-07-18,01,43,13,599285,0.458246,03,1250,0,0,Node 03: Network 3
15755,2025-07-18,01,43,14,683150,1.083865,01,250,0,0,Node 01: Network 3
15756,2025-07-18,01,43,15,143175,0.460025,02,750,0,0,Node 02: Network 3
15757,2025-07-18,01,43,15,602756,0.459581,03,1250,0,0,Node 03: Network 3
15758,2025-07-18,01,43,16,685109,1.082353,01,250,0,0,Node 01: Network 3
15759,2025-07-18,01,43,17,145338,0.460229,02,750,0,0,Node 02: Network 3
15760,2025-07-18,01,43,17,608036,0.462698,03,1250,0,0,Node 03: Network 3
15761,2025-07-18,01,43,18,684841,1.076805,01,250,0,0,Node 01: Network 3
15762,2025-07-18,01,43,19,147905,0.463064,02,750,0,0,Node 02: Network 3
15763,2025-07-18,01,43,19,607087,0.459182,03,1250,0,0,Node 03: Network 3
15764,2025-07-18,01,43,20,686462,1.079375,01,250,0,0,Node 01: Network 3
15765,2025-07-18,01,43,21,608971,0.922509,03,1250,0,0,Node 03: Network 3
15766,2025-07-18,01,43,22,652108,1.043137,01,250,0,0,Node 01: Network 3
15767,2025-07-18,01,43,23,153533,0.501425,02,750,0,0,Node 02: Network 3
15768,2025-07-18,01,43,23,610471,0.456938,03,1250,0,0,Node 03: Network 3
15769,2025-07-18,01,43,24,651925,1.041454,01,250,0,0,Node 01: Network 3
15770,2025-07-18,01,43,25,155179,0.503254,02,750,0,0,Node 02: Network 3
15771,2025-07-18,01,43,25,700224,0.545045,03,1250,0,0,Node 03: Network 3
15772,2025-07-18,01,43,26,653578,0.953354,01,250,0,0,Node 01: Network 3
15773,2025-07-18,01,43,27,157077,0.503499,02,750,0,0,Node 02: Network 3
15774,2025-07-18,01,43,28,653220,1.496143,01,250,0,0,Node 01: Network 3
15775,2025-07-18,01,43,29,159111,0.505891,02,750,0,0,Node 02: Network 3
15776,2025-07-18,01,43,29,700814,0.541703,03,1250,0,0,Node 03: Network 3
15777,2025-07-18,01,43,30,654807,0.953993,01,250,0,0,Node 01: Network 3
15778,2025-07-18,01,43,31,160879,0.506072,02,750,0,0,Node 02: Network 3
15779,2025-07-18,01,43,31,700720,0.539841,03,1250,0,0,Node 03: Network 3
15780,2025-07-18,01,43,32,654533,0.953813,01,250,0,0,Node 01: Network 3
15781,2025-07-18,01,43,33,162661,0.508128,02,750,0,0,Node 02: Network 3
15782,2025-07-18,01,43,33,702671,0.54001,03,1250,0,0,Node 03: Network 3
15783,2025-07-18,01,43,34,656301,0.95363,01,250,0,0,Node 01: Network 3
15784,2025-07-18,01,43,35,165353,0.509052,02,750,0,0,Node 02: Network 3
15785,2025-07-18,01,43,35,704828,0.539475,03,1250,0,0,Node 03: Network 3
15786,2025-07-18,01,43,36,656944,0.952116,01,250,0,0,Node 01: Network 3
15787,2025-07-18,01,43,37,166649,0.509705,02,750,0,0,Node 02: Network 3
15788,2025-07-18,01,43,37,708253,0.541604,03,1251,0,0,Node 03: Network 3
15789,2025-07-18,01,43,38,658086,0.949833,01,250,0,0,Node 01: Network 3
15790,2025-07-18,01,43,39,167923,0.509837,02,750,0,0,Node 02: Network 3
15791,2025-07-18,01,43,39,709639,0.541716,03,1250,0,0,Node 03: Network 3
15792,2025-07-18,01,43,40,658186,0.948547,01,250,0,0,Node 01: Network 3
15793,2025-07-18,01,43,41,169801,0.511615,02,750,0,0,Node 02: Network 3
15794,2025-07-18,01,43,41,712444,0.542643,03,1250,0,0,Node 03: Network 3
15795,2025-07-18,01,43,42,659635,0.947191,01,250,0,0,Node 01: Network 3
15796,2025-07-18,01,43,43,172701,0.513066,02,750,0,0,Node 02: Network 3
15797,2025-07-18,01,43,43,707002,0.534301,03,1250,0,0,Node 03: Network 3
15798,2025-07-18,01,43,44,717357,1.010355,01,250,0,0,Node 01: Network 3
15799,2025-07-18,01,43,45,175247,0.45789,02,750,0,0,Node 02: Network 3
15800,2025-07-18,01,43,45,709344,0.534097,03,1250,0,0,Node 03: Network 3
15801,2025-07-18,01,43,46,717180,1.007836,01,250,0,0,Node 01: Network 3
15802,2025-07-18,01,43,47,261461,0.544281,02,750,0,0,Node 02: Network 3
15803,2025-07-18,01,43,47,807879,0.546418,03,1250,0,0,Node 03: Network 3
15804,2025-07-18,01,43,48,718351,0.910472,01,250,0,0,Node 01: Network 3
15805,2025-07-18,01,43,49,350713,0.632362,02,750,0,0,Node 02: Network 3
15806,2025-07-18,01,43,49,808648,0.457935,03,1250,0,0,Node 03: Network 3
15807,2025-07-18,01,43,50,317359,0.508711,BB,0,1,0,
15808,2025-07-18,01,43,50,381529,0.06417,03,1236,0,1,
15809,2025-07-18,01,43,51,634976,1.253447,03,1250,0,0,Node 03: Network 3
15810,2025-07-18,01,43,53,179705,1.544729,02,750,0,0,Node 02: Network 3
15811,2025-07-18,01,43,53,638662,0.458957,03,1250,0,0,Node 03: Network 3
15812,2025-07-18,01,43,54,722838,1.084176,01,250,0,0,Node 01: Network 3
15813,2025-07-18,01,43,55,180653,0.457815,02,750,0,0,Node 02: Network 3
15814,2025-07-18,01,43,55,640234,0.459581,03,1250,0,0,Node 03: Network 3
15815,2025-07-18,01,43,56,724804,1.08457,01,251,0,0,Node 01: Network 3
15816,2025-07-18,01,43,57,182506,0.457702,02,750,0,0,Node 02: Network 3
15817,2025-07-18,01,43,57,643287,0.460781,03,1250,0,0,Node 03: Network 3
15818,2025-07-18,01,43,58,724887,1.0816,01,250,0,0,Node 01: Network 3
15819,2025-07-18,01,43,59,185276,0.460389,02,750,0,0,Node 02: Network 3
15820,2025-07-18,01,43,59,644779,0.459503,03,1250,0,0,Node 03: Network 3
15821,2025-07-18,01,44,00,725400,1.080621,01,250,0,0,Node 01: Network 3
15822,2025-07-18,01,44,01,185955,0.460555,02,750,0,0,Node 02: Network 3
15823,2025-07-18,01,44,01,771555,0.5856,03,1250,0,0,Node 03: Network 3
15824,2025-07-18,01,44,02,731538,0.959983,01,250,0,0,Node 01: Network 3
15825,2025-07-18,01,44,03,188055,0.456517,02,750,0,0,Node 02: Network 3
15826,2025-07-18,01,44,03,772776,0.584721,03,1250,0,0,Node 03: Network 3
15827,2025-07-18,01,44,04,731676,0.9589,01,250,0,0,Node 01: Network 3
15828,2025-07-18,01,44,05,192495,0.460819,02,751,0,0,Node 02: Network 3
15829,2025-07-18,01,44,05,776197,0.583702,03,1250,0,0,Node 03: Network 3
15830,2025-07-18,01,44,06,735937,0.95974,01,250,0,0,Node 01: Network 3
15831,2025-07-18,01,44,07,281193,0.545256,02,750,0,0,Node 02: Network 3
15832,2025-07-18,01,44,07,778165,0.496972,03,1250,0,0,Node 03: Network 3
15833,2025-07-18,01,44,08,735438,0.957273,01,250,0,0,Node 01: Network 3
15834,2025-07-18,01,44,09,282459,0.547021,02,750,0,0,Node 02: Network 3
15835,2025-07-18,01,44,09,780919,0.49846,03,1250,0,0,Node 03: Network 3
15836,2025-07-18,01,44,10,826907,1.045988,01,250,0,0,Node 01: Network 3
15837,2025-07-18,01,44,11,284794,0.457887,02,750,0,0,Node 02: Network 3
15838,2025-07-18,01,44,11,783321,0.498527,03,1250,0,0,Node 03: Network 3
15839,2025-07-18,01,44,12,827591,1.04427,01,250,0,0,Node 01: Network 3
15840,2025-07-18,01,44,13,286537,0.458946,02,750,0,0,Node 02: Network 3
15841,2025-07-18,01,44,13,784683,0.498146,03,1250,0,0,Node 03: Network 3
15842,2025-07-18,01,44,14,827589,1.042906,01,250,0,0,Node 01: Network 3
15843,2025-07-18,01,44,15,288458,0.460869,02,750,0,0,Node 02: Network 3
15844,2025-07-18,01,44,15,787272,0.498814,03,1250,0,0,Node 03: Network 3
15845,2025-07-18,01,44,16,828501,1.041229,01,250,0,0,Node 01: Network 3
15846,2025-07-18,01,44,17,290301,0.4618,02,750,0,0,Node 02: Network 3
15847,2025-07-18,01,44,17,788909,0.498608,03,1250,0,0,Node 03: Network 3
15848,2025-07-18,01,44,18,830683,1.041774,01,250,0,0,Node 01: Network 3
15849,2025-07-18,01,44,19,291946,0.461263,02,750,0,0,Node 02: Network 3
15850,2025-07-18,01,44,19,791165,0.499219,03,1250,0,0,Node 03: Network 3
15851,2025-07-18,01,44,20,834670,1.043505,01,250,0,0,Node 01: Network 3
15852,2025-07-18,01,44,21,293345,0.458675,02,750,0,0,Node 02: Network 3
15853,2025-07-18,01,44,21,793577,0.500232,03,1250,0,0,Node 03: Network 3
15854,2025-07-18,01,44,22,837073,1.043496,01,250,0,0,Node 01: Network 3
15855,2025-07-18,01,44,23,296677,0.459604,02,750,0,0,Node 02: Network 3
15856,2025-07-18,01,44,23,882955,0.586278,03,1250,0,0,Node 03: Network 3
15857,2025-07-18,01,44,24,836870,0.953915,01,250,0,0,Node 01: Network 3
15858,2025-07-18,01,44,25,299136,0.462266,02,750,0,0,Node 02: Network 3
15859,2025-07-18,01,44,25,886111,0.586975,03,1250,0,0,Node 03: Network 3
15860,2025-07-18,01,44,26,838090,0.951979,01,250,0,0,Node 01: Network 3
15861,2025-07-18,01,44,27,301005,0.462915,02,750,0,0,Node 02: Network 3
15862,2025-07-18,01,44,27,888079,0.587074,03,1250,0,0,Node 03: Network 3
15863,2025-07-18,01,44,28,838359,0.95028,01,250,0,0,Node 01: Network 3
15864,2025-07-18,01,44,29,302937,0.464578,02,750,0,0,Node 02: Network 3
15865,2025-07-18,01,44,29,891339,0.588402,03,1250,0,0,Node 03: Network 3
15866,2025-07-18,01,44,30,838466,0.947127,01,250,0,0,Node 01: Network 3
15867,2025-07-18,01,44,31,304590,0.466124,02,750,0,0,Node 02: Network 3
15868,2025-07-18,01,44,31,893001,0.588411,03,1250,0,0,Node 03: Network 3
15869,2025-07-18,01,44,32,839358,0.946357,01,250,0,0,Node 01: Network 3
15870,2025-07-18,01,44,33,306107,0.466749,02,750,0,0,Node 02: Network 3
15871,2025-07-18,01,44,33,894473,0.588366,03,1250,0,0,Node 03: Network 3
15872,2025-07-18,01,44,34,840082,0.945609,01,250,0,0,Node 01: Network 3
15873,2025-07-18,01,44,35,439289,0.599207,02,750,0,0,Node 02: Network 3
15874,2025-07-18,01,44,35,886798,0.447509,03,1250,0,0,Node 03: Network 3
15875,2025-07-18,01,44,36,418379,0.531581,BB,0,1,0,
15876,2025-07-18,01,44,38,423299,2.00492,BB,0,1,0,
15877,2025-07-18,01,44,38,493418,0.070119,02,1803,0,1,
15878,2025-07-18,01,44,38,512988,0.01957,01,1904,0,1,
15879,2025-07-18,01,44,38,526448,0.01346,03,1859,0,1,
15880,2025-07-18,01,44,38,738911,0.212463,01,250,0,0,Node 01: Network 3
15881,2025-07-18,01,44,39,238765,0.499854,02,750,0,0,Node 02: Network 3
15882,2025-07-18,01,44,39,742918,0.504153,03,1250,0,0,Node 03: Network 3
15883,2025-07-18,01,44,40,739573,0.996655,01,250,0,0,Node 01: Network 3
15884,2025-07-18,01,44,41,241529,0.501956,02,750,0,0,Node 02: Network 3
15885,2025-07-18,01,44,41,744924,0.503395,03,1250,0,0,Node 03: Network 3
15886,2025-07-18,01,44,42,566184,0.82126,BB,0,1,0,
15887,2025-07-18,01,44,42,621892,0.055708,BB,0,1,0,1215:0:1
15888,2025-07-18,01,44,42,635930,0.014038,03,1428,0,1,
15889,2025-07-18,01,44,42,716519,0.080589,02,162,0,1,
15890,2025-07-18,01,44,42,753192,0.036673,03,1248,0,1,1251:0:1
15891,2025-07-18,01,44,42,797664,0.044472,03,1250,0,0,Node 03: Network 3
15892,2025-07-18,01,44,42,810177,0.012513,01,210,0,1,
15893,2025-07-18,01,44,42,973091,0.162914,01,250,0,0,Node 01: Network 3
15894,2025-07-18,01,44,43,004934,0.031843,01,250,0,0,Node 01: Network 3
15895,2025-07-18,01,44,43,038611,0.033677,02,750,0,0,Node 02: Network 3
15896,2025-07-18,01,44,43,071887,0.033276,03,1282,0,0,Node 03: Network 3
15897,2025-07-18,01,44,43,242986,0.171099,02,771,0,0,Node 02: Network 3
15898,2025-07-18,01,44,43,300060,0.057074,01,250,0,0,Node 01: Network 3
15899,2025-07-18,01,44,43,355659,0.055599,02,750,0,0,Node 02: Network 3
15900,2025-07-18,01,44,43,407455,0.051796,03,1250,0,0,Node 03: Network 3
15901,2025-07-18,01,44,43,446598,0.039143,02,750,0,0,Node 02: Network 3
15902,2025-07-18,01,44,43,556297,0.109699,01,250,0,0,Node 01: Network 3
15903,2025-07-18,01,44,43,656478,0.100181,02,750,0,0,Node 02: Network 3
15904,2025-07-18,01,44,43,707570,0.051092,03,1250,0,0,Node 03: Network 3
15905,2025-07-18,01,44,43,784230,0.07666,01,250,0,0,Node 01: Network 3
15906,2025-07-18,01,44,44,435665,0.651435,BB,0,1,0,
15907,2025-07-18,01,44,48,444709,4.009044,BB,0,1,0,
15908,2025-07-18,01,44,48,487802,0.043093,02,1830,0,1,
15909,2025-07-18,01,44,48,508832,0.02103,01,1833,0,1,
15910,2025-07-18,01,44,48,522371,0.013539,03,923,0,1,
15911,2025-07-18,01,44,48,760214,0.237843,01,250,0,0,Node 01: Network 3
15912,2025-07-18,01,44,49,261890,0.501676,02,750,0,0,Node 02: Network 3
15913,2025-07-18,01,44,49,764359,0.502469,03,1251,0,0,Node 03: Network 3
15914,2025-07-18,01,44,50,760702,0.996343,01,250,0,0,Node 01: Network 3
15915,2025-07-18,01,44,51,263477,0.502775,02,750,0,0,Node 02: Network 3
15916,2025-07-18,01,44,51,766440,0.502963,03,1250,0,0,Node 03: Network 3
15917,2025-07-18,01,44,52,809122,1.042682,01,251,0,0,Node 01: Network 3
15918,2025-07-18,01,44,53,265795,0.456673,02,750,0,0,Node 02: Network 3
15919,2025-07-18,01,44,53,768061,0.502266,03,1250,0,0,Node 03: Network 3
15920,2025-07-18,01,44,55,267167,1.499106,02,750,0,0,Node 02: Network 3
15921,2025-07-18,01,44,55,770632,0.503465,03,1250,0,0,Node 03: Network 3
15922,2025-07-18,01,44,56,811985,1.041353,01,250,0,0,Node 01: Network 3
15923,2025-07-18,01,44,57,315258,0.503273,02,750,0,0,Node 02: Network 3
15924,2025-07-18,01,44,57,859275,0.544017,03,1250,0,0,Node 03: Network 3
15925,2025-07-18,01,44,58,811846,0.952571,01,250,0,0,Node 01: Network 3
15926,2025-07-18,01,44,59,317683,0.505837,02,750,0,0,Node 02: Network 3
15927,2025-07-18,01,44,59,861520,0.543837,03,1250,0,0,Node 03: Network 3
15928,2025-07-18,01,45,00,812647,0.951127,01,250,0,0,Node 01: Network 3
15929,2025-07-18,01,45,01,319272,0.506625,02,750,0,0,Node 02: Network 3
15930,2025-07-18,01,45,01,864494,0.545222,03,1250,0,0,Node 03: Network 3
15931,2025-07-18,01,45,02,863331,0.998837,01,250,0,0,Node 01: Network 3
15932,2025-07-18,01,45,03,320960,0.457629,02,750,0,0,Node 02: Network 3
15933,2025-07-18,01,45,03,910438,0.589478,03,1250,0,0,Node 03: Network 3
15934,2025-07-18,01,45,04,866060,0.955622,01,250,0,0,Node 01: Network 3
15935,2025-07-18,01,45,05,323964,0.457904,02,750,0,0,Node 02: Network 3
15936,2025-07-18,01,45,05,911303,0.587339,03,1250,0,0,Node 03: Network 3
15937,2025-07-18,01,45,06,865699,0.954396,01,250,0,0,Node 01: Network 3
15938,2025-07-18,01,45,07,325671,0.459972,02,750,0,0,Node 02: Network 3
15939,2025-07-18,01,45,07,915439,0.589768,03,1250,0,0,Node 03: Network 3
15940,2025-07-18,01,45,08,865831,0.950392,01,250,0,0,Node 01: Network 3
15941,2025-07-18,01,45,09,326675,0.460844,02,750,0,0,Node 02: Network 3
15942,2025-07-18,01,45,09,914409,0.587734,03,1250,0,0,Node 03: Network 3
15943,2025-07-18,01,45,10,867587,0.953178,01,250,0,0,Node 01: Network 3
15944,2025-07-18,01,45,11,329206,0.461619,02,750,0,0,Node 02: Network 3
15945,2025-07-18,01,45,11,914778,0.585572,03,1250,0,0,Node 03: Network 3
15946,2025-07-18,01,45,12,868262,0.953484,01,251,0,0,Node 01: Network 3
15947,2025-07-18,01,45,13,332357,0.464095,02,750,0,0,Node 02: Network 3
15948,2025-07-18,01,45,13,918240,0.585883,03,1250,0,0,Node 03: Network 3
15949,2025-07-18,01,45,14,869409,0.951169,01,250,0,0,Node 01: Network 3
15950,2025-07-18,01,45,15,333720,0.464311,02,750,0,0,Node 02: Network 3
15951,2025-07-18,01,45,15,919487,0.585767,03,1250,0,0,Node 03: Network 3
15952,2025-07-18,01,45,16,869434,0.949947,01,250,0,0,Node 01: Network 3
15953,2025-07-18,01,45,17,335516,0.466082,02,750,0,0,Node 02: Network 3
15954,2025-07-18,01,45,17,920943,0.585427,03,1250,0,0,Node 03: Network 3
15955,2025-07-18,01,45,18,870520,0.949577,01,250,0,0,Node 01: Network 3
15956,2025-07-18,01,45,19,337528,0.467008,02,750,0,0,Node 02: Network 3
15957,2025-07-18,01,45,19,923863,0.586335,03,1250,0,0,Node 03: Network 3
15958,2025-07-18,01,45,20,882609,0.958746,01,250,0,0,Node 01: Network 3
15959,2025-07-18,01,45,21,340939,0.45833,02,750,0,0,Node 02: Network 3
15960,2025-07-18,01,45,21,926440,0.585501,03,1250,0,0,Node 03: Network 3
15961,2025-07-18,01,45,22,883530,0.95709,01,250,0,0,Node 01: Network 3
15962,2025-07-18,01,45,23,342717,0.459187,02,750,0,0,Node 02: Network 3
15963,2025-07-18,01,45,23,889796,0.547079,03,1250,0,0,Node 03: Network 3
15964,2025-07-18,01,45,24,883928,0.994132,01,250,0,0,Node 01: Network 3
15965,2025-07-18,01,45,25,343779,0.459851,02,750,0,0,Node 02: Network 3
15966,2025-07-18,01,45,25,891909,0.54813,03,1250,0,0,Node 03: Network 3
15967,2025-07-18,01,45,26,884011,0.992102,01,250,0,0,Node 01: Network 3
15968,2025-07-18,01,45,27,346275,0.462264,02,750,0,0,Node 02: Network 3
15969,2025-07-18,01,45,27,893078,0.546803,03,1250,0,0,Node 03: Network 3
15970,2025-07-18,01,45,28,884921,0.991843,01,250,0,0,Node 01: Network 3
15971,2025-07-18,01,45,29,437949,0.553028,02,750,0,0,Node 02: Network 3
15972,2025-07-18,01,45,29,896310,0.458361,03,1250,0,0,Node 03: Network 3
15973,2025-07-18,01,45,30,885156,0.988846,01,250,0,0,Node 01: Network 3
15974,2025-07-18,01,45,31,439672,0.554516,02,750,0,0,Node 02: Network 3
15975,2025-07-18,01,45,31,897472,0.4578,03,1250,0,0,Node 03: Network 3
15976,2025-07-18,01,45,32,887583,0.990111,01,251,0,0,Node 01: Network 3
15977,2025-07-18,01,45,33,441421,0.553838,02,750,0,0,Node 02: Network 3
15978,2025-07-18,01,45,33,900230,0.458809,03,1250,0,0,Node 03: Network 3
15979,2025-07-18,01,45,34,986448,1.086218,01,250,0,0,Node 01: Network 3
15980,2025-07-18,01,45,35,444105,0.457657,02,750,0,0,Node 02: Network 3
15981,2025-07-18,01,45,35,902150,0.458045,03,1250,0,0,Node 03: Network 3
15982,2025-07-18,01,45,36,986239,1.084089,01,250,0,0,Node 01: Network 3
15983,2025-07-18,01,45,37,446174,0.459935,02,750,0,0,Node 02: Network 3
15984,2025-07-18,01,45,38,033423,0.587249,03,1250,0,0,Node 03: Network 3
15985,2025-07-18,01,45,38,988344,0.954921,01,250,0,0,Node 01: Network 3
15986,2025-07-18,01,45,39,578406,0.590062,02,750,0,0,Node 02: Network 3
15987,2025-07-18,01,45,40,036204,0.457798,03,1250,0,0,Node 03: Network 3
15988,2025-07-18,01,45,40,559439,0.523235,BB,0,1,0,
15989,2025-07-18,01,45,40,597074,0.037635,02,1814,0,1,
15990,2025-07-18,01,45,41,374870,0.777796,02,750,0,0,Node 02: Network 3
15991,2025-07-18,01,45,41,921451,0.546581,03,1250,0,0,Node 03: Network 3
15992,2025-07-18,01,45,42,918999,0.997548,01,250,0,0,Node 01: Network 3
15993,2025-07-18,01,45,43,463677,0.544678,02,750,0,0,Node 02: Network 3
15994,2025-07-18,01,45,43,924060,0.460383,03,1250,0,0,Node 03: Network 3
15995,2025-07-18,01,45,44,921256,0.997196,01,250,0,0,Node 01: Network 3
15996,2025-07-18,01,45,45,465353,0.544097,02,750,0,0,Node 02: Network 3
15997,2025-07-18,01,45,45,969142,0.503789,03,1250,0,0,Node 03: Network 3
15998,2025-07-18,01,45,46,921349,0.952207,01,250,0,0,Node 01: Network 3
15999,2025-07-18,01,45,47,466941,0.545592,02,750,0,0,Node 02: Network 3
16000,2025-07-18,01,45,47,970693,0.503752,03,1250,0,0,Node 03: Network 3
16001,2025-07-18,01,45,48,921464,0.950771,01,250,0,0,Node 01: Network 3
16002,2025-07-18,01,45,49,468878,0.547414,02,750,0,0,Node 02: Network 3
16003,2025-07-18,01,45,49,971770,0.502892,03,1250,0,0,Node 03: Network 3
16004,2025-07-18,01,45,50,922649,0.950879,01,250,0,0,Node 01: Network 3
16005,2025-07-18,01,45,51,471420,0.548771,02,750,0,0,Node 02: Network 3
16006,2025-07-18,01,45,52,018188,0.546768,03,1250,0,0,Node 03: Network 3
16007,2025-07-18,01,45,52,923201,0.905013,01,250,0,0,Node 01: Network 3
16008,2025-07-18,01,45,53,473524,0.550323,02,750,0,0,Node 02: Network 3
16009,2025-07-18,01,45,54,019431,0.545907,03,1250,0,0,Node 03: Network 3
16010,2025-07-18,01,45,54,923174,0.903743,01,250,0,0,Node 01: Network 3
16011,2025-07-18,01,45,55,564025,0.640851,02,750,0,0,Node 02: Network 3
16012,2025-07-18,01,45,56,022461,0.458436,03,1250,0,0,Node 03: Network 3
16013,2025-07-18,01,45,56,923863,0.901402,01,250,0,0,Node 01: Network 3
16014,2025-07-18,01,45,57,566312,0.642449,02,750,0,0,Node 02: Network 3
16015,2025-07-18,01,45,58,024313,0.458001,03,1250,0,0,Node 03: Network 3
16016,2025-07-18,01,45,58,924829,0.900516,01,250,0,0,Node 01: Network 3
16017,2025-07-18,01,45,59,567616,0.642787,02,750,0,0,Node 02: Network 3
16018,2025-07-18,01,45,59,971524,0.403908,03,1250,0,0,Node 03: Network 3
16019,2025-07-18,01,46,00,925131,0.953607,01,250,0,0,Node 01: Network 3
16020,2025-07-18,01,46,01,516599,0.591468,02,750,0,0,Node 02: Network 3
16021,2025-07-18,01,46,01,973877,0.457278,03,1250,0,0,Node 03: Network 3
16022,2025-07-18,01,46,03,060155,1.086278,01,250,0,0,Node 01: Network 3
16023,2025-07-18,01,46,03,519379,0.459224,02,750,0,0,Node 02: Network 3
16024,2025-07-18,01,46,03,975759,0.45638,03,1250,0,0,Node 03: Network 3
16025,2025-07-18,01,46,05,060785,1.085026,01,250,0,0,Node 01: Network 3
16026,2025-07-18,01,46,05,520251,0.459466,02,750,0,0,Node 02: Network 3
16027,2025-07-18,01,46,05,977370,0.457119,03,1250,0,0,Node 03: Network 3
16028,2025-07-18,01,46,07,062237,1.084867,01,250,0,0,Node 01: Network 3
16029,2025-07-18,01,46,07,522745,0.460508,02,750,0,0,Node 02: Network 3
16030,2025-07-18,01,46,07,978951,0.456206,03,1250,0,0,Node 03: Network 3
16031,2025-07-18,01,46,09,062600,1.083649,01,250,0,0,Node 01: Network 3
16032,2025-07-18,01,46,09,524486,0.461886,02,750,0,0,Node 02: Network 3
16033,2025-07-18,01,46,09,982625,0.458139,03,1250,0,0,Node 03: Network 3
16034,2025-07-18,01,46,11,063312,1.080687,01,250,0,0,Node 01: Network 3
16035,2025-07-18,01,46,11,527644,0.464332,02,751,0,0,Node 02: Network 3
16036,2025-07-18,01,46,11,985459,0.457815,03,1250,0,0,Node 03: Network 3
16037,2025-07-18,01,46,13,064747,1.079288,01,250,0,0,Node 01: Network 3
16038,2025-07-18,01,46,13,529736,0.464989,02,750,0,0,Node 02: Network 3
16039,2025-07-18,01,46,13,986534,0.456798,03,1250,0,0,Node 03: Network 3
16040,2025-07-18,01,46,15,064826,1.078292,01,250,0,0,Node 01: Network 3
16041,2025-07-18,01,46,15,531607,0.466781,02,750,0,0,Node 02: Network 3
16042,2025-07-18,01,46,15,989346,0.457739,03,1250,0,0,Node 03: Network 3
16043,2025-07-18,01,46,17,064615,1.075269,01,250,0,0,Node 01: Network 3
16044,2025-07-18,01,46,17,532540,0.467925,02,750,0,0,Node 02: Network 3
16045,2025-07-18,01,46,17,991553,0.459013,03,1250,0,0,Node 03: Network 3
16046,2025-07-18,01,46,19,066848,1.075295,01,250,0,0,Node 01: Network 3
16047,2025-07-18,01,46,19,534426,0.467578,02,750,0,0,Node 02: Network 3
16048,2025-07-18,01,46,19,993353,0.458927,03,1250,0,0,Node 03: Network 3
16049,2025-07-18,01,46,21,066871,1.073518,01,250,0,0,Node 01: Network 3
16050,2025-07-18,01,46,21,537123,0.470252,02,750,0,0,Node 02: Network 3
16051,2025-07-18,01,46,21,995758,0.458635,03,1250,0,0,Node 03: Network 3
16052,2025-07-18,01,46,23,068291,1.072533,01,250,0,0,Node 01: Network 3
16053,2025-07-18,01,46,23,538129,0.469838,02,750,0,0,Node 02: Network 3
16054,2025-07-18,01,46,23,997456,0.459327,03,1250,0,0,Node 03: Network 3
16055,2025-07-18,01,46,25,069068,1.071612,01,250,0,0,Node 01: Network 3
16056,2025-07-18,01,46,25,540458,0.47139,02,750,0,0,Node 02: Network 3
16057,2025-07-18,01,46,26,000252,0.459794,03,1250,0,0,Node 03: Network 3
16058,2025-07-18,01,46,27,068452,1.0682,01,250,0,0,Node 01: Network 3
16059,2025-07-18,01,46,27,543663,0.475211,02,751,0,0,Node 02: Network 3
16060,2025-07-18,01,46,28,002034,0.458371,03,1250,0,0,Node 03: Network 3
16061,2025-07-18,01,46,29,070423,1.068389,01,250,0,0,Node 01: Network 3
16062,2025-07-18,01,46,29,545392,0.474969,02,750,0,0,Node 02: Network 3
16063,2025-07-18,01,46,30,004297,0.458905,03,1250,0,0,Node 03: Network 3
16064,2025-07-18,01,46,31,090054,1.085757,01,250,0,0,Node 01: Network 3
16065,2025-07-18,01,46,31,548626,0.458572,02,750,0,0,Node 02: Network 3
16066,2025-07-18,01,46,32,137838,0.589212,03,1250,0,0,Node 03: Network 3
16067,2025-07-18,01,46,33,090322,0.952484,01,250,0,0,Node 01: Network 3
16068,2025-07-18,01,46,33,682077,0.591755,02,750,0,0,Node 02: Network 3
16069,2025-07-18,01,46,34,139518,0.457441,03,1250,0,0,Node 03: Network 3
16070,2025-07-18,01,46,34,677905,0.538387,BB,0,1,0,
16071,2025-07-18,01,46,34,743990,0.066085,03,1417,0,1,
16072,2025-07-18,01,46,35,996867,1.252877,03,1250,0,0,Node 03: Network 3
16073,2025-07-18,01,46,37,039913,1.043046,01,250,0,0,Node 01: Network 3
16074,2025-07-18,01,46,37,583135,0.543222,02,750,0,0,Node 02: Network 3
16075,2025-07-18,01,46,37,999725,0.41659,03,1250,0,0,Node 03: Network 3
16076,2025-07-18,01,46,39,041285,1.04156,01,250,0,0,Node 01: Network 3
16077,2025-07-18,01,46,39,585746,0.544461,02,750,0,0,Node 02: Network 3
16078,2025-07-18,01,46,40,002428,0.416682,03,1250,0,0,Node 03: Network 3
16079,2025-07-18,01,46,41,130507,1.128079,01,250,0,0,Node 01: Network 3
16080,2025-07-18,01,46,41,588157,0.45765,02,750,0,0,Node 02: Network 3
16081,2025-07-18,01,46,42,004053,0.415896,03,1250,0,0,Node 03: Network 3
16082,2025-07-18,01,46,43,130924,1.126871,01,250,0,0,Node 01: Network 3
16083,2025-07-18,01,46,43,589422,0.458498,02,750,0,0,Node 02: Network 3
16084,2025-07-18,01,46,44,178882,0.58946,03,1250,0,0,Node 03: Network 3
16085,2025-07-18,01,46,45,132815,0.953933,01,250,0,0,Node 01: Network 3
16086,2025-07-18,01,46,45,591849,0.459034,02,750,0,0,Node 02: Network 3
16087,2025-07-18,01,46,46,180318,0.588469,03,1250,0,0,Node 03: Network 3
16088,2025-07-18,01,46,47,132793,0.952475,01,250,0,0,Node 01: Network 3
16089,2025-07-18,01,46,47,594800,0.462007,02,750,0,0,Node 02: Network 3
16090,2025-07-18,01,46,48,178039,0.583239,03,1250,0,0,Node 03: Network 3
16091,2025-07-18,01,46,49,139089,0.96105,01,250,0,0,Node 01: Network 3
16092,2025-07-18,01,46,49,723205,0.584116,02,750,0,0,Node 02: Network 3
16093,2025-07-18,01,46,50,180655,0.45745,03,1250,0,0,Node 03: Network 3
16094,2025-07-18,01,46,50,712747,0.532092,BB,0,1,0,
16095,2025-07-18,01,46,52,716371,2.003624,BB,0,1,0,
16096,2025-07-18,01,46,52,771409,0.055038,03,1858,0,1,
16097,2025-07-18,01,46,52,784935,0.013526,01,1899,0,1,
16098,2025-07-18,01,46,52,834610,0.049675,02,1814,0,1,
16099,2025-07-18,01,46,53,031906,0.197296,01,250,0,0,Node 01: Network 3
16100,2025-07-18,01,46,53,354665,0.322759,BB,0,1,0,
16101,2025-07-18,01,46,53,406787,0.052122,BB,0,1,0,03:923:0:1
16102,2025-07-18,01,46,53,433652,0.026865,02,536,0,1,
16103,2025-07-18,01,46,53,503722,0.07007,01,1833,0,1,1830:0:1
16104,2025-07-18,01,46,53,516300,0.012578,03,696,0,1,
16105,2025-07-18,01,46,53,562344,0.046044,01,698,0,1,
16106,2025-07-18,01,46,53,675974,0.11363,02,750,0,0,Node 02: Network 3
16107,2025-07-18,01,46,53,746788,0.070814,03,1250,0,0,Node 03: Network 3
16108,2025-07-18,01,46,53,791421,0.044633,01,250,0,0,Node 01: Network 3
16109,2025-07-18,01,46,53,876199,0.084778,02,750,0,0,Node 02: Network 3
16110,2025-07-18,01,46,53,969035,0.092836,01,250,0,0,Node 01: Network 3
16111,2025-07-18,01,46,54,040841,0.071806,02,750,0,0,Node 02: Network 3
16112,2025-07-18,01,46,54,107009,0.066168,03,1251,0,0,Node 03: Network 3
16113,2025-07-18,01,46,54,178653,0.071644,01,250,0,0,Node 01: Network 3
16114,2025-07-18,01,46,54,236019,0.057366,02,750,0,0,Node 02: Network 3
16115,2025-07-18,01,46,54,321431,0.085412,03,1250,0,0,Node 03: Network 3
16116,2025-07-18,01,46,54,369263,0.047832,01,251,0,0,Node 01: Network 3
16117,2025-07-18,01,46,54,402707,0.033444,02,750,0,0,Node 02: Network 3
16118,2025-07-18,01,46,54,713800,0.311093,03,1250,0,0,Node 03: Network 3
16119,2025-07-18,01,46,55,290330,0.57653,02,750,0,0,Node 02: Network 3
16120,2025-07-18,01,46,55,709892,0.419562,01,250,0,0,Node 01: Network 3
16121,2025-07-18,01,46,56,715670,1.005778,03,1250,0,0,Node 03: Network 3
16122,2025-07-18,01,46,56,780223,0.064553,BB,0,1,0,
16123,2025-07-18,01,46,58,730804,1.950581,BB,0,1,0,
16124,2025-07-18,01,46,58,789167,0.058363,03,1337,0,1,
16125,2025-07-18,01,46,58,819834,0.030667,02,259,0,1,
16126,2025-07-18,01,46,58,833396,0.013562,01,1341,0,1,
16127,2025-07-18,01,46,59,046073,0.212677,01,250,0,0,Node 01: Network 3
16128,2025-07-18,01,46,59,546983,0.50091,02,750,0,0,Node 02: Network 3
16129,2025-07-18,01,47,00,049407,0.502424,03,1250,0,0,Node 03: Network 3
16130,2025-07-18,01,47,01,046962,0.997555,01,250,0,0,Node 01: Network 3
16131,2025-07-18,01,47,01,593972,0.54701,02,750,0,0,Node 02: Network 3
16132,2025-07-18,01,47,02,050896,0.456924,03,1250,0,0,Node 03: Network 3
16133,2025-07-18,01,47,03,138702,1.087806,01,250,0,0,Node 01: Network 3
16134,2025-07-18,01,47,03,595567,0.456865,02,750,0,0,Node 02: Network 3
16135,2025-07-18,01,47,04,053621,0.458054,03,1250,0,0,Node 03: Network 3
16136,2025-07-18,01,47,05,139339,1.085718,01,250,0,0,Node 01: Network 3
16137,2025-07-18,01,47,05,682757,0.543418,02,750,0,0,Node 02: Network 3
16138,2025-07-18,01,47,06,056545,0.373788,03,1250,0,0,Node 03: Network 3
16139,2025-07-18,01,47,07,139825,1.08328,01,250,0,0,Node 01: Network 3
16140,2025-07-18,01,47,07,686413,0.546588,02,750,0,0,Node 02: Network 3
16141,2025-07-18,01,47,08,187075,0.500662,03,1250,0,0,Node 03: Network 3
16142,2025-07-18,01,47,09,141573,0.954498,01,250,0,0,Node 01: Network 3
16143,2025-07-18,01,47,09,731313,0.58974,02,750,0,0,Node 02: Network 3
16144,2025-07-18,01,47,10,189524,0.458211,03,1250,0,0,Node 03: Network 3
16145,2025-07-18,01,47,11,141465,0.951941,01,250,0,0,Node 01: Network 3
16146,2025-07-18,01,47,11,732801,0.591336,02,750,0,0,Node 02: Network 3
16147,2025-07-18,01,47,12,191294,0.458493,03,1250,0,0,Node 03: Network 3
16148,2025-07-18,01,47,13,194358,1.003064,01,250,0,0,Node 01: Network 3
16149,2025-07-18,01,47,13,735147,0.540789,02,750,0,0,Node 02: Network 3
16150,2025-07-18,01,47,14,162039,0.426892,03,1250,0,0,Node 03: Network 3
16151,2025-07-18,01,47,15,279692,1.117653,01,250,0,0,Node 01: Network 3
16152,2025-07-18,01,47,15,737547,0.457855,02,750,0,0,Node 02: Network 3
16153,2025-07-18,01,47,16,165405,0.427858,03,1250,0,0,Node 03: Network 3
16154,2025-07-18,01,47,16,770255,0.60485,BB,0,1,0,
16155,2025-07-18,01,47,18,773414,2.003159,BB,0,1,0,
16156,2025-07-18,01,47,18,818822,0.045408,02,1857,0,1,
16157,2025-07-18,01,47,18,865978,0.047156,01,1815,0,1,
16158,2025-07-18,01,47,18,885753,0.019775,03,1932,0,1,
16159,2025-07-18,01,47,19,089661,0.203908,01,250,0,0,Node 01: Network 3
16160,2025-07-18,01,47,19,591470,0.501809,02,750,0,0,Node 02: Network 3
16161,2025-07-18,01,47,20,093583,0.502113,03,1250,0,0,Node 03: Network 3
16162,2025-07-18,01,47,21,134888,1.041305,01,250,0,0,Node 01: Network 3
16163,2025-07-18,01,47,21,593231,0.458343,02,750,0,0,Node 02: Network 3
16164,2025-07-18,01,47,22,094648,0.501417,03,1250,0,0,Node 03: Network 3
16165,2025-07-18,01,47,23,134947,1.040299,01,250,0,0,Node 01: Network 3
16166,2025-07-18,01,47,23,595422,0.460475,02,750,0,0,Node 02: Network 3
16167,2025-07-18,01,47,24,096271,0.500849,03,1250,0,0,Node 03: Network 3
16168,2025-07-18,01,47,25,136822,1.040551,01,250,0,0,Node 01: Network 3
16169,2025-07-18,01,47,25,597206,0.460384,02,750,0,0,Node 02: Network 3
16170,2025-07-18,01,47,26,099253,0.502047,03,1250,0,0,Node 03: Network 3
16171,2025-07-18,01,47,27,137349,1.038096,01,250,0,0,Node 01: Network 3
16172,2025-07-18,01,47,27,598834,0.461485,02,750,0,0,Node 02: Network 3
16173,2025-07-18,01,47,28,102393,0.503559,03,1250,0,0,Node 03: Network 3
16174,2025-07-18,01,47,29,143237,1.040844,01,250,0,0,Node 01: Network 3
16175,2025-07-18,01,47,29,600346,0.457109,02,750,0,0,Node 02: Network 3
16176,2025-07-18,01,47,30,104079,0.503733,03,1250,0,0,Node 03: Network 3
16177,2025-07-18,01,47,31,143323,1.039244,01,250,0,0,Node 01: Network 3
16178,2025-07-18,01,47,31,649383,0.50606,02,750,0,0,Node 02: Network 3
16179,2025-07-18,01,47,32,105947,0.456564,03,1250,0,0,Node 03: Network 3
16180,2025-07-18,01,47,33,144793,1.038846,01,250,0,0,Node 01: Network 3
16181,2025-07-18,01,47,33,689402,0.544609,02,750,0,0,Node 02: Network 3
16182,2025-07-18,01,47,34,108216,0.418814,03,1250,0,0,Node 03: Network 3
16183,2025-07-18,01,47,35,144756,1.03654,01,250,0,0,Node 01: Network 3
16184,2025-07-18,01,47,35,691515,0.546759,02,750,0,0,Node 02: Network 3
16185,2025-07-18,01,47,36,110862,0.419347,03,1250,0,0,Node 03: Network 3
16186,2025-07-18,01,47,37,144973,1.034111,01,250,0,0,Node 01: Network 3
16187,2025-07-18,01,47,37,693454,0.548481,02,750,0,0,Node 02: Network 3
16188,2025-07-18,01,47,38,112441,0.418987,03,1250,0,0,Node 03: Network 3
16189,2025-07-18,01,47,39,146183,1.033742,01,250,0,0,Node 01: Network 3
16190,2025-07-18,01,47,39,695399,0.549216,02,750,0,0,Node 02: Network 3
16191,2025-07-18,01,47,40,113715,0.418316,03,1250,0,0,Node 03: Network 3
16192,2025-07-18,01,47,41,146654,1.032939,01,250,0,0,Node 01: Network 3
16193,2025-07-18,01,47,41,697344,0.55069,02,750,0,0,Node 02: Network 3
16194,2025-07-18,01,47,42,116928,0.419584,03,1250,0,0,Node 03: Network 3
16195,2025-07-18,01,47,43,148299,1.031371,01,250,0,0,Node 01: Network 3
16196,2025-07-18,01,47,43,660267,0.511968,02,750,0,0,Node 02: Network 3
16197,2025-07-18,01,47,44,196946,0.536679,03,1250,0,0,Node 03: Network 3
16198,2025-07-18,01,47,45,148511,0.951565,01,250,0,0,Node 01: Network 3
16199,2025-07-18,01,47,45,662719,0.514208,02,750,0,0,Node 02: Network 3
16200,2025-07-18,01,47,46,198187,0.535468,03,1250,0,0,Node 03: Network 3
16201,2025-07-18,01,47,47,742748,1.544561,02,750,0,0,Node 02: Network 3
16202,2025-07-18,01,47,48,288936,0.546188,03,1250,0,0,Node 03: Network 3
16203,2025-07-18,01,47,49,286678,0.997742,01,250,0,0,Node 01: Network 3
16204,2025-07-18,01,47,49,745035,0.458357,02,750,0,0,Node 02: Network 3
16205,2025-07-18,01,47,50,290900,0.545865,03,1250,0,0,Node 03: Network 3
16206,2025-07-18,01,47,51,287763,0.996863,01,250,0,0,Node 01: Network 3
16207,2025-07-18,01,47,51,834753,0.54699,02,750,0,0,Node 02: Network 3
16208,2025-07-18,01,47,52,334153,0.4994,03,1250,0,0,Node 03: Network 3
16209,2025-07-18,01,47,53,287978,0.953825,01,250,0,0,Node 01: Network 3
16210,2025-07-18,01,47,53,836023,0.548045,02,750,0,0,Node 02: Network 3
16211,2025-07-18,01,47,54,334119,0.498096,03,1250,0,0,Node 03: Network 3
16212,2025-07-18,01,47,55,288871,0.954752,01,250,0,0,Node 01: Network 3
16213,2025-07-18,01,47,55,878064,0.589193,02,750,0,0,Node 02: Network 3
16214,2025-07-18,01,47,56,335489,0.457425,03,1251,0,0,Node 03: Network 3
16215,2025-07-18,01,47,56,857377,0.521888,BB,0,1,0,
16216,2025-07-18,01,47,58,862164,2.004787,BB,0,1,0,
16217,2025-07-18,01,47,58,898285,0.036121,02,1804,0,1,
16218,2025-07-18,01,47,58,918405,0.02012,03,1849,0,1,
16219,2025-07-18,01,47,58,932435,0.01403,01,1895,0,1,
16220,2025-07-18,01,47,59,178146,0.245711,01,250,0,0,Node 01: Network 3
16221,2025-07-18,01,47,59,679161,0.501015,02,750,0,0,Node 02: Network 3
16222,2025-07-18,01,48,00,181768,0.502607,03,1250,0,0,Node 03: Network 3
16223,2025-07-18,01,48,01,178769,0.997001,01,250,0,0,Node 01: Network 3
16224,2025-07-18,01,48,01,680059,0.50129,02,750,0,0,Node 02: Network 3
16225,2025-07-18,01,48,02,225856,0.545797,03,1250,0,0,Node 03: Network 3
16226,2025-07-18,01,48,03,179582,0.953726,01,250,0,0,Node 01: Network 3
16227,2025-07-18,01,48,03,682900,0.503318,02,750,0,0,Node 02: Network 3
16228,2025-07-18,01,48,04,228560,0.54566,03,1250,0,0,Node 03: Network 3
16229,2025-07-18,01,48,05,227164,0.998604,01,250,0,0,Node 01: Network 3
16230,2025-07-18,01,48,05,685806,0.458642,02,750,0,0,Node 02: Network 3
16231,2025-07-18,01,48,06,230323,0.544517,03,1250,0,0,Node 03: Network 3
16232,2025-07-18,01,48,07,228106,0.997783,01,250,0,0,Node 01: Network 3
16233,2025-07-18,01,48,07,687643,0.459537,02,750,0,0,Node 02: Network 3
16234,2025-07-18,01,48,08,232835,0.545192,03,1250,0,0,Node 03: Network 3
16235,2025-07-18,01,48,09,228589,0.995754,01,250,0,0,Node 01: Network 3
16236,2025-07-18,01,48,09,689569,0.46098,02,750,0,0,Node 02: Network 3
16237,2025-07-18,01,48,10,234365,0.544796,03,1250,0,0,Node 03: Network 3
16238,2025-07-18,01,48,11,229954,0.995589,01,250,0,0,Node 01: Network 3
16239,2025-07-18,01,48,11,691388,0.461434,02,750,0,0,Node 02: Network 3
16240,2025-07-18,01,48,12,236541,0.545153,03,1250,0,0,Node 03: Network 3
16241,2025-07-18,01,48,13,230244,0.993703,01,250,0,0,Node 01: Network 3
16242,2025-07-18,01,48,13,693173,0.462929,02,750,0,0,Node 02: Network 3
16243,2025-07-18,01,48,14,238894,0.545721,03,1250,0,0,Node 03: Network 3
16244,2025-07-18,01,48,15,238112,0.999218,01,250,0,0,Node 01: Network 3
16245,2025-07-18,01,48,15,694473,0.456361,02,750,0,0,Node 02: Network 3
16246,2025-07-18,01,48,16,283154,0.588681,03,1250,0,0,Node 03: Network 3
16247,2025-07-18,01,48,17,238737,0.955583,01,250,0,0,Node 01: Network 3
16248,2025-07-18,01,48,17,696571,0.457834,02,750,0,0,Node 02: Network 3
16249,2025-07-18,01,48,18,286700,0.590129,03,1250,0,0,Node 03: Network 3
16250,2025-07-18,01,48,19,240388,0.953688,01,250,0,0,Node 01: Network 3
16251,2025-07-18,01,48,19,698206,0.457818,02,750,0,0,Node 02: Network 3
16252,2025-07-18,01,48,20,289122,0.590916,03,1250,0,0,Node 03: Network 3
16253,2025-07-18,01,48,21,240619,0.951497,01,250,0,0,Node 01: Network 3
16254,2025-07-18,01,48,21,700825,0.460206,02,750,0,0,Node 02: Network 3
16255,2025-07-18,01,48,22,287625,0.5868,03,1250,0,0,Node 03: Network 3
16256,2025-07-18,01,48,23,240896,0.953271,01,250,0,0,Node 01: Network 3
16257,2025-07-18,01,48,23,702686,0.46179,02,750,0,0,Node 02: Network 3
16258,2025-07-18,01,48,25,241550,1.538864,01,250,0,0,Node 01: Network 3
16259,2025-07-18,01,48,25,704633,0.463083,02,750,0,0,Node 02: Network 3
16260,2025-07-18,01,48,26,288426,0.583793,03,1250,0,0,Node 03: Network 3
16261,2025-07-18,01,48,27,249097,0.960671,01,250,0,0,Node 01: Network 3
16262,2025-07-18,01,48,27,706691,0.457594,02,750,0,0,Node 02: Network 3
16263,2025-07-18,01,48,28,289577,0.582886,03,1250,0,0,Node 03: Network 3
16264,2025-07-18,01,48,29,248537,0.95896,01,250,0,0,Node 01: Network 3
16265,2025-07-18,01,48,29,708356,0.459819,02,750,0,0,Node 02: Network 3
16266,2025-07-18,01,48,30,292896,0.58454,03,1251,0,0,Node 03: Network 3
16267,2025-07-18,01,48,31,252481,0.959585,01,250,0,0,Node 01: Network 3
16268,2025-07-18,01,48,31,835588,0.583107,02,750,0,0,Node 02: Network 3
16269,2025-07-18,01,48,32,295161,0.459573,03,1250,0,0,Node 03: Network 3
16270,2025-07-18,01,48,33,252703,0.957542,01,250,0,0,Node 01: Network 3
16271,2025-07-18,01,48,33,837197,0.584494,02,750,0,0,Node 02: Network 3
16272,2025-07-18,01,48,34,297180,0.459983,03,1250,0,0,Node 03: Network 3
16273,2025-07-18,01,48,35,252950,0.95577,01,250,0,0,Node 01: Network 3
16274,2025-07-18,01,48,35,840294,0.587344,02,750,0,0,Node 02: Network 3
16275,2025-07-18,01,48,36,300169,0.459875,03,1250,0,0,Node 03: Network 3
16276,2025-07-18,01,48,37,254278,0.954109,01,250,0,0,Node 01: Network 3
16277,2025-07-18,01,48,37,842972,0.588694,02,750,0,0,Node 02: Network 3
16278,2025-07-18,01,48,38,303178,0.460206,03,1250,0,0,Node 03: Network 3
16279,2025-07-18,01,48,39,254219,0.951041,01,250,0,0,Node 01: Network 3
16280,2025-07-18,01,48,39,844590,0.590371,02,750,0,0,Node 02: Network 3
16281,2025-07-18,01,48,40,305510,0.46092,03,1250,0,0,Node 03: Network 3
16282,2025-07-18,01,48,41,255776,0.950266,01,250,0,0,Node 01: Network 3
16283,2025-07-18,01,48,41,848762,0.592986,02,750,0,0,Node 02: Network 3
16284,2025-07-18,01,48,42,307419,0.458657,03,1250,0,0,Node 03: Network 3
16285,2025-07-18,01,48,43,256078,0.948659,01,250,0,0,Node 01: Network 3
16286,2025-07-18,01,48,43,851337,0.595259,02,750,0,0,Node 02: Network 3
16287,2025-07-18,01,48,44,303592,0.452255,03,1251,0,0,Node 03: Network 3
16288,2025-07-18,01,48,45,257059,0.953467,01,250,0,0,Node 01: Network 3
16289,2025-07-18,01,48,45,854042,0.596983,02,750,0,0,Node 02: Network 3
16290,2025-07-18,01,48,46,304964,0.450922,03,1250,0,0,Node 03: Network 3
16291,2025-07-18,01,48,47,258231,0.953267,01,250,0,0,Node 01: Network 3
16292,2025-07-18,01,48,47,855164,0.596933,02,750,0,0,Node 02: Network 3
16293,2025-07-18,01,48,48,308249,0.453085,03,1250,0,0,Node 03: Network 3
16294,2025-07-18,01,48,49,258611,0.950362,01,250,0,0,Node 01: Network 3
16295,2025-07-18,01,48,49,858021,0.59941,02,750,0,0,Node 02: Network 3
16296,2025-07-18,01,48,50,309893,0.451872,03,1250,0,0,Node 03: Network 3
16297,2025-07-18,01,48,51,259895,0.950002,01,250,0,0,Node 01: Network 3
16298,2025-07-18,01,48,51,860369,0.600474,02,750,0,0,Node 02: Network 3
16299,2025-07-18,01,48,52,310940,0.450571,03,1250,0,0,Node 03: Network 3
16300,2025-07-18,01,48,53,404901,1.093961,01,250,0,0,Node 01: Network 3
16301,2025-07-18,01,48,53,856081,0.45118,02,750,0,0,Node 02: Network 3
16302,2025-07-18,01,48,54,314156,0.458075,03,1250,0,0,Node 03: Network 3
16303,2025-07-18,01,48,55,399951,1.085795,01,250,0,0,Node 01: Network 3
16304,2025-07-18,01,48,55,857608,0.457657,02,750,0,0,Node 02: Network 3
16305,2025-07-18,01,48,56,445322,0.587714,03,1250,0,0,Node 03: Network 3
16306,2025-07-18,01,48,57,401090,0.955768,01,250,0,0,Node 01: Network 3
16307,2025-07-18,01,48,57,859965,0.458875,02,750,0,0,Node 02: Network 3
16308,2025-07-18,01,48,58,448115,0.58815,03,1250,0,0,Node 03: Network 3
16309,2025-07-18,01,48,59,401367,0.953252,01,250,0,0,Node 01: Network 3
16310,2025-07-18,01,48,59,862216,0.460849,02,750,0,0,Node 02: Network 3
16311,2025-07-18,01,49,00,449551,0.587335,03,1250,0,0,Node 03: Network 3
16312,2025-07-18,01,49,01,402420,0.952869,01,250,0,0,Node 01: Network 3
16313,2025-07-18,01,49,01,682512,0.280092,BB,0,1,0,
16314,2025-07-18,01,49,01,747094,0.064582,BB,0,1,0,03:1337:0:1
16315,2025-07-18,01,49,01,780084,0.03299,02,706,0,1,
16316,2025-07-18,01,49,01,792852,0.012768,01,668,0,1,
16317,2025-07-18,01,49,01,815575,0.022723,01,1341,0,1,259:0:1
16318,2025-07-18,01,49,01,903155,0.08758,03,1250,0,0,Node 03: Network 3
16319,2025-07-18,01,49,01,916199,0.013044,03,624,0,1,
16320,2025-07-18,01,49,01,991602,0.075403,02,750,0,0,Node 02: Network 3
16321,2025-07-18,01,49,02,041713,0.050111,03,1250,0,0,Node 03: Network 3
16322,2025-07-18,01,49,02,213191,0.171478,01,265,0,0,Node 01: Network 3
16323,2025-07-18,01,49,02,245998,0.032807,02,750,0,0,Node 02: Network 3
16324,2025-07-18,01,49,02,279768,0.03377,01,250,0,0,Node 01: Network 3
16325,2025-07-18,01,49,02,374107,0.094339,01,250,0,0,Node 01: Network 3
16326,2025-07-18,01,49,02,432242,0.058135,02,750,0,0,Node 02: Network 3
16327,2025-07-18,01,49,02,470065,0.037823,03,1250,0,0,Node 03: Network 3
16328,2025-07-18,01,49,02,504443,0.034378,03,1250,0,0,Node 03: Network 3
16329,2025-07-18,01,49,02,575330,0.070887,01,250,0,0,Node 01: Network 3
16330,2025-07-18,01,49,02,659594,0.084264,02,750,0,0,Node 02: Network 3
16331,2025-07-18,01,49,02,849256,0.189662,02,777,0,0,Node 02: Network 3
16332,2025-07-18,01,49,03,003240,0.153984,BB,0,1,0,
16333,2025-07-18,01,49,03,076229,0.072989,03,1250,0,0,Node 03: Network 3
16334,2025-07-18,01,49,04,620350,1.544121,02,750,0,0,Node 02: Network 3
16335,2025-07-18,01,49,05,007116,0.386766,BB,0,1,0,
16336,2025-07-18,01,49,05,060318,0.053202,02,55,0,1,
16337,2025-07-18,01,49,05,824062,0.763744,02,750,0,0,Node 02: Network 3
16338,2025-07-18,01,49,06,369928,0.545866,03,1250,0,0,Node 03: Network 3
16339,2025-07-18,01,49,07,368065,0.998137,01,250,0,0,Node 01: Network 3
16340,2025-07-18,01,49,07,913686,0.545621,02,750,0,0,Node 02: Network 3
16341,2025-07-18,01,49,08,460574,0.546888,03,1250,0,0,Node 03: Network 3
16342,2025-07-18,01,49,09,369376,0.908802,01,250,0,0,Node 01: Network 3
16343,2025-07-18,01,49,10,004173,0.634797,02,750,0,0,Node 02: Network 3
16344,2025-07-18,01,49,10,462442,0.458269,03,1250,0,0,Node 03: Network 3
16345,2025-07-18,01,49,11,370447,0.908005,01,250,0,0,Node 01: Network 3
16346,2025-07-18,01,49,12,006916,0.636469,02,750,0,0,Node 02: Network 3
16347,2025-07-18,01,49,12,464663,0.457747,03,1250,0,0,Node 03: Network 3
16348,2025-07-18,01,49,13,370632,0.905969,01,250,0,0,Node 01: Network 3
16349,2025-07-18,01,49,14,009159,0.638527,02,750,0,0,Node 02: Network 3
16350,2025-07-18,01,49,14,465443,0.456284,03,1250,0,0,Node 03: Network 3
16351,2025-07-18,01,49,15,371646,0.906203,01,250,0,0,Node 01: Network 3
16352,2025-07-18,01,49,16,010948,0.639302,02,750,0,0,Node 02: Network 3
16353,2025-07-18,01,49,16,468604,0.457656,03,1250,0,0,Node 03: Network 3
16354,2025-07-18,01,49,17,371345,0.902741,01,250,0,0,Node 01: Network 3
16355,2025-07-18,01,49,18,012724,0.641379,02,750,0,0,Node 02: Network 3
16356,2025-07-18,01,49,18,471895,0.459171,03,1250,0,0,Node 03: Network 3
16357,2025-07-18,01,49,19,372298,0.900403,01,250,0,0,Node 01: Network 3
16358,2025-07-18,01,49,20,015917,0.643619,02,750,0,0,Node 02: Network 3
16359,2025-07-18,01,49,20,473233,0.457316,03,1250,0,0,Node 03: Network 3
16360,2025-07-18,01,49,21,372732,0.899499,01,250,0,0,Node 01: Network 3
16361,2025-07-18,01,49,22,026940,0.654208,02,750,0,0,Node 02: Network 3
16362,2025-07-18,01,49,22,475583,0.448643,03,1250,0,0,Node 03: Network 3
16363,2025-07-18,01,49,23,373321,0.897738,01,250,0,0,Node 01: Network 3
16364,2025-07-18,01,49,24,019238,0.645917,02,750,0,0,Node 02: Network 3
16365,2025-07-18,01,49,24,477616,0.458378,03,1250,0,0,Node 03: Network 3
16366,2025-07-18,01,49,25,563025,1.085409,01,250,0,0,Node 01: Network 3
16367,2025-07-18,01,49,26,021864,0.458839,02,750,0,0,Node 02: Network 3
16368,2025-07-18,01,49,26,479939,0.458075,03,1250,0,0,Node 03: Network 3
16369,2025-07-18,01,49,27,055502,0.575563,BB,0,1,0,
16370,2025-07-18,01,49,29,059851,2.004349,BB,0,1,0,
16371,2025-07-18,01,49,29,112619,0.052768,03,1902,0,1,
16372,2025-07-18,01,49,29,178511,0.065892,02,1857,0,1,
16373,2025-07-18,01,49,29,191977,0.013466,01,1818,0,1,
16374,2025-07-18,01,49,29,875685,0.683708,02,750,0,0,Node 02: Network 3
16375,2025-07-18,01,49,30,379425,0.50374,03,1250,0,0,Node 03: Network 3
16376,2025-07-18,01,49,31,419833,1.040408,01,250,0,0,Node 01: Network 3
16377,2025-07-18,01,49,31,878798,0.458965,02,751,0,0,Node 02: Network 3
16378,2025-07-18,01,49,32,380586,0.501788,03,1250,0,0,Node 03: Network 3
16379,2025-07-18,01,49,33,422086,1.0415,01,250,0,0,Node 01: Network 3
16380,2025-07-18,01,49,33,880378,0.458292,02,750,0,0,Node 02: Network 3
16381,2025-07-18,01,49,34,426226,0.545848,03,1250,0,0,Node 03: Network 3
16382,2025-07-18,01,49,35,423571,0.997345,01,250,0,0,Node 01: Network 3
16383,2025-07-18,01,49,35,882016,0.458445,02,750,0,0,Node 02: Network 3
16384,2025-07-18,01,49,36,428020,0.546004,03,1250,0,0,Node 03: Network 3
16385,2025-07-18,01,49,37,423478,0.995458,01,250,0,0,Node 01: Network 3
16386,2025-07-18,01,49,37,883248,0.45977,02,750,0,0,Node 02: Network 3
16387,2025-07-18,01,49,38,430656,0.547408,03,1250,0,0,Node 03: Network 3
16388,2025-07-18,01,49,39,473522,1.042866,01,250,0,0,Node 01: Network 3
16389,2025-07-18,01,49,39,885881,0.412359,02,750,0,0,Node 02: Network 3
16390,2025-07-18,01,49,40,519811,0.63393,03,1250,0,0,Node 03: Network 3
16391,2025-07-18,01,49,41,474044,0.954233,01,250,0,0,Node 01: Network 3
16392,2025-07-18,01,49,41,887595,0.413551,02,750,0,0,Node 02: Network 3
16393,2025-07-18,01,49,42,434355,0.54676,03,1250,0,0,Node 03: Network 3
16394,2025-07-18,01,49,43,889325,1.45497,02,750,0,0,Node 02: Network 3
16395,2025-07-18,01,49,44,436538,0.547213,03,1250,0,0,Node 03: Network 3
16396,2025-07-18,01,49,45,432612,0.996074,01,250,0,0,Node 01: Network 3
16397,2025-07-18,01,49,45,982129,0.549517,02,750,0,0,Node 02: Network 3
16398,2025-07-18,01,49,46,438674,0.456545,03,1250,0,0,Node 03: Network 3
16399,2025-07-18,01,49,47,434622,0.995948,01,250,0,0,Node 01: Network 3
16400,2025-07-18,01,49,47,983814,0.549192,02,750,0,0,Node 02: Network 3
16401,2025-07-18,01,49,48,440833,0.457019,03,1250,0,0,Node 03: Network 3
16402,2025-07-18,01,49,49,434424,0.993591,01,250,0,0,Node 01: Network 3
16403,2025-07-18,01,49,49,986338,0.551914,02,750,0,0,Node 02: Network 3
16404,2025-07-18,01,49,50,442458,0.45612,03,1250,0,0,Node 03: Network 3
16405,2025-07-18,01,49,51,435069,0.992611,01,250,0,0,Node 01: Network 3
16406,2025-07-18,01,49,51,987325,0.552256,02,750,0,0,Node 02: Network 3
16407,2025-07-18,01,49,52,444377,0.457052,03,1250,0,0,Node 03: Network 3
16408,2025-07-18,01,49,53,531812,1.087435,01,250,0,0,Node 01: Network 3
16409,2025-07-18,01,49,53,988785,0.456973,02,750,0,0,Node 02: Network 3
16410,2025-07-18,01,49,54,447586,0.458801,03,1250,0,0,Node 03: Network 3
16411,2025-07-18,01,49,55,533319,1.085733,01,250,0,0,Node 01: Network 3
16412,2025-07-18,01,49,55,990921,0.457602,02,750,0,0,Node 02: Network 3
16413,2025-07-18,01,49,56,449048,0.458127,03,1250,0,0,Node 03: Network 3
16414,2025-07-18,01,49,57,533060,1.084012,01,250,0,0,Node 01: Network 3
16415,2025-07-18,01,49,57,992872,0.459812,02,750,0,0,Node 02: Network 3
16416,2025-07-18,01,49,58,451927,0.459055,03,1250,0,0,Node 03: Network 3
16417,2025-07-18,01,49,59,537002,1.085075,01,250,0,0,Node 01: Network 3
16418,2025-07-18,01,49,59,994610,0.457608,02,750,0,0,Node 02: Network 3
16419,2025-07-18,01,50,00,454649,0.460039,03,1250,0,0,Node 03: Network 3
16420,2025-07-18,01,50,01,537637,1.082988,01,250,0,0,Node 01: Network 3
16421,2025-07-18,01,50,01,996480,0.458843,02,750,0,0,Node 02: Network 3
16422,2025-07-18,01,50,02,456537,0.460057,03,1250,0,0,Node 03: Network 3
16423,2025-07-18,01,50,03,537927,1.08139,01,250,0,0,Node 01: Network 3
16424,2025-07-18,01,50,03,997942,0.460015,02,750,0,0,Node 02: Network 3
16425,2025-07-18,01,50,04,458083,0.460141,03,1250,0,0,Node 03: Network 3
16426,2025-07-18,01,50,05,539143,1.08106,01,251,0,0,Node 01: Network 3
16427,2025-07-18,01,50,06,001917,0.462774,02,750,0,0,Node 02: Network 3
16428,2025-07-18,01,50,06,460189,0.458272,03,1250,0,0,Node 03: Network 3
16429,2025-07-18,01,50,07,540804,1.080615,01,250,0,0,Node 01: Network 3
16430,2025-07-18,01,50,08,003034,0.46223,02,750,0,0,Node 02: Network 3
16431,2025-07-18,01,50,08,462330,0.459296,03,1250,0,0,Node 03: Network 3
16432,2025-07-18,01,50,09,540554,1.078224,01,250,0,0,Node 01: Network 3
16433,2025-07-18,01,50,10,005887,0.465333,02,750,0,0,Node 02: Network 3
16434,2025-07-18,01,50,10,587121,0.581234,03,1250,0,0,Node 03: Network 3
16435,2025-07-18,01,50,11,541898,0.954777,01,250,0,0,Node 01: Network 3
16436,2025-07-18,01,50,12,007367,0.465469,02,750,0,0,Node 02: Network 3
16437,2025-07-18,01,50,12,590576,0.583209,03,1250,0,0,Node 03: Network 3
16438,2025-07-18,01,50,13,541997,0.951421,01,250,0,0,Node 01: Network 3
16439,2025-07-18,01,50,14,009853,0.467856,02,750,0,0,Node 02: Network 3
16440,2025-07-18,01,50,14,588962,0.579109,03,1250,0,0,Node 03: Network 3
16441,2025-07-18,01,50,15,541982,0.95302,01,250,0,0,Node 01: Network 3
16442,2025-07-18,01,50,16,011620,0.469638,02,750,0,0,Node 02: Network 3
16443,2025-07-18,01,50,16,592183,0.580563,03,1250,0,0,Node 03: Network 3
16444,2025-07-18,01,50,17,543890,0.951707,01,250,0,0,Node 01: Network 3
16445,2025-07-18,01,50,18,013236,0.469346,02,750,0,0,Node 02: Network 3
16446,2025-07-18,01,50,18,593235,0.579999,03,1250,0,0,Node 03: Network 3
16447,2025-07-18,01,50,19,543974,0.950739,01,250,0,0,Node 01: Network 3
16448,2025-07-18,01,50,20,015287,0.471313,02,750,0,0,Node 02: Network 3
16449,2025-07-18,01,50,20,594992,0.579705,03,1250,0,0,Node 03: Network 3
16450,2025-07-18,01,50,21,545153,0.950161,01,251,0,0,Node 01: Network 3
16451,2025-07-18,01,50,22,017709,0.472556,02,750,0,0,Node 02: Network 3
16452,2025-07-18,01,50,22,598206,0.580497,03,1250,0,0,Node 03: Network 3
16453,2025-07-18,01,50,23,546232,0.948026,01,250,0,0,Node 01: Network 3
16454,2025-07-18,01,50,24,020095,0.473863,02,750,0,0,Node 02: Network 3
16455,2025-07-18,01,50,24,599110,0.579015,03,1250,0,0,Node 03: Network 3
16456,2025-07-18,01,50,25,546814,0.947704,01,250,0,0,Node 01: Network 3
16457,2025-07-18,01,50,26,021826,0.475012,02,750,0,0,Node 02: Network 3
16458,2025-07-18,01,50,26,602270,0.580444,03,1250,0,0,Node 03: Network 3
16459,2025-07-18,01,50,27,546730,0.94446,01,250,0,0,Node 01: Network 3
16460,2025-07-18,01,50,28,023635,0.476905,02,750,0,0,Node 02: Network 3
16461,2025-07-18,01,50,28,605161,0.581526,03,1250,0,0,Node 03: Network 3
16462,2025-07-18,01,50,29,547626,0.942465,01,250,0,0,Node 01: Network 3
16463,2025-07-18,01,50,30,025376,0.47775,02,750,0,0,Node 02: Network 3
16464,2025-07-18,01,50,30,595775,0.570399,03,1250,0,0,Node 03: Network 3
16465,2025-07-18,01,50,31,548673,0.952898,01,250,0,0,Node 01: Network 3
16466,2025-07-18,01,50,32,140674,0.592001,02,750,0,0,Node 02: Network 3
16467,2025-07-18,01,50,32,594816,0.454142,03,1250,0,0,Node 03: Network 3
16468,2025-07-18,01,50,33,549016,0.9542,01,250,0,0,Node 01: Network 3
16469,2025-07-18,01,50,34,142657,0.593641,02,750,0,0,Node 02: Network 3
16470,2025-07-18,01,50,34,596047,0.45339,03,1250,0,0,Node 03: Network 3
16471,2025-07-18,01,50,35,550014,0.953967,01,250,0,0,Node 01: Network 3
16472,2025-07-18,01,50,36,144407,0.594393,02,750,0,0,Node 02: Network 3
16473,2025-07-18,01,50,36,598325,0.453918,03,1250,0,0,Node 03: Network 3
16474,2025-07-18,01,50,37,687980,1.089655,01,250,0,0,Node 01: Network 3
16475,2025-07-18,01,50,38,146794,0.458814,02,750,0,0,Node 02: Network 3
16476,2025-07-18,01,50,38,602117,0.455323,03,1250,0,0,Node 03: Network 3
16477,2025-07-18,01,50,39,689628,1.087511,01,250,0,0,Node 01: Network 3
16478,2025-07-18,01,50,40,145663,0.456035,02,750,0,0,Node 02: Network 3
16479,2025-07-18,01,50,40,603975,0.458312,03,1250,0,0,Node 03: Network 3
16480,2025-07-18,01,50,41,690446,1.086471,01,250,0,0,Node 01: Network 3
16481,2025-07-18,01,50,42,148553,0.458107,02,750,0,0,Node 02: Network 3
16482,2025-07-18,01,50,42,606125,0.457572,03,1250,0,0,Node 03: Network 3
16483,2025-07-18,01,50,43,691326,1.085201,01,250,0,0,Node 01: Network 3
16484,2025-07-18,01,50,44,150063,0.458737,02,750,0,0,Node 02: Network 3
16485,2025-07-18,01,50,44,608500,0.458437,03,1250,0,0,Node 03: Network 3
16486,2025-07-18,01,50,45,692225,1.083725,01,250,0,0,Node 01: Network 3
16487,2025-07-18,01,50,46,151273,0.459048,02,750,0,0,Node 02: Network 3
16488,2025-07-18,01,50,46,609962,0.458689,03,1250,0,0,Node 03: Network 3
16489,2025-07-18,01,50,47,692477,1.082515,01,250,0,0,Node 01: Network 3
16490,2025-07-18,01,50,48,155032,0.462555,02,750,0,0,Node 02: Network 3
16491,2025-07-18,01,50,48,612752,0.45772,03,1250,0,0,Node 03: Network 3
16492,2025-07-18,01,50,49,699645,1.086893,01,250,0,0,Node 01: Network 3
16493,2025-07-18,01,50,50,157132,0.457487,02,750,0,0,Node 02: Network 3
16494,2025-07-18,01,50,50,614769,0.457637,03,1250,0,0,Node 03: Network 3
16495,2025-07-18,01,50,51,699553,1.084784,01,250,0,0,Node 01: Network 3
16496,2025-07-18,01,50,52,158982,0.459429,02,750,0,0,Node 02: Network 3
16497,2025-07-18,01,50,52,616363,0.457381,03,1250,0,0,Node 03: Network 3
16498,2025-07-18,01,50,53,700771,1.084408,01,250,0,0,Node 01: Network 3
16499,2025-07-18,01,50,54,160779,0.460008,02,750,0,0,Node 02: Network 3
16500,2025-07-18,01,50,54,619023,0.458244,03,1250,0,0,Node 03: Network 3
16501,2025-07-18,01,50,55,700690,1.081667,01,250,0,0,Node 01: Network 3
16502,2025-07-18,01,50,56,162486,0.461796,02,750,0,0,Node 02: Network 3
16503,2025-07-18,01,50,56,621934,0.459448,03,1250,0,0,Node 03: Network 3
16504,2025-07-18,01,50,57,700812,1.078878,01,250,0,0,Node 01: Network 3
16505,2025-07-18,01,50,58,164576,0.463764,02,750,0,0,Node 02: Network 3
16506,2025-07-18,01,50,58,623446,0.45887,03,1250,0,0,Node 03: Network 3
16507,2025-07-18,01,50,59,707653,1.084207,01,250,0,0,Node 01: Network 3
16508,2025-07-18,01,51,00,165783,0.45813,02,750,0,0,Node 02: Network 3
16509,2025-07-18,01,51,00,754584,0.588801,03,1250,0,0,Node 03: Network 3
16510,2025-07-18,01,51,01,708595,0.954011,01,250,0,0,Node 01: Network 3
16511,2025-07-18,01,51,02,168111,0.459516,02,750,0,0,Node 02: Network 3
16512,2025-07-18,01,51,02,757079,0.588968,03,1250,0,0,Node 03: Network 3
16513,2025-07-18,01,51,03,709469,0.95239,01,250,0,0,Node 01: Network 3
16514,2025-07-18,01,51,04,170580,0.461111,02,750,0,0,Node 02: Network 3
16515,2025-07-18,01,51,04,759268,0.588688,03,1250,0,0,Node 03: Network 3
16516,2025-07-18,01,51,05,710549,0.951281,01,250,0,0,Node 01: Network 3
16517,2025-07-18,01,51,06,303242,0.592693,02,750,0,0,Node 02: Network 3
16518,2025-07-18,01,51,06,760322,0.45708,03,1250,0,0,Node 03: Network 3
16519,2025-07-18,01,51,07,275343,0.515021,BB,0,1,0,
16520,2025-07-18,01,51,09,279454,2.004111,BB,0,1,0,
16521,2025-07-18,01,51,09,315330,0.035876,02,1796,0,1,
16522,2025-07-18,01,51,09,384003,0.068673,03,1840,0,1,
16523,2025-07-18,01,51,09,594035,0.210032,01,250,0,0,Node 01: Network 3
16524,2025-07-18,01,51,10,096042,0.502007,02,750,0,0,Node 02: Network 3
16525,2025-07-18,01,51,10,181051,0.085009,BB,0,1,0,03:1250:0:0:Node 03: Network 3
16526,2025-07-18,01,51,10,236439,0.055388,BB,0,1,0,02:55:0:1
16527,2025-07-18,01,51,10,269363,0.032924,03,1250,0,0,Node 03: Network 3
16528,2025-07-18,01,51,10,347120,0.077757,01,965,0,1,
16529,2025-07-18,01,51,10,359513,0.012393,02,963,0,1,
16530,2025-07-18,01,51,10,396225,0.036712,01,250,0,0,Node 01: Network 3
16531,2025-07-18,01,51,10,408664,0.012439,03,963,0,1,
16532,2025-07-18,01,51,10,442266,0.033602,02,777,0,0,Node 02: Network 3
16533,2025-07-18,01,51,10,475961,0.033695,02,750,0,0,Node 02: Network 3
16534,2025-07-18,01,51,10,664034,0.188073,02,750,0,0,Node 02: Network 3
16535,2025-07-18,01,51,10,695934,0.0319,01,259,0,0,Node 01: Network 3
16536,2025-07-18,01,51,10,730139,0.034205,03,1250,0,0,Node 03: Network 3
16537,2025-07-18,01,51,10,803259,0.07312,01,250,0,0,Node 01: Network 3
16538,2025-07-18,01,51,10,850825,0.047566,02,750,0,0,Node 02: Network 3
16539,2025-07-18,01,51,10,890996,0.040171,03,1250,0,0,Node 03: Network 3
16540,2025-07-18,01,51,10,923874,0.032878,01,250,0,0,Node 01: Network 3
16541,2025-07-18,01,51,11,027810,0.103936,02,750,0,0,Node 02: Network 3
16542,2025-07-18,01,51,11,167180,0.13937,02,750,0,0,Node 02: Network 3
16543,2025-07-18,01,51,11,336516,0.169336,BB,0,1,0,
16544,2025-07-18,01,51,13,287937,1.951421,BB,0,1,0,
16545,2025-07-18,01,51,13,351918,0.063981,01,1831,0,1,
16546,2025-07-18,01,51,13,369452,0.017534,02,1068,0,1,
16547,2025-07-18,01,51,13,407024,0.037572,03,1168,0,1,
16548,2025-07-18,01,51,13,603818,0.196794,01,250,0,0,Node 01: Network 3
16549,2025-07-18,01,51,14,147997,0.544179,02,750,0,0,Node 02: Network 3
16550,2025-07-18,01,51,14,608194,0.460197,03,1250,0,0,Node 03: Network 3
16551,2025-07-18,01,51,15,692010,1.083816,01,250,0,0,Node 01: Network 3
16552,2025-07-18,01,51,16,149602,0.457592,02,750,0,0,Node 02: Network 3
16553,2025-07-18,01,51,16,739138,0.589536,03,1250,0,0,Node 03: Network 3
16554,2025-07-18,01,51,17,693727,0.954589,01,250,0,0,Node 01: Network 3
16555,2025-07-18,01,51,18,151875,0.458148,02,750,0,0,Node 02: Network 3
16556,2025-07-18,01,51,18,741751,0.589876,03,1250,0,0,Node 03: Network 3
16557,2025-07-18,01,51,19,785186,1.043435,01,250,0,0,Node 01: Network 3
16558,2025-07-18,01,51,20,153503,0.368317,02,750,0,0,Node 02: Network 3
16559,2025-07-18,01,51,20,742902,0.589399,03,1250,0,0,Node 03: Network 3
16560,2025-07-18,01,51,21,785351,1.042449,01,250,0,0,Node 01: Network 3
16561,2025-07-18,01,51,22,154925,0.369574,02,750,0,0,Node 02: Network 3
16562,2025-07-18,01,51,22,745108,0.590183,03,1250,0,0,Node 03: Network 3
16563,2025-07-18,01,51,23,786093,1.040985,01,250,0,0,Node 01: Network 3
16564,2025-07-18,01,51,24,158371,0.372278,02,750,0,0,Node 02: Network 3
16565,2025-07-18,01,51,24,746757,0.588386,03,1250,0,0,Node 03: Network 3
16566,2025-07-18,01,51,25,786954,1.040197,01,250,0,0,Node 01: Network 3
16567,2025-07-18,01,51,26,159824,0.37287,02,750,0,0,Node 02: Network 3
16568,2025-07-18,01,51,26,749626,0.589802,03,1250,0,0,Node 03: Network 3
16569,2025-07-18,01,51,27,703151,0.953525,01,250,0,0,Node 01: Network 3
16570,2025-07-18,01,51,28,161865,0.458714,02,750,0,0,Node 02: Network 3
16571,2025-07-18,01,51,28,752360,0.590495,03,1250,0,0,Node 03: Network 3
16572,2025-07-18,01,51,29,704746,0.952386,01,250,0,0,Node 01: Network 3
16573,2025-07-18,01,51,30,296461,0.591715,02,750,0,0,Node 02: Network 3
16574,2025-07-18,01,51,30,755175,0.458714,03,1250,0,0,Node 03: Network 3
16575,2025-07-18,01,51,31,841202,1.086027,01,250,0,0,Node 01: Network 3
16576,2025-07-18,01,51,32,298769,0.457567,02,750,0,0,Node 02: Network 3
16577,2025-07-18,01,51,32,756218,0.457449,03,1250,0,0,Node 03: Network 3
16578,2025-07-18,01,51,33,332234,0.576016,BB,0,1,0,
16579,2025-07-18,01,51,33,389854,0.05762,03,1746,0,1,
16580,2025-07-18,01,51,34,649251,1.259397,03,1250,0,0,Node 03: Network 3
16581,2025-07-18,01,51,36,194612,1.545361,02,750,0,0,Node 02: Network 3
16582,2025-07-18,01,51,36,652646,0.458034,03,1250,0,0,Node 03: Network 3
16583,2025-07-18,01,51,37,737695,1.085049,01,250,0,0,Node 01: Network 3
16584,2025-07-18,01,51,38,196203,0.458508,02,750,0,0,Node 02: Network 3
16585,2025-07-18,01,51,38,784941,0.588738,03,1250,0,0,Node 03: Network 3
16586,2025-07-18,01,51,39,739215,0.954274,01,251,0,0,Node 01: Network 3
16587,2025-07-18,01,51,40,198296,0.459081,02,750,0,0,Node 02: Network 3
16588,2025-07-18,01,51,40,785017,0.586721,03,1250,0,0,Node 03: Network 3
16589,2025-07-18,01,51,41,740853,0.955836,01,250,0,0,Node 01: Network 3
16590,2025-07-18,01,51,42,200390,0.459537,02,750,0,0,Node 02: Network 3
16591,2025-07-18,01,51,42,787687,0.587297,03,1250,0,0,Node 03: Network 3
16592,2025-07-18,01,51,43,741314,0.953627,01,250,0,0,Node 01: Network 3
16593,2025-07-18,01,51,44,331656,0.590342,02,750,0,0,Node 02: Network 3
16594,2025-07-18,01,51,44,789711,0.458055,03,1250,0,0,Node 03: Network 3
16595,2025-07-18,01,51,45,740678,0.950967,01,250,0,0,Node 01: Network 3
16596,2025-07-18,01,51,46,334314,0.593636,02,750,0,0,Node 02: Network 3
16597,2025-07-18,01,51,46,787350,0.453036,03,1250,0,0,Node 03: Network 3
16598,2025-07-18,01,51,47,742464,0.955114,01,250,0,0,Node 01: Network 3
16599,2025-07-18,01,51,48,335257,0.592793,02,750,0,0,Node 02: Network 3
16600,2025-07-18,01,51,48,789702,0.454445,03,1250,0,0,Node 03: Network 3
16601,2025-07-18,01,51,49,743165,0.953463,01,250,0,0,Node 01: Network 3
16602,2025-07-18,01,51,50,338644,0.595479,02,750,0,0,Node 02: Network 3
16603,2025-07-18,01,51,50,792025,0.453381,03,1250,0,0,Node 03: Network 3
16604,2025-07-18,01,51,51,743506,0.951481,01,250,0,0,Node 01: Network 3
16605,2025-07-18,01,51,52,340441,0.596935,02,750,0,0,Node 02: Network 3
16606,2025-07-18,01,51,52,790648,0.450207,03,1250,0,0,Node 03: Network 3
16607,2025-07-18,01,51,53,743616,0.952968,01,250,0,0,Node 01: Network 3
16608,2025-07-18,01,51,54,341831,0.598215,02,750,0,0,Node 02: Network 3
16609,2025-07-18,01,51,54,793025,0.451194,03,1250,0,0,Node 03: Network 3
16610,2025-07-18,01,51,55,745457,0.952432,01,251,0,0,Node 01: Network 3
16611,2025-07-18,01,51,56,343674,0.598217,02,750,0,0,Node 02: Network 3
16612,2025-07-18,01,51,56,795259,0.451585,03,1250,0,0,Node 03: Network 3
16613,2025-07-18,01,51,57,745618,0.950359,01,250,0,0,Node 01: Network 3
16614,2025-07-18,01,51,58,346983,0.601365,02,750,0,0,Node 02: Network 3
16615,2025-07-18,01,51,58,796214,0.449231,03,1250,0,0,Node 03: Network 3
16616,2025-07-18,01,51,59,746486,0.950272,01,250,0,0,Node 01: Network 3
16617,2025-07-18,01,52,00,348882,0.602396,02,750,0,0,Node 02: Network 3
16618,2025-07-18,01,52,00,797954,0.449072,03,1250,0,0,Node 03: Network 3
16619,2025-07-18,01,52,01,747297,0.949343,01,250,0,0,Node 01: Network 3
16620,2025-07-18,01,52,02,342363,0.595066,02,750,0,0,Node 02: Network 3
16621,2025-07-18,01,52,02,800684,0.458321,03,1250,0,0,Node 03: Network 3
16622,2025-07-18,01,52,03,748286,0.947602,01,250,0,0,Node 01: Network 3
16623,2025-07-18,01,52,04,344370,0.596084,02,750,0,0,Node 02: Network 3
16624,2025-07-18,01,52,04,889487,0.545117,03,1250,0,0,Node 03: Network 3
16625,2025-07-18,01,52,05,747784,0.858297,01,250,0,0,Node 01: Network 3
16626,2025-07-18,01,52,06,346341,0.598557,02,750,0,0,Node 02: Network 3
16627,2025-07-18,01,52,06,795759,0.449418,03,1250,0,0,Node 03: Network 3
16628,2025-07-18,01,52,07,748353,0.952594,01,250,0,0,Node 01: Network 3
16629,2025-07-18,01,52,08,347715,0.599362,02,750,0,0,Node 02: Network 3
16630,2025-07-18,01,52,08,797334,0.449619,03,1250,0,0,Node 03: Network 3
16631,2025-07-18,01,52,09,750257,0.952923,01,250,0,0,Node 01: Network 3
16632,2025-07-18,01,52,10,349625,0.599368,02,750,0,0,Node 02: Network 3
16633,2025-07-18,01,52,10,799461,0.449836,03,1250,0,0,Node 03: Network 3
16634,2025-07-18,01,52,11,893532,1.094071,01,250,0,0,Node 01: Network 3
16635,2025-07-18,01,52,12,345212,0.45168,02,750,0,0,Node 02: Network 3
16636,2025-07-18,01,52,12,801845,0.456633,03,1250,0,0,Node 03: Network 3
16637,2025-07-18,01,52,13,895644,1.093799,01,250,0,0,Node 01: Network 3
16638,2025-07-18,01,52,14,346935,0.451291,02,750,0,0,Node 02: Network 3
16639,2025-07-18,01,52,14,804231,0.457296,03,1250,0,0,Node 03: Network 3
16640,2025-07-18,01,52,15,896195,1.091964,01,250,0,0,Node 01: Network 3
16641,2025-07-18,01,52,16,347138,0.450943,02,750,0,0,Node 02: Network 3
16642,2025-07-18,01,52,16,942482,0.595344,03,1250,0,0,Node 03: Network 3
16643,2025-07-18,01,52,17,428465,0.485983,BB,0,1,0,
16644,2025-07-18,01,52,19,432869,2.004404,BB,0,1,0,
16645,2025-07-18,01,52,19,468400,0.035531,01,1858,0,1,
16646,2025-07-18,01,52,19,481909,0.013509,03,1813,0,1,
16647,2025-07-18,01,52,19,497408,0.015499,02,1905,0,1,
16648,2025-07-18,01,52,19,749272,0.251864,01,250,0,0,Node 01: Network 3
16649,2025-07-18,01,52,20,249495,0.500223,02,750,0,0,Node 02: Network 3
16650,2025-07-18,01,52,20,752324,0.502829,03,1250,0,0,Node 03: Network 3
16651,2025-07-18,01,52,21,749635,0.997311,01,250,0,0,Node 01: Network 3
16652,2025-07-18,01,52,22,250316,0.500681,02,750,0,0,Node 02: Network 3
16653,2025-07-18,01,52,22,754175,0.503859,03,1250,0,0,Node 03: Network 3
16654,2025-07-18,01,52,23,750068,0.995893,01,250,0,0,Node 01: Network 3
16655,2025-07-18,01,52,24,253653,0.503585,02,750,0,0,Node 02: Network 3
16656,2025-07-18,01,52,24,756652,0.502999,03,1250,0,0,Node 03: Network 3
16657,2025-07-18,01,52,25,749948,0.993296,01,250,0,0,Node 01: Network 3
16658,2025-07-18,01,52,26,255951,0.506003,02,750,0,0,Node 02: Network 3
16659,2025-07-18,01,52,26,773911,0.51796,03,1250,0,0,Node 03: Network 3
16660,2025-07-18,01,52,27,752441,0.97853,01,250,0,0,Node 01: Network 3
16661,2025-07-18,01,52,28,257800,0.505359,02,750,0,0,Node 02: Network 3
16662,2025-07-18,01,52,28,760087,0.502287,03,1250,0,0,Node 03: Network 3
16663,2025-07-18,01,52,29,753161,0.993074,01,250,0,0,Node 01: Network 3
16664,2025-07-18,01,52,30,296504,0.543343,02,750,0,0,Node 02: Network 3
16665,2025-07-18,01,52,30,764608,0.468104,03,1250,0,0,Node 03: Network 3
16666,2025-07-18,01,52,31,841233,1.076625,01,250,0,0,Node 01: Network 3
16667,2025-07-18,01,52,32,299019,0.457786,02,750,0,0,Node 02: Network 3
16668,2025-07-18,01,52,32,766279,0.46726,03,1250,0,0,Node 03: Network 3
16669,2025-07-18,01,52,33,841634,1.075355,01,250,0,0,Node 01: Network 3
16670,2025-07-18,01,52,34,300445,0.458811,02,750,0,0,Node 02: Network 3
16671,2025-07-18,01,52,34,767292,0.466847,03,1250,0,0,Node 03: Network 3
16672,2025-07-18,01,52,35,842396,1.075104,01,250,0,0,Node 01: Network 3
16673,2025-07-18,01,52,36,311818,0.469422,02,750,0,0,Node 02: Network 3
16674,2025-07-18,01,52,36,770740,0.458922,03,1250,0,0,Node 03: Network 3
16675,2025-07-18,01,52,37,842930,1.07219,01,250,0,0,Node 01: Network 3
16676,2025-07-18,01,52,38,314477,0.471547,02,750,0,0,Node 02: Network 3
16677,2025-07-18,01,52,38,884829,0.570352,03,1250,0,0,Node 03: Network 3
16678,2025-07-18,01,52,39,843795,0.958966,01,250,0,0,Node 01: Network 3
16679,2025-07-18,01,52,40,315582,0.471787,02,750,0,0,Node 02: Network 3
16680,2025-07-18,01,52,40,892086,0.576504,03,1251,0,0,Node 03: Network 3
16681,2025-07-18,01,52,41,843813,0.951727,01,250,0,0,Node 01: Network 3
16682,2025-07-18,01,52,42,318153,0.47434,02,750,0,0,Node 02: Network 3
16683,2025-07-18,01,52,42,894164,0.576011,03,1250,0,0,Node 03: Network 3
16684,2025-07-18,01,52,43,863860,0.969696,01,250,0,0,Node 01: Network 3
16685,2025-07-18,01,52,44,320594,0.456734,02,750,0,0,Node 02: Network 3
16686,2025-07-18,01,52,44,895765,0.575171,03,1250,0,0,Node 03: Network 3
16687,2025-07-18,01,52,45,863956,0.968191,01,250,0,0,Node 01: Network 3
16688,2025-07-18,01,52,46,440295,0.576339,02,750,0,0,Node 02: Network 3
16689,2025-07-18,01,52,46,911740,0.471445,03,1250,0,0,Node 03: Network 3
16690,2025-07-18,01,52,47,985749,1.074009,01,250,0,0,Node 01: Network 3
16691,2025-07-18,01,52,48,442369,0.45662,02,750,0,0,Node 02: Network 3
16692,2025-07-18,01,52,48,913588,0.471219,03,1250,0,0,Node 03: Network 3
16693,2025-07-18,01,52,49,986065,1.072477,01,250,0,0,Node 01: Network 3
16694,2025-07-18,01,52,50,444332,0.458267,02,750,0,0,Node 02: Network 3
16695,2025-07-18,01,52,50,915530,0.471198,03,1250,0,0,Node 03: Network 3
16696,2025-07-18,01,52,51,986499,1.070969,01,250,0,0,Node 01: Network 3
16697,2025-07-18,01,52,52,446615,0.460116,02,750,0,0,Node 02: Network 3
16698,2025-07-18,01,52,52,917246,0.470631,03,1250,0,0,Node 03: Network 3
16699,2025-07-18,01,52,53,985838,1.068592,01,250,0,0,Node 01: Network 3
16700,2025-07-18,01,52,54,449230,0.463392,02,750,0,0,Node 02: Network 3
16701,2025-07-18,01,52,54,920093,0.470863,03,1250,0,0,Node 03: Network 3
16702,2025-07-18,01,52,55,987687,1.067594,01,250,0,0,Node 01: Network 3
16703,2025-07-18,01,52,56,451028,0.463341,02,750,0,0,Node 02: Network 3
16704,2025-07-18,01,52,56,922411,0.471383,03,1250,0,0,Node 03: Network 3
16705,2025-07-18,01,52,57,987893,1.065482,01,250,0,0,Node 01: Network 3
16706,2025-07-18,01,52,58,452354,0.464461,02,750,0,0,Node 02: Network 3
16707,2025-07-18,01,52,58,923611,0.471257,03,1250,0,0,Node 03: Network 3
16708,2025-07-18,01,52,59,988617,1.065006,01,250,0,0,Node 01: Network 3
16709,2025-07-18,01,53,00,455428,0.466811,02,750,0,0,Node 02: Network 3
16710,2025-07-18,01,53,00,926215,0.470787,03,1250,0,0,Node 03: Network 3
16711,2025-07-18,01,53,01,989635,1.06342,01,250,0,0,Node 01: Network 3
16712,2025-07-18,01,53,02,457583,0.467948,02,750,0,0,Node 02: Network 3
16713,2025-07-18,01,53,02,929241,0.471658,03,1250,0,0,Node 03: Network 3
16714,2025-07-18,01,53,03,991145,1.061904,01,250,0,0,Node 01: Network 3
16715,2025-07-18,01,53,04,534445,0.5433,02,750,0,0,Node 02: Network 3
16716,2025-07-18,01,53,05,037553,0.503108,03,1250,0,0,Node 03: Network 3
16717,2025-07-18,01,53,05,534305,0.496752,BB,0,1,0,
16718,2025-07-18,01,53,07,538671,2.004366,BB,0,1,0,
16719,2025-07-18,01,53,07,594346,0.055675,01,1783,0,1,
16720,2025-07-18,01,53,07,608238,0.013892,02,1824,0,1,
16721,2025-07-18,01,53,07,654918,0.04668,03,1823,0,1,
16722,2025-07-18,01,53,08,356401,0.701483,02,750,0,0,Node 02: Network 3
16723,2025-07-18,01,53,08,858040,0.501639,03,1250,0,0,Node 03: Network 3
16724,2025-07-18,01,53,09,900923,1.042883,01,250,0,0,Node 01: Network 3
16725,2025-07-18,01,53,10,358395,0.457472,02,750,0,0,Node 02: Network 3
16726,2025-07-18,01,53,10,861300,0.502905,03,1250,0,0,Node 03: Network 3
16727,2025-07-18,01,53,11,902503,1.041203,01,250,0,0,Node 01: Network 3
16728,2025-07-18,01,53,12,360093,0.45759,02,750,0,0,Node 02: Network 3
16729,2025-07-18,01,53,12,862756,0.502663,03,1250,0,0,Node 03: Network 3
16730,2025-07-18,01,53,13,902566,1.03981,01,250,0,0,Node 01: Network 3
16731,2025-07-18,01,53,14,362064,0.459498,02,750,0,0,Node 02: Network 3
16732,2025-07-18,01,53,14,863538,0.501474,03,1250,0,0,Node 03: Network 3
16733,2025-07-18,01,53,15,903868,1.04033,01,250,0,0,Node 01: Network 3
16734,2025-07-18,01,53,16,448188,0.54432,02,750,0,0,Node 02: Network 3
16735,2025-07-18,01,53,16,867509,0.419321,03,1250,0,0,Node 03: Network 3
16736,2025-07-18,01,53,17,783189,0.91568,BB,0,1,0,
16737,2025-07-18,01,53,17,856432,0.073243,BB,0,1,0,01:1831:0:1
16738,2025-07-18,01,53,17,900428,0.043996,02,1068,0,1,1168:0:1
16739,2025-07-18,01,53,17,912936,0.012508,02,229,0,1,
16740,2025-07-18,01,53,17,947002,0.034066,03,1250,0,0,Node 03: Network 3
16741,2025-07-18,01,53,17,960074,0.013072,01,187,0,1,
16742,2025-07-18,01,53,17,972740,0.012666,03,315,0,1,
16743,2025-07-18,01,53,18,185250,0.21251,01,250,0,0,Node 01: Network 3
16744,2025-07-18,01,53,18,259066,0.073816,01,259,0,0,Node 01: Network 3
16745,2025-07-18,01,53,18,291841,0.032775,01,250,0,0,Node 01: Network 3
16746,2025-07-18,01,53,18,325255,0.033414,02,750,0,0,Node 02: Network 3
16747,2025-07-18,01,53,18,361149,0.035894,01,250,0,0,Node 01: Network 3
16748,2025-07-18,01,53,18,420993,0.059844,02,750,0,0,Node 02: Network 3
16749,2025-07-18,01,53,18,473075,0.052082,03,1250,0,0,Node 03: Network 3
16750,2025-07-18,01,53,18,536250,0.063175,01,250,0,0,Node 01: Network 3
16751,2025-07-18,01,53,18,577348,0.041098,02,750,0,0,Node 02: Network 3
16752,2025-07-18,01,53,18,711228,0.13388,03,1250,0,0,Node 03: Network 3
16753,2025-07-18,01,53,18,748123,0.036895,02,750,0,0,Node 02: Network 3
16754,2025-07-18,01,53,18,796056,0.047933,01,250,0,0,Node 01: Network 3
16755,2025-07-18,01,53,19,163101,0.367045,03,1250,0,0,Node 03: Network 3
16756,2025-07-18,01,53,19,564812,0.401711,BB,0,1,0,
16757,2025-07-18,01,53,21,568920,2.004108,BB,0,1,0,
16758,2025-07-18,01,53,21,628303,0.059383,01,1732,0,1,
16759,2025-07-18,01,53,21,641868,0.013565,02,1730,0,1,
16760,2025-07-18,01,53,21,668187,0.026319,03,1728,0,1,
16761,2025-07-18,01,53,22,385505,0.717318,02,750,0,0,Node 02: Network 3
16762,2025-07-18,01,53,22,887127,0.501622,03,1250,0,0,Node 03: Network 3
16763,2025-07-18,01,53,23,928214,1.041087,01,250,0,0,Node 01: Network 3
16764,2025-07-18,01,53,24,388178,0.459964,02,750,0,0,Node 02: Network 3
16765,2025-07-18,01,53,24,976004,0.587826,03,1250,0,0,Node 03: Network 3
16766,2025-07-18,01,53,25,924877,0.948873,01,250,0,0,Node 01: Network 3
16767,2025-07-18,01,53,26,390183,0.465306,02,750,0,0,Node 02: Network 3
16768,2025-07-18,01,53,26,978958,0.588775,03,1250,0,0,Node 03: Network 3
16769,2025-07-18,01,53,27,930035,0.951077,01,250,0,0,Node 01: Network 3
16770,2025-07-18,01,53,28,391243,0.461208,02,750,0,0,Node 02: Network 3
16771,2025-07-18,01,53,28,980773,0.58953,03,1250,0,0,Node 03: Network 3
16772,2025-07-18,01,53,29,932001,0.951228,01,250,0,0,Node 01: Network 3
16773,2025-07-18,01,53,30,393097,0.461096,02,750,0,0,Node 02: Network 3
16774,2025-07-18,01,53,30,981364,0.588267,03,1250,0,0,Node 03: Network 3
16775,2025-07-18,01,53,31,932387,0.951023,01,250,0,0,Node 01: Network 3
16776,2025-07-18,01,53,32,395850,0.463463,02,750,0,0,Node 02: Network 3
16777,2025-07-18,01,53,32,980426,0.584576,03,1250,0,0,Node 03: Network 3
16778,2025-07-18,01,53,33,932073,0.951647,01,250,0,0,Node 01: Network 3
16779,2025-07-18,01,53,34,397066,0.464993,02,750,0,0,Node 02: Network 3
16780,2025-07-18,01,53,34,977986,0.58092,03,1250,0,0,Node 03: Network 3
16781,2025-07-18,01,53,35,932123,0.954137,01,250,0,0,Node 01: Network 3
16782,2025-07-18,01,53,36,399130,0.467007,02,750,0,0,Node 02: Network 3
16783,2025-07-18,01,53,36,980496,0.581366,03,1250,0,0,Node 03: Network 3
16784,2025-07-18,01,53,37,933442,0.952946,01,250,0,0,Node 01: Network 3
16785,2025-07-18,01,53,38,401028,0.467586,02,750,0,0,Node 02: Network 3
16786,2025-07-18,01,53,38,982220,0.581192,03,1250,0,0,Node 03: Network 3
16787,2025-07-18,01,53,39,934126,0.951906,01,250,0,0,Node 01: Network 3
16788,2025-07-18,01,53,40,404289,0.470163,02,750,0,0,Node 02: Network 3
16789,2025-07-18,01,53,40,986219,0.58193,03,1250,0,0,Node 03: Network 3
16790,2025-07-18,01,53,41,936705,0.950486,01,250,0,0,Node 01: Network 3
16791,2025-07-18,01,53,42,405801,0.469096,02,750,0,0,Node 02: Network 3
16792,2025-07-18,01,53,42,987908,0.582107,03,1250,0,0,Node 03: Network 3
16793,2025-07-18,01,53,43,936786,0.948878,01,250,0,0,Node 01: Network 3
16794,2025-07-18,01,53,44,407330,0.470544,02,750,0,0,Node 02: Network 3
16795,2025-07-18,01,53,44,988525,0.581195,03,1250,0,0,Node 03: Network 3
16796,2025-07-18,01,53,45,937079,0.948554,01,250,0,0,Node 01: Network 3
16797,2025-07-18,01,53,46,480894,0.543815,02,750,0,0,Node 02: Network 3
16798,2025-07-18,01,53,46,991729,0.510835,03,1250,0,0,Node 03: Network 3
16799,2025-07-18,01,53,47,937661,0.945932,01,250,0,0,Node 01: Network 3
16800,2025-07-18,01,53,48,536768,0.599107,02,750,0,0,Node 02: Network 3
16801,2025-07-18,01,53,48,993397,0.456629,03,1250,0,0,Node 03: Network 3
16802,2025-07-18,01,53,49,938789,0.945392,01,250,0,0,Node 01: Network 3
16803,2025-07-18,01,53,50,483828,0.545039,02,750,0,0,Node 02: Network 3
16804,2025-07-18,01,53,50,985080,0.501252,03,1250,0,0,Node 03: Network 3
16805,2025-07-18,01,53,51,938811,0.953731,01,250,0,0,Node 01: Network 3
16806,2025-07-18,01,53,52,485909,0.547098,02,750,0,0,Node 02: Network 3
16807,2025-07-18,01,53,52,987707,0.501798,03,1250,0,0,Node 03: Network 3
16808,2025-07-18,01,53,53,938055,0.950348,01,250,0,0,Node 01: Network 3
16809,2025-07-18,01,53,54,487940,0.549885,02,750,0,0,Node 02: Network 3
16810,2025-07-18,01,53,54,990215,0.502275,03,1250,0,0,Node 03: Network 3
16811,2025-07-18,01,53,55,940643,0.950428,01,250,0,0,Node 01: Network 3
16812,2025-07-18,01,53,56,489629,0.548986,02,750,0,0,Node 02: Network 3
16813,2025-07-18,01,53,56,988065,0.498436,03,1250,0,0,Node 03: Network 3
16814,2025-07-18,01,53,57,941069,0.953004,01,250,0,0,Node 01: Network 3
16815,2025-07-18,01,53,58,491574,0.550505,02,750,0,0,Node 02: Network 3
16816,2025-07-18,01,53,58,989672,0.498098,03,1250,0,0,Node 03: Network 3
16817,2025-07-18,01,53,59,942484,0.952812,01,250,0,0,Node 01: Network 3
16818,2025-07-18,01,54,00,493190,0.550706,02,750,0,0,Node 02: Network 3
16819,2025-07-18,01,54,00,991098,0.497908,03,1250,0,0,Node 03: Network 3
16820,2025-07-18,01,54,01,943088,0.95199,01,250,0,0,Node 01: Network 3
16821,2025-07-18,01,54,02,494974,0.551886,02,750,0,0,Node 02: Network 3
16822,2025-07-18,01,54,02,992880,0.497906,03,1250,0,0,Node 03: Network 3
16823,2025-07-18,01,54,03,943880,0.951,01,250,0,0,Node 01: Network 3
16824,2025-07-18,01,54,04,496963,0.553083,02,750,0,0,Node 02: Network 3
16825,2025-07-18,01,54,04,990510,0.493547,03,1250,0,0,Node 03: Network 3
16826,2025-07-18,01,54,05,943863,0.953353,01,250,0,0,Node 01: Network 3
16827,2025-07-18,01,54,06,499976,0.556113,02,750,0,0,Node 02: Network 3
16828,2025-07-18,01,54,06,993237,0.493261,03,1250,0,0,Node 03: Network 3
16829,2025-07-18,01,54,07,945074,0.951837,01,250,0,0,Node 01: Network 3
16830,2025-07-18,01,54,08,501782,0.556708,02,750,0,0,Node 02: Network 3
16831,2025-07-18,01,54,08,994917,0.493135,03,1250,0,0,Node 03: Network 3
16832,2025-07-18,01,54,09,945542,0.950625,01,250,0,0,Node 01: Network 3
16833,2025-07-18,01,54,10,992420,1.046878,03,1250,0,0,Node 03: Network 3
16834,2025-07-18,01,54,11,946228,0.953808,01,250,0,0,Node 01: Network 3
16835,2025-07-18,01,54,12,536473,0.590245,02,750,0,0,Node 02: Network 3
16836,2025-07-18,01,54,12,995282,0.458809,03,1250,0,0,Node 03: Network 3
16837,2025-07-18,01,54,13,947390,0.952108,01,250,0,0,Node 01: Network 3
16838,2025-07-18,01,54,14,537948,0.590558,02,750,0,0,Node 02: Network 3
16839,2025-07-18,01,54,14,995839,0.457891,03,1250,0,0,Node 03: Network 3
16840,2025-07-18,01,54,15,947413,0.951574,01,250,0,0,Node 01: Network 3
16841,2025-07-18,01,54,16,540057,0.592644,02,750,0,0,Node 02: Network 3
16842,2025-07-18,01,54,16,998878,0.458821,03,1250,0,0,Node 03: Network 3
16843,2025-07-18,01,54,17,949132,0.950254,01,250,0,0,Node 01: Network 3
16844,2025-07-18,01,54,18,543054,0.593922,02,750,0,0,Node 02: Network 3
16845,2025-07-18,01,54,19,002654,0.4596,03,1250,0,0,Node 03: Network 3
16846,2025-07-18,01,54,19,949424,0.94677,01,250,0,0,Node 01: Network 3
16847,2025-07-18,01,54,20,544426,0.595002,02,750,0,0,Node 02: Network 3
16848,2025-07-18,01,54,21,004184,0.459758,03,1250,0,0,Node 03: Network 3
16849,2025-07-18,01,54,21,949323,0.945139,01,250,0,0,Node 01: Network 3
16850,2025-07-18,01,54,22,546222,0.596899,02,750,0,0,Node 02: Network 3
16851,2025-07-18,01,54,23,004918,0.458696,03,1250,0,0,Node 03: Network 3
16852,2025-07-18,01,54,23,950277,0.945359,01,250,0,0,Node 01: Network 3
16853,2025-07-18,01,54,24,550414,0.600137,02,750,0,0,Node 02: Network 3
16854,2025-07-18,01,54,25,008823,0.458409,03,1250,0,0,Node 03: Network 3
16855,2025-07-18,01,54,25,951441,0.942618,01,250,0,0,Node 01: Network 3
16856,2025-07-18,01,54,26,553565,0.602124,02,750,0,0,Node 02: Network 3
16857,2025-07-18,01,54,27,099705,0.54614,03,1250,0,0,Node 03: Network 3
16858,2025-07-18,01,54,27,951320,0.851615,01,250,0,0,Node 01: Network 3
16859,2025-07-18,01,54,28,554324,0.603004,02,750,0,0,Node 02: Network 3
16860,2025-07-18,01,54,29,102254,0.54793,03,1250,0,0,Node 03: Network 3
16861,2025-07-18,01,54,29,952582,0.850328,01,250,0,0,Node 01: Network 3
16862,2025-07-18,01,54,30,556101,0.603519,02,750,0,0,Node 02: Network 3
16863,2025-07-18,01,54,31,104267,0.548166,03,1250,0,0,Node 03: Network 3
16864,2025-07-18,01,54,31,953515,0.849248,01,250,0,0,Node 01: Network 3
16865,2025-07-18,01,54,32,558284,0.604769,02,750,0,0,Node 02: Network 3
16866,2025-07-18,01,54,33,105269,0.546985,03,1250,0,0,Node 03: Network 3
16867,2025-07-18,01,54,34,148162,1.042893,01,250,0,0,Node 01: Network 3
16868,2025-07-18,01,54,34,561486,0.413324,02,750,0,0,Node 02: Network 3
16869,2025-07-18,01,54,35,107649,0.546163,03,1250,0,0,Node 03: Network 3
16870,2025-07-18,01,54,36,148517,1.040868,01,250,0,0,Node 01: Network 3
16871,2025-07-18,01,54,36,651833,0.503316,02,750,0,0,Node 02: Network 3
16872,2025-07-18,01,54,37,111310,0.459477,03,1250,0,0,Node 03: Network 3
16873,2025-07-18,01,54,38,150062,1.038752,01,251,0,0,Node 01: Network 3
16874,2025-07-18,01,54,38,654131,0.504069,02,750,0,0,Node 02: Network 3
16875,2025-07-18,01,54,39,201072,0.546941,03,1250,0,0,Node 03: Network 3
16876,2025-07-18,01,54,40,150765,0.949693,01,250,0,0,Node 01: Network 3
16877,2025-07-18,01,54,40,656031,0.505266,02,750,0,0,Node 02: Network 3
16878,2025-07-18,01,54,41,199312,0.543281,03,1250,0,0,Node 03: Network 3
16879,2025-07-18,01,54,42,151666,0.952354,01,250,0,0,Node 01: Network 3
16880,2025-07-18,01,54,42,657845,0.506179,02,750,0,0,Node 02: Network 3
16881,2025-07-18,01,54,43,200881,0.543036,03,1250,0,0,Node 03: Network 3
16882,2025-07-18,01,54,44,218479,1.017598,01,250,0,0,Node 01: Network 3
16883,2025-07-18,01,54,44,659604,0.441125,02,750,0,0,Node 02: Network 3
16884,2025-07-18,01,54,45,203842,0.544238,03,1250,0,0,Node 03: Network 3
16885,2025-07-18,01,54,46,203813,0.999971,01,250,0,0,Node 01: Network 3
16886,2025-07-18,01,54,46,660282,0.456469,02,750,0,0,Node 02: Network 3
16887,2025-07-18,01,54,47,204710,0.544428,03,1250,0,0,Node 03: Network 3
16888,2025-07-18,01,54,48,204747,1.000037,01,250,0,0,Node 01: Network 3
16889,2025-07-18,01,54,48,662867,0.45812,02,750,0,0,Node 02: Network 3
16890,2025-07-18,01,54,49,207409,0.544542,03,1250,0,0,Node 03: Network 3
16891,2025-07-18,01,54,50,204566,0.997157,01,250,0,0,Node 01: Network 3
16892,2025-07-18,01,54,50,664799,0.460233,02,750,0,0,Node 02: Network 3
16893,2025-07-18,01,54,51,209770,0.544971,03,1251,0,0,Node 03: Network 3
16894,2025-07-18,01,54,52,205493,0.995723,01,250,0,0,Node 01: Network 3
16895,2025-07-18,01,54,52,753700,0.548207,02,750,0,0,Node 02: Network 3
16896,2025-07-18,01,54,53,212366,0.458666,03,1250,0,0,Node 03: Network 3
16897,2025-07-18,01,54,54,206564,0.994198,01,250,0,0,Node 01: Network 3
16898,2025-07-18,01,54,54,755643,0.549079,02,750,0,0,Node 02: Network 3
16899,2025-07-18,01,54,55,214765,0.459122,03,1250,0,0,Node 03: Network 3
16900,2025-07-18,01,54,56,299597,1.084832,01,250,0,0,Node 01: Network 3
16901,2025-07-18,01,54,56,757091,0.457494,02,750,0,0,Node 02: Network 3
16902,2025-07-18,01,54,57,215966,0.458875,03,1250,0,0,Node 03: Network 3
16903,2025-07-18,01,54,57,780796,0.56483,BB,0,1,0,
16904,2025-07-18,01,54,59,784605,2.003809,BB,0,1,0,
16905,2025-07-18,01,54,59,843683,0.059078,01,1806,0,1,
16906,2025-07-18,01,54,59,865716,0.022033,03,1890,0,1,
16907,2025-07-18,01,54,59,920024,0.054308,02,1847,0,1,
16908,2025-07-18,01,55,00,103783,0.183759,01,250,0,0,Node 01: Network 3
16909,2025-07-18,01,55,00,602119,0.498336,02,750,0,0,Node 02: Network 3
16910,2025-07-18,01,55,01,103453,0.501334,03,1250,0,0,Node 03: Network 3
16911,2025-07-18,01,55,02,101754,0.998301,01,250,0,0,Node 01: Network 3
16912,2025-07-18,01,55,02,603780,0.502026,02,750,0,0,Node 02: Network 3
16913,2025-07-18,01,55,03,105602,0.501822,03,1250,0,0,Node 03: Network 3
16914,2025-07-18,01,55,04,102163,0.996561,01,250,0,0,Node 01: Network 3
16915,2025-07-18,01,55,04,604677,0.502514,02,750,0,0,Node 02: Network 3
16916,2025-07-18,01,55,05,108246,0.503569,03,1250,0,0,Node 03: Network 3
16917,2025-07-18,01,55,06,103670,0.995424,01,250,0,0,Node 01: Network 3
16918,2025-07-18,01,55,06,607662,0.503992,02,750,0,0,Node 02: Network 3
16919,2025-07-18,01,55,07,108958,0.501296,03,1250,0,0,Node 03: Network 3
16920,2025-07-18,01,55,08,152917,1.043959,01,250,0,0,Node 01: Network 3
16921,2025-07-18,01,55,08,654372,0.501455,02,750,0,0,Node 02: Network 3
16922,2025-07-18,01,55,09,111482,0.45711,03,1250,0,0,Node 03: Network 3
16923,2025-07-18,01,55,10,153871,1.042389,01,250,0,0,Node 01: Network 3
16924,2025-07-18,01,55,11,113989,0.960118,03,1250,0,0,Node 03: Network 3
16925,2025-07-18,01,55,12,158331,1.044342,01,250,0,0,Node 01: Network 3
16926,2025-07-18,01,55,12,701791,0.54346,02,750,0,0,Node 02: Network 3
16927,2025-07-18,01,55,13,116995,0.415204,03,1250,0,0,Node 03: Network 3
16928,2025-07-18,01,55,14,158541,1.041546,01,250,0,0,Node 01: Network 3
16929,2025-07-18,01,55,14,704664,0.546123,02,750,0,0,Node 02: Network 3
16930,2025-07-18,01,55,15,117897,0.413233,03,1250,0,0,Node 03: Network 3
16931,2025-07-18,01,55,16,160041,1.042144,01,250,0,0,Node 01: Network 3
16932,2025-07-18,01,55,16,706289,0.546248,02,750,0,0,Node 02: Network 3
16933,2025-07-18,01,55,17,121868,0.415579,03,1250,0,0,Node 03: Network 3
16934,2025-07-18,01,55,18,250906,1.129038,01,250,0,0,Node 01: Network 3
16935,2025-07-18,01,55,18,708050,0.457144,02,750,0,0,Node 02: Network 3
16936,2025-07-18,01,55,19,298712,0.590662,03,1250,0,0,Node 03: Network 3
16937,2025-07-18,01,55,20,253574,0.954862,01,250,0,0,Node 01: Network 3
16938,2025-07-18,01,55,20,710473,0.456899,02,750,0,0,Node 02: Network 3
16939,2025-07-18,01,55,21,300699,0.590226,03,1250,0,0,Node 03: Network 3
16940,2025-07-18,01,55,22,253845,0.953146,01,250,0,0,Node 01: Network 3
16941,2025-07-18,01,55,22,844070,0.590225,02,750,0,0,Node 02: Network 3
16942,2025-07-18,01,55,23,302482,0.458412,03,1250,0,0,Node 03: Network 3
16943,2025-07-18,01,55,23,836269,0.533787,BB,0,1,0,
16944,2025-07-18,01,55,23,896874,0.060605,01,1566,0,1,
16945,2025-07-18,01,55,24,151471,0.254597,01,250,0,0,Node 01: Network 3
16946,2025-07-18,01,55,25,199611,1.04814,03,1250,0,0,Node 03: Network 3
16947,2025-07-18,01,55,26,152381,0.95277,01,250,0,0,Node 01: Network 3
16948,2025-07-18,01,55,26,479228,0.326847,BB,0,1,0,
16949,2025-07-18,01,55,26,535989,0.056761,BB,0,1,0,02:1730:0:1
16950,2025-07-18,01,55,26,577774,0.041785,01,1732,0,1,1728:0:1
16951,2025-07-18,01,55,26,620236,0.042462,02,750,0,0,Node 02: Network 3
16952,2025-07-18,01,55,26,649689,0.029453,02,663,0,1,
16953,2025-07-18,01,55,26,700620,0.050931,03,1250,0,0,Node 03: Network 3
16954,2025-07-18,01,55,26,713038,0.012418,03,660,0,1,
16955,2025-07-18,01,55,26,744281,0.031243,01,707,0,1,
16956,2025-07-18,01,55,26,841357,0.097076,02,750,0,0,Node 02: Network 3
16957,2025-07-18,01,55,26,886438,0.045081,03,1250,0,0,Node 03: Network 3
16958,2025-07-18,01,55,26,967639,0.081201,01,250,0,0,Node 01: Network 3
16959,2025-07-18,01,55,27,014111,0.046472,02,750,0,0,Node 02: Network 3
16960,2025-07-18,01,55,27,069822,0.055711,03,1250,0,0,Node 03: Network 3
16961,2025-07-18,01,55,27,102887,0.033065,01,250,0,0,Node 01: Network 3
16962,2025-07-18,01,55,27,135747,0.03286,02,750,0,0,Node 02: Network 3
16963,2025-07-18,01,55,27,182730,0.046983,03,1250,0,0,Node 03: Network 3
16964,2025-07-18,01,55,27,290180,0.10745,01,250,0,0,Node 01: Network 3
16965,2025-07-18,01,55,27,374509,0.084329,02,750,0,0,Node 02: Network 3
16966,2025-07-18,01,55,27,511026,0.136517,02,774,0,0,Node 02: Network 3
16967,2025-07-18,01,55,27,841993,0.330967,03,1250,0,0,Node 03: Network 3
16968,2025-07-18,01,55,27,896879,0.054886,BB,0,1,0,
16969,2025-07-18,01,55,29,850664,1.953785,BB,0,1,0,
16970,2025-07-18,01,55,29,890992,0.040328,03,1332,0,1,
16971,2025-07-18,01,55,29,919641,0.028649,01,1336,0,1,
16972,2025-07-18,01,55,29,952615,0.032974,02,1332,0,1,
16973,2025-07-18,01,55,30,167179,0.214564,01,250,0,0,Node 01: Network 3
16974,2025-07-18,01,55,30,705377,0.538198,02,750,0,0,Node 02: Network 3
16975,2025-07-18,01,55,31,171073,0.465696,03,1250,0,0,Node 03: Network 3
16976,2025-07-18,01,55,32,167100,0.996027,01,250,0,0,Node 01: Network 3
16977,2025-07-18,01,55,32,710755,0.543655,02,750,0,0,Node 02: Network 3
16978,2025-07-18,01,55,33,172660,0.461905,03,1250,0,0,Node 03: Network 3
16979,2025-07-18,01,55,34,167089,0.994429,01,250,0,0,Node 01: Network 3
16980,2025-07-18,01,55,34,713531,0.546442,02,750,0,0,Node 02: Network 3
16981,2025-07-18,01,55,35,174710,0.461179,03,1250,0,0,Node 03: Network 3
16982,2025-07-18,01,55,36,168761,0.994051,01,250,0,0,Node 01: Network 3
16983,2025-07-18,01,55,36,719285,0.550524,02,750,0,0,Node 02: Network 3
16984,2025-07-18,01,55,37,176071,0.456786,03,1250,0,0,Node 03: Network 3
16985,2025-07-18,01,55,38,169074,0.993003,01,250,0,0,Node 01: Network 3
16986,2025-07-18,01,55,38,720759,0.551685,02,750,0,0,Node 02: Network 3
16987,2025-07-18,01,55,39,178217,0.457458,03,1250,0,0,Node 03: Network 3
16988,2025-07-18,01,55,40,264982,1.086765,01,250,0,0,Node 01: Network 3
16989,2025-07-18,01,55,40,722337,0.457355,02,750,0,0,Node 02: Network 3
16990,2025-07-18,01,55,41,182266,0.459929,03,1250,0,0,Node 03: Network 3
16991,2025-07-18,01,55,42,265970,1.083704,01,250,0,0,Node 01: Network 3
16992,2025-07-18,01,55,42,725980,0.46001,02,750,0,0,Node 02: Network 3
16993,2025-07-18,01,55,43,184166,0.458186,03,1250,0,0,Node 03: Network 3
16994,2025-07-18,01,55,44,265631,1.081465,01,250,0,0,Node 01: Network 3
16995,2025-07-18,01,55,44,728099,0.462468,02,750,0,0,Node 02: Network 3
16996,2025-07-18,01,55,45,185957,0.457858,03,1250,0,0,Node 03: Network 3
16997,2025-07-18,01,55,46,267802,1.081845,01,250,0,0,Node 01: Network 3
16998,2025-07-18,01,55,46,812379,0.544577,02,750,0,0,Node 02: Network 3
16999,2025-07-18,01,55,47,188170,0.375791,03,1250,0,0,Node 03: Network 3
17000,2025-07-18,01,55,48,356267,1.168097,01,250,0,0,Node 01: Network 3
17001,2025-07-18,01,55,48,733057,0.37679,02,750,0,0,Node 02: Network 3
17002,2025-07-18,01,55,49,190453,0.457396,03,1250,0,0,Node 03: Network 3
17003,2025-07-18,01,55,50,277243,1.08679,01,250,0,0,Node 01: Network 3
17004,2025-07-18,01,55,50,821483,0.54424,02,750,0,0,Node 02: Network 3
17005,2025-07-18,01,55,51,191631,0.370148,03,1250,0,0,Node 03: Network 3
17006,2025-07-18,01,55,52,366431,1.1748,01,250,0,0,Node 01: Network 3
17007,2025-07-18,01,55,52,823665,0.457234,02,750,0,0,Node 02: Network 3
17008,2025-07-18,01,55,53,193595,0.36993,03,1250,0,0,Node 03: Network 3
17009,2025-07-18,01,55,54,369216,1.175621,01,250,0,0,Node 01: Network 3
17010,2025-07-18,01,55,54,826116,0.4569,02,750,0,0,Node 02: Network 3
17011,2025-07-18,01,55,55,196816,0.3707,03,1250,0,0,Node 03: Network 3
17012,2025-07-18,01,55,56,369613,1.172797,01,250,0,0,Node 01: Network 3
17013,2025-07-18,01,55,56,826851,0.457238,02,750,0,0,Node 02: Network 3
17014,2025-07-18,01,55,57,199556,0.372705,03,1250,0,0,Node 03: Network 3
17015,2025-07-18,01,55,58,369238,1.169682,01,250,0,0,Node 01: Network 3
17016,2025-07-18,01,55,58,743733,0.374495,02,750,0,0,Node 02: Network 3
17017,2025-07-18,01,55,59,201392,0.457659,03,1250,0,0,Node 03: Network 3
17018,2025-07-18,01,56,00,370217,1.168825,01,250,0,0,Node 01: Network 3
17019,2025-07-18,01,56,00,746759,0.376542,02,750,0,0,Node 02: Network 3
17020,2025-07-18,01,56,01,418275,0.671516,03,1250,0,0,Node 03: Network 3
17021,2025-07-18,01,56,02,370977,0.952702,01,250,0,0,Node 01: Network 3
17022,2025-07-18,01,56,02,915115,0.544138,02,750,0,0,Node 02: Network 3
17023,2025-07-18,01,56,03,419912,0.504797,03,1250,0,0,Node 03: Network 3
17024,2025-07-18,01,56,04,370308,0.950396,01,250,0,0,Node 01: Network 3
17025,2025-07-18,01,56,04,916456,0.546148,02,750,0,0,Node 02: Network 3
17026,2025-07-18,01,56,05,420988,0.504532,03,1250,0,0,Node 03: Network 3
17027,2025-07-18,01,56,06,459967,1.038979,01,250,0,0,Node 01: Network 3
17028,2025-07-18,01,56,06,918823,0.458856,02,750,0,0,Node 02: Network 3
17029,2025-07-18,01,56,07,424188,0.505365,03,1250,0,0,Node 03: Network 3
17030,2025-07-18,01,56,07,934035,0.509847,BB,0,1,0,
17031,2025-07-18,01,56,09,937792,2.003757,BB,0,1,0,
17032,2025-07-18,01,56,10,003671,0.065879,02,1838,0,1,
17033,2025-07-18,01,56,10,017701,0.01403,03,1836,0,1,
17034,2025-07-18,01,56,10,041434,0.023733,01,1799,0,1,
17035,2025-07-18,01,56,10,254436,0.213002,01,250,0,0,Node 01: Network 3
17036,2025-07-18,01,56,10,753908,0.499472,02,750,0,0,Node 02: Network 3
17037,2025-07-18,01,56,11,256394,0.502486,03,1250,0,0,Node 03: Network 3
17038,2025-07-18,01,56,12,254870,0.998476,01,250,0,0,Node 01: Network 3
17039,2025-07-18,01,56,12,799661,0.544791,02,750,0,0,Node 02: Network 3
17040,2025-07-18,01,56,13,259691,0.46003,03,1250,0,0,Node 03: Network 3
17041,2025-07-18,01,56,14,256170,0.996479,01,250,0,0,Node 01: Network 3
17042,2025-07-18,01,56,14,801810,0.54564,02,750,0,0,Node 02: Network 3
17043,2025-07-18,01,56,15,261976,0.460166,03,1250,0,0,Node 03: Network 3
17044,2025-07-18,01,56,16,255655,0.993679,01,250,0,0,Node 01: Network 3
17045,2025-07-18,01,56,16,804019,0.548364,02,750,0,0,Node 02: Network 3
17046,2025-07-18,01,56,17,263639,0.45962,03,1250,0,0,Node 03: Network 3
17047,2025-07-18,01,56,18,349610,1.085971,01,250,0,0,Node 01: Network 3
17048,2025-07-18,01,56,18,806263,0.456653,02,750,0,0,Node 02: Network 3
17049,2025-07-18,01,56,19,353267,0.547004,03,1250,0,0,Node 03: Network 3
17050,2025-07-18,01,56,20,350355,0.997088,01,250,0,0,Node 01: Network 3
17051,2025-07-18,01,56,20,807620,0.457265,02,750,0,0,Node 02: Network 3
17052,2025-07-18,01,56,21,397699,0.590079,03,1250,0,0,Node 03: Network 3
17053,2025-07-18,01,56,22,350437,0.952738,01,250,0,0,Node 01: Network 3
17054,2025-07-18,01,56,22,809992,0.459555,02,750,0,0,Node 02: Network 3
17055,2025-07-18,01,56,23,399012,0.58902,03,1250,0,0,Node 03: Network 3
17056,2025-07-18,01,56,24,351726,0.952714,01,250,0,0,Node 01: Network 3
17057,2025-07-18,01,56,24,811277,0.459551,02,750,0,0,Node 02: Network 3
17058,2025-07-18,01,56,25,402692,0.591415,03,1250,0,0,Node 03: Network 3
17059,2025-07-18,01,56,26,352069,0.949377,01,250,0,0,Node 01: Network 3
17060,2025-07-18,01,56,26,813853,0.461784,02,750,0,0,Node 02: Network 3
17061,2025-07-18,01,56,27,404750,0.590897,03,1250,0,0,Node 03: Network 3
17062,2025-07-18,01,56,28,354770,0.95002,01,250,0,0,Node 01: Network 3
17063,2025-07-18,01,56,28,816334,0.461564,02,750,0,0,Node 02: Network 3
17064,2025-07-18,01,56,29,407503,0.591169,03,1251,0,0,Node 03: Network 3
17065,2025-07-18,01,56,30,359162,0.951659,01,250,0,0,Node 01: Network 3
17066,2025-07-18,01,56,30,818187,0.459025,02,750,0,0,Node 02: Network 3
17067,2025-07-18,01,56,31,409341,0.591154,03,1250,0,0,Node 03: Network 3
17068,2025-07-18,01,56,32,360247,0.950906,01,250,0,0,Node 01: Network 3
17069,2025-07-18,01,56,32,820520,0.460273,02,750,0,0,Node 02: Network 3
17070,2025-07-18,01,56,33,411972,0.591452,03,1250,0,0,Node 03: Network 3
17071,2025-07-18,01,56,34,361200,0.949228,01,250,0,0,Node 01: Network 3
17072,2025-07-18,01,56,34,822440,0.46124,02,750,0,0,Node 02: Network 3
17073,2025-07-18,01,56,35,413615,0.591175,03,1250,0,0,Node 03: Network 3
17074,2025-07-18,01,56,36,361473,0.947858,01,250,0,0,Node 01: Network 3
17075,2025-07-18,01,56,36,905588,0.544115,02,750,0,0,Node 02: Network 3
17076,2025-07-18,01,56,37,416487,0.510899,03,1250,0,0,Node 03: Network 3
17077,2025-07-18,01,56,38,362742,0.946255,01,250,0,0,Node 01: Network 3
17078,2025-07-18,01,56,38,907740,0.544998,02,750,0,0,Node 02: Network 3
17079,2025-07-18,01,56,39,454032,0.546292,03,1250,0,0,Node 03: Network 3
17080,2025-07-18,01,56,40,362205,0.908173,01,250,0,0,Node 01: Network 3
17081,2025-07-18,01,56,40,998067,0.635862,02,750,0,0,Node 02: Network 3
17082,2025-07-18,01,56,41,456016,0.457949,03,1250,0,0,Node 03: Network 3
17083,2025-07-18,01,56,42,363889,0.907873,01,250,0,0,Node 01: Network 3
17084,2025-07-18,01,56,43,000642,0.636753,02,750,0,0,Node 02: Network 3
17085,2025-07-18,01,56,43,411278,0.410636,03,1250,0,0,Node 03: Network 3
17086,2025-07-18,01,56,44,364059,0.952781,01,250,0,0,Node 01: Network 3
17087,2025-07-18,01,56,45,002080,0.638021,02,750,0,0,Node 02: Network 3
17088,2025-07-18,01,56,45,413182,0.411102,03,1250,0,0,Node 03: Network 3
17089,2025-07-18,01,56,46,365185,0.952003,01,250,0,0,Node 01: Network 3
17090,2025-07-18,01,56,47,005245,0.64006,02,751,0,0,Node 02: Network 3
17091,2025-07-18,01,56,47,416269,0.411024,03,1250,0,0,Node 03: Network 3
17092,2025-07-18,01,56,48,365965,0.949696,01,250,0,0,Node 01: Network 3
17093,2025-07-18,01,56,49,006974,0.641009,02,750,0,0,Node 02: Network 3
17094,2025-07-18,01,56,49,418147,0.411173,03,1250,0,0,Node 03: Network 3
17095,2025-07-18,01,56,50,367140,0.948993,01,250,0,0,Node 01: Network 3
17096,2025-07-18,01,56,51,008888,0.641748,02,750,0,0,Node 02: Network 3
17097,2025-07-18,01,56,51,413693,0.404805,03,1250,0,0,Node 03: Network 3
17098,2025-07-18,01,56,52,366538,0.952845,01,250,0,0,Node 01: Network 3
17099,2025-07-18,01,56,53,011233,0.644695,02,750,0,0,Node 02: Network 3
17100,2025-07-18,01,56,53,414451,0.403218,03,1250,0,0,Node 03: Network 3
17101,2025-07-18,01,56,54,368149,0.953698,01,250,0,0,Node 01: Network 3
17102,2025-07-18,01,56,55,012453,0.644304,02,750,0,0,Node 02: Network 3
17103,2025-07-18,01,56,55,419055,0.406602,03,1250,0,0,Node 03: Network 3
17104,2025-07-18,01,56,56,556844,1.137789,01,250,0,0,Node 01: Network 3
17105,2025-07-18,01,56,56,962955,0.406111,02,750,0,0,Node 02: Network 3
17106,2025-07-18,01,56,57,421220,0.458265,03,1250,0,0,Node 03: Network 3
17107,2025-07-18,01,56,58,043285,0.622065,BB,0,1,0,
17108,2025-07-18,01,57,00,047092,2.003807,BB,0,1,0,
17109,2025-07-18,01,57,00,128931,0.081839,03,1949,0,1,
17110,2025-07-18,01,57,00,152590,0.023659,02,1904,0,1,
17111,2025-07-18,01,57,00,166105,0.013515,01,1812,0,1,
17112,2025-07-18,01,57,00,364167,0.198062,01,250,0,0,Node 01: Network 3
17113,2025-07-18,01,57,00,862762,0.498595,02,750,0,0,Node 02: Network 3
17114,2025-07-18,01,57,01,365929,0.503167,03,1250,0,0,Node 03: Network 3
17115,2025-07-18,01,57,02,364407,0.998478,01,250,0,0,Node 01: Network 3
17116,2025-07-18,01,57,02,864715,0.500308,02,750,0,0,Node 02: Network 3
17117,2025-07-18,01,57,03,367533,0.502818,03,1250,0,0,Node 03: Network 3
17118,2025-07-18,01,57,04,410386,1.042853,01,250,0,0,Node 01: Network 3
17119,2025-07-18,01,57,04,866889,0.456503,02,750,0,0,Node 02: Network 3
17120,2025-07-18,01,57,05,457522,0.590633,03,1251,0,0,Node 03: Network 3
17121,2025-07-18,01,57,06,410677,0.953155,01,250,0,0,Node 01: Network 3
17122,2025-07-18,01,57,06,999461,0.588784,02,750,0,0,Node 02: Network 3
17123,2025-07-18,01,57,07,459818,0.460357,03,1250,0,0,Node 03: Network 3
17124,2025-07-18,01,57,08,544746,1.084928,01,250,0,0,Node 01: Network 3
17125,2025-07-18,01,57,09,002664,0.457918,02,750,0,0,Node 02: Network 3
17126,2025-07-18,01,57,09,461688,0.459024,03,1250,0,0,Node 03: Network 3
17127,2025-07-18,01,57,10,544433,1.082745,01,250,0,0,Node 01: Network 3
17128,2025-07-18,01,57,11,463612,0.919179,03,1250,0,0,Node 03: Network 3
17129,2025-07-18,01,57,12,544765,1.081153,01,250,0,0,Node 01: Network 3
17130,2025-07-18,01,57,13,007973,0.463208,02,750,0,0,Node 02: Network 3
17131,2025-07-18,01,57,13,465809,0.457836,03,1250,0,0,Node 03: Network 3
17132,2025-07-18,01,57,14,546155,1.080346,01,250,0,0,Node 01: Network 3
17133,2025-07-18,01,57,15,009561,0.463406,02,750,0,0,Node 02: Network 3
17134,2025-07-18,01,57,15,467730,0.458169,03,1250,0,0,Node 03: Network 3
17135,2025-07-18,01,57,16,546387,1.078657,01,250,0,0,Node 01: Network 3
17136,2025-07-18,01,57,17,011775,0.465388,02,750,0,0,Node 02: Network 3
17137,2025-07-18,01,57,17,470417,0.458642,03,1250,0,0,Node 03: Network 3
17138,2025-07-18,01,57,18,548507,1.07809,01,250,0,0,Node 01: Network 3
17139,2025-07-18,01,57,19,013923,0.465416,02,750,0,0,Node 02: Network 3
17140,2025-07-18,01,57,19,472345,0.458422,03,1250,0,0,Node 03: Network 3
17141,2025-07-18,01,57,20,548907,1.076562,01,250,0,0,Node 01: Network 3
17142,2025-07-18,01,57,21,475359,0.926452,03,1251,0,0,Node 03: Network 3
17143,2025-07-18,01,57,22,548703,1.073344,01,250,0,0,Node 01: Network 3
17144,2025-07-18,01,57,23,018640,0.469937,02,750,0,0,Node 02: Network 3
17145,2025-07-18,01,57,23,477670,0.45903,03,1250,0,0,Node 03: Network 3
17146,2025-07-18,01,57,24,549642,1.071972,01,250,0,0,Node 01: Network 3
17147,2025-07-18,01,57,25,020702,0.47106,02,750,0,0,Node 02: Network 3
17148,2025-07-18,01,57,25,479056,0.458354,03,1250,0,0,Node 03: Network 3
17149,2025-07-18,01,57,26,550093,1.071037,01,250,0,0,Node 01: Network 3
17150,2025-07-18,01,57,27,023060,0.472967,02,750,0,0,Node 02: Network 3
17151,2025-07-18,01,57,27,481169,0.458109,03,1250,0,0,Node 03: Network 3
17152,2025-07-18,01,57,28,567513,1.086344,01,250,0,0,Node 01: Network 3
17153,2025-07-18,01,57,29,025197,0.457684,02,750,0,0,Node 02: Network 3
17154,2025-07-18,01,57,29,483400,0.458203,03,1250,0,0,Node 03: Network 3
17155,2025-07-18,01,57,30,569504,1.086104,01,250,0,0,Node 01: Network 3
17156,2025-07-18,01,57,31,028047,0.458543,02,750,0,0,Node 02: Network 3
17157,2025-07-18,01,57,31,573472,0.545425,03,1250,0,0,Node 03: Network 3
17158,2025-07-18,01,57,32,569217,0.995745,01,250,0,0,Node 01: Network 3
17159,2025-07-18,01,57,33,029023,0.459806,02,750,0,0,Node 02: Network 3
17160,2025-07-18,01,57,33,576573,0.54755,03,1250,0,0,Node 03: Network 3
17161,2025-07-18,01,57,34,257381,0.680808,BB,0,1,0,
17162,2025-07-18,01,57,34,311335,0.053954,02,792,0,1,
17163,2025-07-18,01,57,34,336391,0.025056,BB,0,1,0,1332:0:1
17164,2025-07-18,01,57,34,363398,0.027007,01,1336,0,1,02:1332:0:1
17165,2025-07-18,01,57,34,429828,0.06643,03,1250,0,0,Node 03: Network 3
17166,2025-07-18,01,57,34,467224,0.037396,03,83,0,1,
17167,2025-07-18,01,57,34,501238,0.034014,01,250,0,0,Node 01: Network 3
17168,2025-07-18,01,57,34,636338,0.1351,02,774,0,0,Node 02: Network 3
17169,2025-07-18,01,57,34,648329,0.011991,01,89,0,1,
17170,2025-07-18,01,57,34,682290,0.033961,03,1250,0,0,Node 03: Network 3
17171,2025-07-18,01,57,34,715371,0.033081,01,250,0,0,Node 01: Network 3
17172,2025-07-18,01,57,34,762350,0.046979,02,750,0,0,Node 02: Network 3
17173,2025-07-18,01,57,34,819057,0.056707,03,1250,0,0,Node 03: Network 3
17174,2025-07-18,01,57,34,898298,0.079241,01,250,0,0,Node 01: Network 3
17175,2025-07-18,01,57,35,001786,0.103488,02,750,0,0,Node 02: Network 3
17176,2025-07-18,01,57,35,047750,0.045964,03,1250,0,0,Node 03: Network 3
17177,2025-07-18,01,57,35,121503,0.073753,01,250,0,0,Node 01: Network 3
17178,2025-07-18,01,57,35,471888,0.350385,01,250,0,0,Node 01: Network 3
17179,2025-07-18,01,57,35,645501,0.173613,03,1250,0,0,Node 03: Network 3
17180,2025-07-18,01,57,35,972033,0.326532,02,750,0,0,Node 02: Network 3
17181,2025-07-18,01,57,36,127482,0.155449,BB,0,1,0,
17182,2025-07-18,01,57,40,136404,4.008922,BB,0,1,0,
17183,2025-07-18,01,57,40,175622,0.039218,02,982,0,1,
17184,2025-07-18,01,57,40,188722,0.0131,03,1811,0,1,
17185,2025-07-18,01,57,40,259803,0.071081,01,1770,0,1,
17186,2025-07-18,01,57,40,451480,0.191677,01,250,0,0,Node 01: Network 3
17187,2025-07-18,01,57,40,952338,0.500858,02,750,0,0,Node 02: Network 3
17188,2025-07-18,01,57,41,456309,0.503971,03,1250,0,0,Node 03: Network 3
17189,2025-07-18,01,57,42,452561,0.996252,01,250,0,0,Node 01: Network 3
17190,2025-07-18,01,57,42,954246,0.501685,02,750,0,0,Node 02: Network 3
17191,2025-07-18,01,57,43,457911,0.503665,03,1250,0,0,Node 03: Network 3
17192,2025-07-18,01,57,44,453501,0.99559,01,250,0,0,Node 01: Network 3
17193,2025-07-18,01,57,45,002473,0.548972,02,750,0,0,Node 02: Network 3
17194,2025-07-18,01,57,45,460476,0.458003,03,1250,0,0,Node 03: Network 3
17195,2025-07-18,01,57,46,454019,0.993543,01,250,0,0,Node 01: Network 3
17196,2025-07-18,01,57,47,004284,0.550265,02,750,0,0,Node 02: Network 3
17197,2025-07-18,01,57,47,462333,0.458049,03,1250,0,0,Node 03: Network 3
17198,2025-07-18,01,57,48,549123,1.08679,01,250,0,0,Node 01: Network 3
17199,2025-07-18,01,57,49,006124,0.457001,02,750,0,0,Node 02: Network 3
17200,2025-07-18,01,57,49,463184,0.45706,03,1250,0,0,Node 03: Network 3
17201,2025-07-18,01,57,50,550391,1.087207,01,250,0,0,Node 01: Network 3
17202,2025-07-18,01,57,51,008175,0.457784,02,750,0,0,Node 02: Network 3
17203,2025-07-18,01,57,51,466223,0.458048,03,1250,0,0,Node 03: Network 3
17204,2025-07-18,01,57,52,549772,1.083549,01,250,0,0,Node 01: Network 3
17205,2025-07-18,01,57,53,009990,0.460218,02,750,0,0,Node 02: Network 3
17206,2025-07-18,01,57,53,467915,0.457925,03,1250,0,0,Node 03: Network 3
17207,2025-07-18,01,57,54,553861,1.085946,01,250,0,0,Node 01: Network 3
17208,2025-07-18,01,57,55,011349,0.457488,02,750,0,0,Node 02: Network 3
17209,2025-07-18,01,57,55,600380,0.589031,03,1250,0,0,Node 03: Network 3
17210,2025-07-18,01,57,56,553719,0.953339,01,250,0,0,Node 01: Network 3
17211,2025-07-18,01,57,57,144483,0.590764,02,750,0,0,Node 02: Network 3
17212,2025-07-18,01,57,57,602025,0.457542,03,1250,0,0,Node 03: Network 3
17213,2025-07-18,01,57,58,689073,1.087048,01,250,0,0,Node 01: Network 3
17214,2025-07-18,01,57,59,147082,0.458009,02,750,0,0,Node 02: Network 3
17215,2025-07-18,01,57,59,603473,0.456391,03,1250,0,0,Node 03: Network 3
17216,2025-07-18,01,58,00,179240,0.575767,BB,0,1,0,
17217,2025-07-18,01,58,02,183273,2.004033,BB,0,1,0,
17218,2025-07-18,01,58,02,231453,0.04818,02,1856,0,1,
17219,2025-07-18,01,58,02,269588,0.038135,01,1816,0,1,
17220,2025-07-18,01,58,02,300645,0.031057,03,1902,0,1,
17221,2025-07-18,01,58,02,499244,0.198599,01,250,0,0,Node 01: Network 3
17222,2025-07-18,01,58,03,043284,0.54404,02,750,0,0,Node 02: Network 3
17223,2025-07-18,01,58,03,502955,0.459671,03,1250,0,0,Node 03: Network 3
17224,2025-07-18,01,58,04,498992,0.996037,01,250,0,0,Node 01: Network 3
17225,2025-07-18,01,58,05,044880,0.545888,02,750,0,0,Node 02: Network 3
17226,2025-07-18,01,58,05,504888,0.460008,03,1250,0,0,Node 03: Network 3
17227,2025-07-18,01,58,06,500399,0.995511,01,250,0,0,Node 01: Network 3
17228,2025-07-18,01,58,07,049392,0.548993,02,750,0,0,Node 02: Network 3
17229,2025-07-18,01,58,07,506928,0.457536,03,1250,0,0,Node 03: Network 3
17230,2025-07-18,01,58,08,500862,0.993934,01,250,0,0,Node 01: Network 3
17231,2025-07-18,01,58,09,051133,0.550271,02,750,0,0,Node 02: Network 3
17232,2025-07-18,01,58,09,508945,0.457812,03,1250,0,0,Node 03: Network 3
17233,2025-07-18,01,58,10,501301,0.992356,01,250,0,0,Node 01: Network 3
17234,2025-07-18,01,58,11,053600,0.552299,02,750,0,0,Node 02: Network 3
17235,2025-07-18,01,58,11,511940,0.45834,03,1250,0,0,Node 03: Network 3
17236,2025-07-18,01,58,12,597740,1.0858,01,250,0,0,Node 01: Network 3
17237,2025-07-18,01,58,13,055063,0.457323,02,750,0,0,Node 02: Network 3
17238,2025-07-18,01,58,13,513757,0.458694,03,1250,0,0,Node 03: Network 3
17239,2025-07-18,01,58,14,599230,1.085473,01,250,0,0,Node 01: Network 3
17240,2025-07-18,01,58,15,057377,0.458147,02,750,0,0,Node 02: Network 3
17241,2025-07-18,01,58,15,515025,0.457648,03,1250,0,0,Node 03: Network 3
17242,2025-07-18,01,58,16,600833,1.085808,01,250,0,0,Node 01: Network 3
17243,2025-07-18,01,58,17,059561,0.458728,02,750,0,0,Node 02: Network 3
17244,2025-07-18,01,58,17,517799,0.458238,03,1250,0,0,Node 03: Network 3
17245,2025-07-18,01,58,18,601974,1.084175,01,250,0,0,Node 01: Network 3
17246,2025-07-18,01,58,19,061643,0.459669,02,750,0,0,Node 02: Network 3
17247,2025-07-18,01,58,19,519844,0.458201,03,1250,0,0,Node 03: Network 3
17248,2025-07-18,01,58,20,602940,1.083096,01,250,0,0,Node 01: Network 3
17249,2025-07-18,01,58,21,062710,0.45977,02,750,0,0,Node 02: Network 3
17250,2025-07-18,01,58,21,650136,0.587426,03,1250,0,0,Node 03: Network 3
17251,2025-07-18,01,58,22,603076,0.95294,01,250,0,0,Node 01: Network 3
17252,2025-07-18,01,58,23,064620,0.461544,02,750,0,0,Node 02: Network 3
17253,2025-07-18,01,58,23,652434,0.587814,03,1250,0,0,Node 03: Network 3
17254,2025-07-18,01,58,24,603479,0.951045,01,250,0,0,Node 01: Network 3
17255,2025-07-18,01,58,25,195781,0.592302,02,750,0,0,Node 02: Network 3
17256,2025-07-18,01,58,25,654955,0.459174,03,1250,0,0,Node 03: Network 3
17257,2025-07-18,01,58,26,604691,0.949736,01,250,0,0,Node 01: Network 3
17258,2025-07-18,01,58,27,198927,0.594236,02,750,0,0,Node 02: Network 3
17259,2025-07-18,01,58,27,656387,0.45746,03,1250,0,0,Node 03: Network 3
17260,2025-07-18,01,58,28,743385,1.086998,01,250,0,0,Node 01: Network 3
17261,2025-07-18,01,58,29,201238,0.457853,02,750,0,0,Node 02: Network 3
17262,2025-07-18,01,58,29,790463,0.589225,03,1250,0,0,Node 03: Network 3
17263,2025-07-18,01,58,30,244880,0.454417,BB,0,1,0,
17264,2025-07-18,01,58,32,250028,2.005148,BB,0,1,0,
17265,2025-07-18,01,58,32,298625,0.048597,01,1829,0,1,
17266,2025-07-18,01,58,32,312132,0.013507,02,1737,0,1,
17267,2025-07-18,01,58,32,340980,0.028848,03,1782,0,1,
17268,2025-07-18,01,58,32,566404,0.225424,01,250,0,0,Node 01: Network 3
17269,2025-07-18,01,58,33,066176,0.499772,02,750,0,0,Node 02: Network 3
17270,2025-07-18,01,58,33,570110,0.503934,03,1250,0,0,Node 03: Network 3
17271,2025-07-18,01,58,34,567683,0.997573,01,250,0,0,Node 01: Network 3
17272,2025-07-18,01,58,35,068127,0.500444,02,750,0,0,Node 02: Network 3
17273,2025-07-18,01,58,35,571549,0.503422,03,1250,0,0,Node 03: Network 3
17274,2025-07-18,01,58,36,567942,0.996393,01,250,0,0,Node 01: Network 3
17275,2025-07-18,01,58,37,112117,0.544175,02,750,0,0,Node 02: Network 3
17276,2025-07-18,01,58,37,574488,0.462371,03,1250,0,0,Node 03: Network 3
17277,2025-07-18,01,58,38,568495,0.994007,01,250,0,0,Node 01: Network 3
17278,2025-07-18,01,58,39,114138,0.545643,02,750,0,0,Node 02: Network 3
17279,2025-07-18,01,58,39,614795,0.500657,03,1250,0,0,Node 03: Network 3
17280,2025-07-18,01,58,40,570198,0.955403,01,250,0,0,Node 01: Network 3
17281,2025-07-18,01,58,41,116856,0.546658,02,750,0,0,Node 02: Network 3
17282,2025-07-18,01,58,41,616829,0.499973,03,1250,0,0,Node 03: Network 3
17283,2025-07-18,01,58,42,569692,0.952863,01,250,0,0,Node 01: Network 3
17284,2025-07-18,01,58,43,118273,0.548581,02,750,0,0,Node 02: Network 3
17285,2025-07-18,01,58,43,618470,0.500197,03,1250,0,0,Node 03: Network 3
17286,2025-07-18,01,58,44,663519,1.045049,01,250,0,0,Node 01: Network 3
17287,2025-07-18,01,58,45,119976,0.456457,02,750,0,0,Node 02: Network 3
17288,2025-07-18,01,58,45,620880,0.500904,03,1250,0,0,Node 03: Network 3
17289,2025-07-18,01,58,46,663258,1.042378,01,250,0,0,Node 01: Network 3
17290,2025-07-18,01,58,47,122792,0.459534,02,750,0,0,Node 02: Network 3
17291,2025-07-18,01,58,47,624234,0.501442,03,1250,0,0,Node 03: Network 3
17292,2025-07-18,01,58,48,663645,1.039411,01,250,0,0,Node 01: Network 3
17293,2025-07-18,01,58,49,124367,0.460722,02,750,0,0,Node 02: Network 3
17294,2025-07-18,01,58,49,626154,0.501787,03,1250,0,0,Node 03: Network 3
17295,2025-07-18,01,58,50,664504,1.03835,01,250,0,0,Node 01: Network 3
17296,2025-07-18,01,58,51,127122,0.462618,02,750,0,0,Node 02: Network 3
17297,2025-07-18,01,58,51,712662,0.58554,03,1250,0,0,Node 03: Network 3
17298,2025-07-18,01,58,52,665398,0.952736,01,250,0,0,Node 01: Network 3
17299,2025-07-18,01,58,53,127808,0.46241,02,750,0,0,Node 02: Network 3
17300,2025-07-18,01,58,53,713862,0.586054,03,1250,0,0,Node 03: Network 3
17301,2025-07-18,01,58,54,666984,0.953122,01,250,0,0,Node 01: Network 3
17302,2025-07-18,01,58,55,131026,0.464042,02,750,0,0,Node 02: Network 3
17303,2025-07-18,01,58,55,713786,0.58276,03,1250,0,0,Node 03: Network 3
17304,2025-07-18,01,58,56,668328,0.954542,01,250,0,0,Node 01: Network 3
17305,2025-07-18,01,58,57,133136,0.464808,02,750,0,0,Node 02: Network 3
17306,2025-07-18,01,58,57,715822,0.582686,03,1250,0,0,Node 03: Network 3
17307,2025-07-18,01,58,58,668059,0.952237,01,250,0,0,Node 01: Network 3
17308,2025-07-18,01,58,59,134777,0.466718,02,750,0,0,Node 02: Network 3
17309,2025-07-18,01,58,59,718839,0.584062,03,1250,0,0,Node 03: Network 3
17310,2025-07-18,01,59,00,668364,0.949525,01,250,0,0,Node 01: Network 3
17311,2025-07-18,01,59,01,137734,0.46937,02,750,0,0,Node 02: Network 3
17312,2025-07-18,01,59,01,721385,0.583651,03,1250,0,0,Node 03: Network 3
17313,2025-07-18,01,59,02,681071,0.959686,01,250,0,0,Node 01: Network 3
17314,2025-07-18,01,59,03,138638,0.457567,02,750,0,0,Node 02: Network 3
17315,2025-07-18,01,59,03,723347,0.584709,03,1250,0,0,Node 03: Network 3
17316,2025-07-18,01,59,04,683674,0.960327,01,250,0,0,Node 01: Network 3
17317,2025-07-18,01,59,05,140050,0.456376,02,750,0,0,Node 02: Network 3
17318,2025-07-18,01,59,05,725794,0.585744,03,1250,0,0,Node 03: Network 3
17319,2025-07-18,01,59,06,683925,0.958131,01,250,0,0,Node 01: Network 3
17320,2025-07-18,01,59,07,270045,0.58612,02,750,0,0,Node 02: Network 3
17321,2025-07-18,01,59,07,728086,0.458041,03,1250,0,0,Node 03: Network 3
17322,2025-07-18,01,59,08,684350,0.956264,01,250,0,0,Node 01: Network 3
17323,2025-07-18,01,59,09,272509,0.588159,02,750,0,0,Node 02: Network 3
17324,2025-07-18,01,59,09,818239,0.54573,03,1250,0,0,Node 03: Network 3
17325,2025-07-18,01,59,10,685556,0.867317,01,250,0,0,Node 01: Network 3
17326,2025-07-18,01,59,11,362456,0.6769,02,750,0,0,Node 02: Network 3
17327,2025-07-18,01,59,11,731121,0.368665,03,1250,0,0,Node 03: Network 3
17328,2025-07-18,01,59,12,337918,0.606797,BB,0,1,0,
17329,2025-07-18,01,59,14,342253,2.004335,BB,0,1,0,
17330,2025-07-18,01,59,14,377939,0.035686,02,1800,0,1,
17331,2025-07-18,01,59,14,402684,0.024745,01,1978,0,1,
17332,2025-07-18,01,59,14,452875,0.050191,03,1933,0,1,
17333,2025-07-18,01,59,14,657777,0.204902,01,250,0,0,Node 01: Network 3
17334,2025-07-18,01,59,15,202099,0.544322,02,750,0,0,Node 02: Network 3
17335,2025-07-18,01,59,15,704871,0.502772,03,1250,0,0,Node 03: Network 3
17336,2025-07-18,01,59,16,747108,1.042237,01,250,0,0,Node 01: Network 3
17337,2025-07-18,01,59,17,204753,0.457645,02,750,0,0,Node 02: Network 3
17338,2025-07-18,01,59,17,706457,0.501704,03,1250,0,0,Node 03: Network 3
17339,2025-07-18,01,59,18,747496,1.041039,01,250,0,0,Node 01: Network 3
17340,2025-07-18,01,59,19,206917,0.459421,02,750,0,0,Node 02: Network 3
17341,2025-07-18,01,59,19,708014,0.501097,03,1250,0,0,Node 03: Network 3
17342,2025-07-18,01,59,20,748332,1.040318,01,250,0,0,Node 01: Network 3
17343,2025-07-18,01,59,21,208320,0.459988,02,750,0,0,Node 02: Network 3
17344,2025-07-18,01,59,21,710852,0.502532,03,1250,0,0,Node 03: Network 3
17345,2025-07-18,01,59,22,749351,1.038499,01,250,0,0,Node 01: Network 3
17346,2025-07-18,01,59,23,210050,0.460699,02,750,0,0,Node 02: Network 3
17347,2025-07-18,01,59,23,713129,0.503079,03,1250,0,0,Node 03: Network 3
17348,2025-07-18,01,59,24,751141,1.038012,01,250,0,0,Node 01: Network 3
17349,2025-07-18,01,59,25,211939,0.460798,02,750,0,0,Node 02: Network 3
17350,2025-07-18,01,59,25,798619,0.58668,03,1250,0,0,Node 03: Network 3
17351,2025-07-18,01,59,26,755146,0.956527,01,250,0,0,Node 01: Network 3
17352,2025-07-18,01,59,27,213760,0.458614,02,750,0,0,Node 02: Network 3
17353,2025-07-18,01,59,27,800318,0.586558,03,1250,0,0,Node 03: Network 3
17354,2025-07-18,01,59,28,758744,0.958426,01,250,0,0,Node 01: Network 3
17355,2025-07-18,01,59,29,216582,0.457838,02,751,0,0,Node 02: Network 3
17356,2025-07-18,01,59,29,802070,0.585488,03,1250,0,0,Node 03: Network 3
17357,2025-07-18,01,59,30,760358,0.958288,01,250,0,0,Node 01: Network 3
17358,2025-07-18,01,59,31,219163,0.458805,02,750,0,0,Node 02: Network 3
17359,2025-07-18,01,59,31,803205,0.584042,03,1250,0,0,Node 03: Network 3
17360,2025-07-18,01,59,32,761430,0.958225,01,250,0,0,Node 01: Network 3
17361,2025-07-18,01,59,33,220247,0.458817,02,750,0,0,Node 02: Network 3
17362,2025-07-18,01,59,33,807074,0.586827,03,1250,0,0,Node 03: Network 3
17363,2025-07-18,01,59,34,761916,0.954842,01,250,0,0,Node 01: Network 3
17364,2025-07-18,01,59,35,222282,0.460366,02,750,0,0,Node 02: Network 3
17365,2025-07-18,01,59,35,808868,0.586586,03,1250,0,0,Node 03: Network 3
17366,2025-07-18,01,59,36,765566,0.956698,01,250,0,0,Node 01: Network 3
17367,2025-07-18,01,59,37,224537,0.458971,02,750,0,0,Node 02: Network 3
17368,2025-07-18,01,59,37,813590,0.589053,03,1250,0,0,Node 03: Network 3
17369,2025-07-18,01,59,38,766826,0.953236,01,250,0,0,Node 01: Network 3
17370,2025-07-18,01,59,39,225606,0.45878,02,750,0,0,Node 02: Network 3
17371,2025-07-18,01,59,39,816103,0.590497,03,1250,0,0,Node 03: Network 3
17372,2025-07-18,01,59,40,767389,0.951286,01,250,0,0,Node 01: Network 3
17373,2025-07-18,01,59,41,227440,0.460051,02,750,0,0,Node 02: Network 3
17374,2025-07-18,01,59,41,817726,0.590286,03,1250,0,0,Node 03: Network 3
17375,2025-07-18,01,59,42,770267,0.952541,01,250,0,0,Node 01: Network 3
17376,2025-07-18,01,59,43,229578,0.459311,02,750,0,0,Node 02: Network 3
17377,2025-07-18,01,59,43,547254,0.317676,BB,0,1,0,
17378,2025-07-18,01,59,43,615885,0.068631,BB,0,1,0,982:0:1
17379,2025-07-18,01,59,43,647720,0.031835,03,1811,0,1,01:1770:0:1
17380,2025-07-18,01,59,43,712976,0.065256,03,1121,0,1,
17381,2025-07-18,01,59,43,746588,0.033612,02,750,0,0,Node 02: Network 3
17382,2025-07-18,01,59,43,759792,0.013204,02,1208,0,1,
17383,2025-07-18,01,59,43,773351,0.013559,01,1165,0,1,
17384,2025-07-18,01,59,43,846542,0.073191,03,1250,0,0,Node 03: Network 3
17385,2025-07-18,01,59,43,910768,0.064226,01,250,0,0,Node 01: Network 3
17386,2025-07-18,01,59,44,018588,0.10782,03,1250,0,0,Node 03: Network 3
17387,2025-07-18,01,59,44,051498,0.03291,02,750,0,0,Node 02: Network 3
17388,2025-07-18,01,59,44,150009,0.098511,01,250,0,0,Node 01: Network 3
17389,2025-07-18,01,59,44,222055,0.072046,02,750,0,0,Node 02: Network 3
17390,2025-07-18,01,59,44,270992,0.048937,01,250,0,0,Node 01: Network 3
17391,2025-07-18,01,59,44,329543,0.058551,03,1250,0,0,Node 03: Network 3
17392,2025-07-18,01,59,44,370640,0.041097,01,250,0,0,Node 01: Network 3
17393,2025-07-18,01,59,44,435768,0.065128,02,750,0,0,Node 02: Network 3
17394,2025-07-18,01,59,44,486988,0.05122,03,1250,0,0,Node 03: Network 3
17395,2025-07-18,01,59,44,558182,0.071194,02,750,0,0,Node 02: Network 3
17396,2025-07-18,01,59,44,596628,0.038446,BB,0,1,0,
17397,2025-07-18,01,59,45,175712,0.579084,03,1250,0,0,Node 03: Network 3
17398,2025-07-18,01,59,46,220188,1.044476,01,250,0,0,Node 01: Network 3
17399,2025-07-18,01,59,46,413060,0.192872,BB,0,1,0,
17400,2025-07-18,01,59,48,417030,2.00397,BB,0,1,0,
17401,2025-07-18,01,59,48,466926,0.049896,02,518,0,1,
17402,2025-07-18,01,59,48,486824,0.019898,01,519,0,1,
17403,2025-07-18,01,59,48,499331,0.012507,03,562,0,1,
17404,2025-07-18,01,59,48,732721,0.23339,01,250,0,0,Node 01: Network 3
17405,2025-07-18,01,59,49,233579,0.500858,02,750,0,0,Node 02: Network 3
17406,2025-07-18,01,59,49,734411,0.500832,03,1250,0,0,Node 03: Network 3
17407,2025-07-18,01,59,50,733324,0.998913,01,250,0,0,Node 01: Network 3
17408,2025-07-18,01,59,51,235424,0.5021,02,750,0,0,Node 02: Network 3
17409,2025-07-18,01,59,51,738689,0.503265,03,1250,0,0,Node 03: Network 3
17410,2025-07-18,01,59,52,733630,0.994941,01,250,0,0,Node 01: Network 3
17411,2025-07-18,01,59,53,276895,0.543265,02,750,0,0,Node 02: Network 3
17412,2025-07-18,01,59,53,740502,0.463607,03,1250,0,0,Node 03: Network 3
17413,2025-07-18,01,59,54,784760,1.044258,01,250,0,0,Node 01: Network 3
17414,2025-07-18,01,59,55,278665,0.493905,02,750,0,0,Node 02: Network 3
17415,2025-07-18,01,59,55,742345,0.46368,03,1250,0,0,Node 03: Network 3
17416,2025-07-18,01,59,56,783735,1.04139,01,250,0,0,Node 01: Network 3
17417,2025-07-18,01,59,57,281517,0.497782,02,750,0,0,Node 02: Network 3
17418,2025-07-18,01,59,57,743554,0.462037,03,1250,0,0,Node 03: Network 3
17419,2025-07-18,01,59,58,784313,1.040759,01,250,0,0,Node 01: Network 3
17420,2025-07-18,01,59,59,283545,0.499232,02,751,0,0,Node 02: Network 3
17421,2025-07-18,01,59,59,828390,0.544845,03,1250,0,0,Node 03: Network 3
17422,2025-07-18,02,00,00,784860,0.95647,01,250,0,0,Node 01: Network 3
17423,2025-07-18,02,00,01,286319,0.501459,02,750,0,0,Node 02: Network 3
17424,2025-07-18,02,00,01,830374,0.544055,03,1250,0,0,Node 03: Network 3
17425,2025-07-18,02,00,02,786755,0.956381,01,250,0,0,Node 01: Network 3
17426,2025-07-18,02,00,03,375243,0.588488,02,750,0,0,Node 02: Network 3
17427,2025-07-18,02,00,03,833975,0.458732,03,1250,0,0,Node 03: Network 3
17428,2025-07-18,02,00,04,786545,0.95257,01,250,0,0,Node 01: Network 3
17429,2025-07-18,02,00,05,376048,0.589503,02,750,0,0,Node 02: Network 3
17430,2025-07-18,02,00,05,835216,0.459168,03,1250,0,0,Node 03: Network 3
17431,2025-07-18,02,00,06,788567,0.953351,01,250,0,0,Node 01: Network 3
17432,2025-07-18,02,00,07,379391,0.590824,02,750,0,0,Node 02: Network 3
17433,2025-07-18,02,00,07,838162,0.458771,03,1250,0,0,Node 03: Network 3
17434,2025-07-18,02,00,08,788961,0.950799,01,250,0,0,Node 01: Network 3
17435,2025-07-18,02,00,09,382875,0.593914,02,750,0,0,Node 02: Network 3
17436,2025-07-18,02,00,09,930290,0.547415,03,1250,0,0,Node 03: Network 3
17437,2025-07-18,02,00,10,788682,0.858392,01,250,0,0,Node 01: Network 3
17438,2025-07-18,02,00,11,383993,0.595311,02,750,0,0,Node 02: Network 3
17439,2025-07-18,02,00,11,932213,0.54822,03,1250,0,0,Node 03: Network 3
17440,2025-07-18,02,00,12,929311,0.997098,01,250,0,0,Node 01: Network 3
17441,2025-07-18,02,00,13,386392,0.457081,02,750,0,0,Node 02: Network 3
17442,2025-07-18,02,00,13,934035,0.547643,03,1250,0,0,Node 03: Network 3
17443,2025-07-18,02,00,14,929333,0.995298,01,250,0,0,Node 01: Network 3
17444,2025-07-18,02,00,15,389158,0.459825,02,750,0,0,Node 02: Network 3
17445,2025-07-18,02,00,15,936567,0.547409,03,1250,0,0,Node 03: Network 3
17446,2025-07-18,02,00,16,929859,0.993292,01,250,0,0,Node 01: Network 3
17447,2025-07-18,02,00,17,391627,0.461768,02,750,0,0,Node 02: Network 3
17448,2025-07-18,02,00,17,937845,0.546218,03,1250,0,0,Node 03: Network 3
17449,2025-07-18,02,00,18,931323,0.993478,01,250,0,0,Node 01: Network 3
17450,2025-07-18,02,00,19,392646,0.461323,02,750,0,0,Node 02: Network 3
17451,2025-07-18,02,00,19,940554,0.547908,03,1250,0,0,Node 03: Network 3
17452,2025-07-18,02,00,20,931831,0.991277,01,250,0,0,Node 01: Network 3
17453,2025-07-18,02,00,21,394420,0.462589,02,750,0,0,Node 02: Network 3
17454,2025-07-18,02,00,21,941521,0.547101,03,1250,0,0,Node 03: Network 3
17455,2025-07-18,02,00,22,933190,0.991669,01,250,0,0,Node 01: Network 3
17456,2025-07-18,02,00,23,486079,0.552889,02,750,0,0,Node 02: Network 3
17457,2025-07-18,02,00,23,946212,0.460133,03,1250,0,0,Node 03: Network 3
17458,2025-07-18,02,00,25,029536,1.083324,01,250,0,0,Node 01: Network 3
17459,2025-07-18,02,00,25,489973,0.460437,02,750,0,0,Node 02: Network 3
17460,2025-07-18,02,00,25,946936,0.456963,03,1250,0,0,Node 03: Network 3
17461,2025-07-18,02,00,26,500087,0.553151,BB,0,1,0,
17462,2025-07-18,02,00,28,504847,2.00476,BB,0,1,0,
17463,2025-07-18,02,00,28,555204,0.050357,02,1834,0,1,
17464,2025-07-18,02,00,28,569228,0.014024,03,1880,0,1,
17465,2025-07-18,02,00,28,591275,0.022047,01,1796,0,1,
17466,2025-07-18,02,00,28,819775,0.2285,01,250,0,0,Node 01: Network 3
17467,2025-07-18,02,00,29,321055,0.50128,02,750,0,0,Node 02: Network 3
17468,2025-07-18,02,00,29,866129,0.545074,03,1250,0,0,Node 03: Network 3
17469,2025-07-18,02,00,30,820754,0.954625,01,250,0,0,Node 01: Network 3
17470,2025-07-18,02,00,31,322064,0.50131,02,750,0,0,Node 02: Network 3
17471,2025-07-18,02,00,31,869968,0.547904,03,1250,0,0,Node 03: Network 3
17472,2025-07-18,02,00,32,820698,0.95073,01,250,0,0,Node 01: Network 3
17473,2025-07-18,02,00,33,365268,0.54457,02,750,0,0,Node 02: Network 3
17474,2025-07-18,02,00,33,871455,0.506187,03,1250,0,0,Node 03: Network 3
17475,2025-07-18,02,00,34,821943,0.950488,01,250,0,0,Node 01: Network 3
17476,2025-07-18,02,00,35,367624,0.545681,02,750,0,0,Node 02: Network 3
17477,2025-07-18,02,00,35,868309,0.500685,03,1250,0,0,Node 03: Network 3
17478,2025-07-18,02,00,36,911558,1.043249,01,250,0,0,Node 01: Network 3
17479,2025-07-18,02,00,37,369267,0.457709,02,750,0,0,Node 02: Network 3
17480,2025-07-18,02,00,37,870124,0.500857,03,1250,0,0,Node 03: Network 3
17481,2025-07-18,02,00,38,912049,1.041925,01,250,0,0,Node 01: Network 3
17482,2025-07-18,02,00,39,370874,0.458825,02,750,0,0,Node 02: Network 3
17483,2025-07-18,02,00,39,873097,0.502223,03,1250,0,0,Node 03: Network 3
17484,2025-07-18,02,00,40,912952,1.039855,01,250,0,0,Node 01: Network 3
17485,2025-07-18,02,00,41,416668,0.503716,02,750,0,0,Node 02: Network 3
17486,2025-07-18,02,00,41,875500,0.458832,03,1250,0,0,Node 03: Network 3
17487,2025-07-18,02,00,42,913077,1.037577,01,250,0,0,Node 01: Network 3
17488,2025-07-18,02,00,43,418476,0.505399,02,750,0,0,Node 02: Network 3
17489,2025-07-18,02,00,43,877796,0.45932,03,1250,0,0,Node 03: Network 3
17490,2025-07-18,02,00,44,915671,1.037875,01,250,0,0,Node 01: Network 3
17491,2025-07-18,02,00,45,421375,0.505704,02,750,0,0,Node 02: Network 3
17492,2025-07-18,02,00,45,879234,0.457859,03,1250,0,0,Node 03: Network 3
17493,2025-07-18,02,00,46,915600,1.036366,01,250,0,0,Node 01: Network 3
17494,2025-07-18,02,00,47,424137,0.508537,02,750,0,0,Node 02: Network 3
17495,2025-07-18,02,00,47,881826,0.457689,03,1250,0,0,Node 03: Network 3
17496,2025-07-18,02,00,48,968645,1.086819,01,250,0,0,Node 01: Network 3
17497,2025-07-18,02,00,49,425504,0.456859,02,750,0,0,Node 02: Network 3
17498,2025-07-18,02,00,49,883864,0.45836,03,1250,0,0,Node 03: Network 3
17499,2025-07-18,02,00,50,969559,1.085695,01,250,0,0,Node 01: Network 3
17500,2025-07-18,02,00,51,428484,0.458925,02,750,0,0,Node 02: Network 3
17501,2025-07-18,02,00,51,885654,0.45717,03,1250,0,0,Node 03: Network 3
17502,2025-07-18,02,00,52,972438,1.086784,01,250,0,0,Node 01: Network 3
17503,2025-07-18,02,00,53,518041,0.545603,02,750,0,0,Node 02: Network 3
17504,2025-07-18,02,00,54,064021,0.54598,03,1250,0,0,Node 03: Network 3
17505,2025-07-18,02,00,54,561834,0.497813,BB,0,1,0,
17506,2025-07-18,02,00,56,565455,2.003621,BB,0,1,0,
17507,2025-07-18,02,00,56,626564,0.061109,02,1868,0,1,
17508,2025-07-18,02,00,56,639544,0.01298,01,1915,0,1,
17509,2025-07-18,02,00,56,708877,0.069333,03,1824,0,1,
17510,2025-07-18,02,00,56,882143,0.173266,01,250,0,0,Node 01: Network 3
17511,2025-07-18,02,00,57,381408,0.499265,02,750,0,0,Node 02: Network 3
17512,2025-07-18,02,00,57,927826,0.546418,03,1250,0,0,Node 03: Network 3
17513,2025-07-18,02,00,58,882406,0.95458,01,250,0,0,Node 01: Network 3
17514,2025-07-18,02,00,59,473038,0.590632,02,750,0,0,Node 02: Network 3
17515,2025-07-18,02,00,59,929615,0.456577,03,1250,0,0,Node 03: Network 3
17516,2025-07-18,02,01,00,882571,0.952956,01,250,0,0,Node 01: Network 3
17517,2025-07-18,02,01,01,474530,0.591959,02,750,0,0,Node 02: Network 3
17518,2025-07-18,02,01,01,931967,0.457437,03,1250,0,0,Node 03: Network 3
17519,2025-07-18,02,01,03,018578,1.086611,01,250,0,0,Node 01: Network 3
17520,2025-07-18,02,01,03,476988,0.45841,02,750,0,0,Node 02: Network 3
17521,2025-07-18,02,01,04,065437,0.588449,03,1250,0,0,Node 03: Network 3
17522,2025-07-18,02,01,05,020421,0.954984,01,250,0,0,Node 01: Network 3
17523,2025-07-18,02,01,05,480233,0.459812,02,750,0,0,Node 02: Network 3
17524,2025-07-18,02,01,06,067081,0.586848,03,1250,0,0,Node 03: Network 3
17525,2025-07-18,02,01,07,020450,0.953369,01,250,0,0,Node 01: Network 3
17526,2025-07-18,02,01,07,481679,0.461229,02,750,0,0,Node 02: Network 3
17527,2025-07-18,02,01,08,069394,0.587715,03,1250,0,0,Node 03: Network 3
17528,2025-07-18,02,01,09,022001,0.952607,01,250,0,0,Node 01: Network 3
17529,2025-07-18,02,01,09,614093,0.592092,02,750,0,0,Node 02: Network 3
17530,2025-07-18,02,01,10,071817,0.457724,03,1250,0,0,Node 03: Network 3
17531,2025-07-18,02,01,10,596885,0.525068,BB,0,1,0,
17532,2025-07-18,02,01,10,668912,0.072027,03,381,0,1,
17533,2025-07-18,02,01,12,601069,1.932157,BB,0,1,0,
17534,2025-07-18,02,01,12,661912,0.060843,01,1902,0,1,
17535,2025-07-18,02,01,12,674938,0.013026,03,383,0,1,
17536,2025-07-18,02,01,12,688648,0.01371,02,1808,0,1,
17537,2025-07-18,02,01,12,916293,0.227645,01,250,0,0,Node 01: Network 3
17538,2025-07-18,02,01,13,419045,0.502752,02,750,0,0,Node 02: Network 3
17539,2025-07-18,02,01,13,920308,0.501263,03,1251,0,0,Node 03: Network 3
17540,2025-07-18,02,01,14,919230,0.998922,01,250,0,0,Node 01: Network 3
17541,2025-07-18,02,01,15,420351,0.501121,02,750,0,0,Node 02: Network 3
17542,2025-07-18,02,01,15,922287,0.501936,03,1250,0,0,Node 03: Network 3
17543,2025-07-18,02,01,16,919383,0.997096,01,250,0,0,Node 01: Network 3
17544,2025-07-18,02,01,17,466627,0.547244,02,750,0,0,Node 02: Network 3
17545,2025-07-18,02,01,17,925393,0.458766,03,1250,0,0,Node 03: Network 3
17546,2025-07-18,02,01,18,919164,0.993771,01,250,0,0,Node 01: Network 3
17547,2025-07-18,02,01,19,468267,0.549103,02,750,0,0,Node 02: Network 3
17548,2025-07-18,02,01,19,927331,0.459064,03,1250,0,0,Node 03: Network 3
17549,2025-07-18,02,01,20,920686,0.993355,01,250,0,0,Node 01: Network 3
17550,2025-07-18,02,01,21,471823,0.551137,02,750,0,0,Node 02: Network 3
17551,2025-07-18,02,01,21,928707,0.456884,03,1250,0,0,Node 03: Network 3
17552,2025-07-18,02,01,22,921539,0.992832,01,250,0,0,Node 01: Network 3
17553,2025-07-18,02,01,23,473796,0.552257,02,750,0,0,Node 02: Network 3
17554,2025-07-18,02,01,23,931358,0.457562,03,1250,0,0,Node 03: Network 3
17555,2025-07-18,02,01,24,921432,0.990074,01,250,0,0,Node 01: Network 3
17556,2025-07-18,02,01,25,475499,0.554067,02,750,0,0,Node 02: Network 3
17557,2025-07-18,02,01,25,933190,0.457691,03,1250,0,0,Node 03: Network 3
17558,2025-07-18,02,01,26,922864,0.989674,01,250,0,0,Node 01: Network 3
17559,2025-07-18,02,01,27,478176,0.555312,02,750,0,0,Node 02: Network 3
17560,2025-07-18,02,01,27,935356,0.45718,03,1250,0,0,Node 03: Network 3
17561,2025-07-18,02,01,28,923116,0.98776,01,250,0,0,Node 01: Network 3
17562,2025-07-18,02,01,29,480520,0.557404,02,750,0,0,Node 02: Network 3
17563,2025-07-18,02,01,29,938778,0.458258,03,1251,0,0,Node 03: Network 3
17564,2025-07-18,02,01,30,924483,0.985705,01,250,0,0,Node 01: Network 3
17565,2025-07-18,02,01,31,482111,0.557628,02,750,0,0,Node 02: Network 3
17566,2025-07-18,02,01,31,939906,0.457795,03,1250,0,0,Node 03: Network 3
17567,2025-07-18,02,01,32,925291,0.985385,01,250,0,0,Node 01: Network 3
17568,2025-07-18,02,01,33,485501,0.56021,02,750,0,0,Node 02: Network 3
17569,2025-07-18,02,01,33,943168,0.457667,03,1250,0,0,Node 03: Network 3
17570,2025-07-18,02,01,34,925355,0.982187,01,250,0,0,Node 01: Network 3
17571,2025-07-18,02,01,35,487013,0.561658,02,750,0,0,Node 02: Network 3
17572,2025-07-18,02,01,35,943867,0.456854,03,1250,0,0,Node 03: Network 3
17573,2025-07-18,02,01,37,032548,1.088681,01,250,0,0,Node 01: Network 3
17574,2025-07-18,02,01,37,489914,0.457366,02,750,0,0,Node 02: Network 3
17575,2025-07-18,02,01,37,946517,0.456603,03,1250,0,0,Node 03: Network 3
17576,2025-07-18,02,01,39,034789,1.088272,01,250,0,0,Node 01: Network 3
17577,2025-07-18,02,01,39,490731,0.455942,02,750,0,0,Node 02: Network 3
17578,2025-07-18,02,01,39,948398,0.457667,03,1250,0,0,Node 03: Network 3
17579,2025-07-18,02,01,41,034964,1.086566,01,250,0,0,Node 01: Network 3
17580,2025-07-18,02,01,41,490924,0.45596,02,750,0,0,Node 02: Network 3
17581,2025-07-18,02,01,42,081027,0.590103,03,1250,0,0,Node 03: Network 3
17582,2025-07-18,02,01,43,035883,0.954856,01,250,0,0,Node 01: Network 3
17583,2025-07-18,02,01,43,494358,0.458475,02,750,0,0,Node 02: Network 3
17584,2025-07-18,02,01,44,082984,0.588626,03,1250,0,0,Node 03: Network 3
17585,2025-07-18,02,01,45,036786,0.953802,01,250,0,0,Node 01: Network 3
17586,2025-07-18,02,01,45,496364,0.459578,02,750,0,0,Node 02: Network 3
17587,2025-07-18,02,01,46,083985,0.587621,03,1250,0,0,Node 03: Network 3
17588,2025-07-18,02,01,47,128248,1.044263,01,250,0,0,Node 01: Network 3
17589,2025-07-18,02,01,47,498557,0.370309,02,750,0,0,Node 02: Network 3
17590,2025-07-18,02,01,48,176073,0.677516,03,1250,0,0,Node 03: Network 3
17591,2025-07-18,02,01,49,129317,0.953244,01,250,0,0,Node 01: Network 3
17592,2025-07-18,02,01,50,177852,1.048535,03,1250,0,0,Node 03: Network 3
17593,2025-07-18,02,01,51,219672,1.04182,01,250,0,0,Node 01: Network 3
17594,2025-07-18,02,01,51,722366,0.502694,02,750,0,0,Node 02: Network 3
17595,2025-07-18,02,01,51,887518,0.165152,BB,0,1,0,750:0:0:Node 02: Network 3
17596,2025-07-18,02,01,51,911975,0.024457,BB,0,1,0,
17597,2025-07-18,02,01,51,969370,0.057395,BB,0,1,0,02:518:0:1
17598,2025-07-18,02,01,51,991130,0.02176,01,519,0,1,562:0:1
17599,2025-07-18,02,01,52,004600,0.01347,01,1014,0,1,
17600,2025-07-18,02,01,52,036197,0.031597,03,971,0,1,
17601,2025-07-18,02,01,52,067559,0.031362,02,1012,0,1,
17602,2025-07-18,02,01,52,100611,0.033052,01,250,0,0,Node 01: Network 3
17603,2025-07-18,02,01,52,116138,0.015527,01,1558,0,1,
17604,2025-07-18,02,01,52,170653,0.054515,02,750,0,0,Node 02: Network 3
17605,2025-07-18,02,01,52,267754,0.097101,03,1709,0,1,
17606,2025-07-18,02,01,52,406796,0.139042,0,,0,0,01:250:0:0:Node 01: Network 3
17607,2025-07-18,02,01,52,439455,0.032659,01,250,0,0,Node 01: Network 3
17608,2025-07-18,02,01,52,584497,0.145042,03,1250,0,0,Node 03: Network 3
17609,2025-07-18,02,01,52,617883,0.033386,01,250,0,0,Node 01: Network 3
17610,2025-07-18,02,01,52,705828,0.087945,01,250,0,0,Node 01: Network 3
17611,2025-07-18,02,01,52,781357,0.075529,02,750,0,0,Node 02: Network 3
17612,2025-07-18,02,01,52,841335,0.059978,02,754,0,0,Node 02: Network 3
17613,2025-07-18,02,01,52,903265,0.06193,03,1250,0,0,Node 03: Network 3
17614,2025-07-18,02,01,52,935781,0.032516,01,250,0,0,Node 01: Network 3
17615,2025-07-18,02,01,52,949585,0.013804,BB,0,1,0,
17616,2025-07-18,02,01,53,038432,0.088847,02,750,0,0,Node 02: Network 3
17617,2025-07-18,02,01,53,166247,0.127815,03,1250,0,0,Node 03: Network 3
17618,2025-07-18,02,01,53,269383,0.103136,02,781,0,0,Node 02: Network 3
17619,2025-07-18,02,01,53,579787,0.310404,03,1250,0,0,Node 03: Network 3
17620,2025-07-18,02,01,54,578649,0.998862,01,250,0,0,Node 01: Network 3
17621,2025-07-18,02,01,54,694212,0.115563,BB,0,1,0,
17622,2025-07-18,02,01,54,739837,0.045625,01,282,0,1,
17623,2025-07-18,02,01,55,009659,0.269822,01,250,0,0,Node 01: Network 3
17624,2025-07-18,02,01,57,009784,2.000125,01,250,0,0,Node 01: Network 3
17625,2025-07-18,02,01,57,554501,0.544717,02,750,0,0,Node 02: Network 3
17626,2025-07-18,02,01,58,055836,0.501335,03,1250,0,0,Node 03: Network 3
17627,2025-07-18,02,01,59,011772,0.955936,01,250,0,0,Node 01: Network 3
17628,2025-07-18,02,01,59,555379,0.543607,02,750,0,0,Node 02: Network 3
17629,2025-07-18,02,02,00,058683,0.503304,03,1250,0,0,Node 03: Network 3
17630,2025-07-18,02,02,01,012452,0.953769,01,250,0,0,Node 01: Network 3
17631,2025-07-18,02,02,01,557589,0.545137,02,750,0,0,Node 02: Network 3
17632,2025-07-18,02,02,02,060995,0.503406,03,1250,0,0,Node 03: Network 3
17633,2025-07-18,02,02,03,101950,1.040955,01,250,0,0,Node 01: Network 3
17634,2025-07-18,02,02,03,560102,0.458152,02,750,0,0,Node 02: Network 3
17635,2025-07-18,02,02,04,063341,0.503239,03,1250,0,0,Node 03: Network 3
17636,2025-07-18,02,02,05,102317,1.038976,01,250,0,0,Node 01: Network 3
17637,2025-07-18,02,02,05,606633,0.504316,02,750,0,0,Node 02: Network 3
17638,2025-07-18,02,02,06,150469,0.543836,03,1250,0,0,Node 03: Network 3
17639,2025-07-18,02,02,07,151610,1.001141,01,250,0,0,Node 01: Network 3
17640,2025-07-18,02,02,07,609042,0.457432,02,750,0,0,Node 02: Network 3
17641,2025-07-18,02,02,08,153107,0.544065,03,1250,0,0,Node 03: Network 3
17642,2025-07-18,02,02,09,152138,0.999031,01,250,0,0,Node 01: Network 3
17643,2025-07-18,02,02,09,696492,0.544354,02,750,0,0,Node 02: Network 3
17644,2025-07-18,02,02,10,154654,0.458162,03,1250,0,0,Node 03: Network 3
17645,2025-07-18,02,02,11,152645,0.997991,01,250,0,0,Node 01: Network 3
17646,2025-07-18,02,02,11,699331,0.546686,02,750,0,0,Node 02: Network 3
17647,2025-07-18,02,02,12,155958,0.456627,03,1250,0,0,Node 03: Network 3
17648,2025-07-18,02,02,13,242720,1.086762,01,250,0,0,Node 01: Network 3
17649,2025-07-18,02,02,13,700730,0.45801,02,750,0,0,Node 02: Network 3
17650,2025-07-18,02,02,14,158830,0.4581,03,1250,0,0,Node 03: Network 3
17651,2025-07-18,02,02,14,737862,0.579032,BB,0,1,0,
17652,2025-07-18,02,02,14,805708,0.067846,03,452,0,1,
17653,2025-07-18,02,02,16,057383,1.251675,03,1250,0,0,Node 03: Network 3
17654,2025-07-18,02,02,17,100381,1.042998,01,250,0,0,Node 01: Network 3
17655,2025-07-18,02,02,17,617990,0.517609,02,750,0,0,Node 02: Network 3
17656,2025-07-18,02,02,18,059014,0.441024,03,1250,0,0,Node 03: Network 3
17657,2025-07-18,02,02,19,101685,1.042671,01,250,0,0,Node 01: Network 3
17658,2025-07-18,02,02,19,603386,0.501701,02,750,0,0,Node 02: Network 3
17659,2025-07-18,02,02,20,149951,0.546565,03,1250,0,0,Node 03: Network 3
17660,2025-07-18,02,02,21,101634,0.951683,01,250,0,0,Node 01: Network 3
17661,2025-07-18,02,02,21,605088,0.503454,02,750,0,0,Node 02: Network 3
17662,2025-07-18,02,02,22,148174,0.543086,03,1250,0,0,Node 03: Network 3
17663,2025-07-18,02,02,23,101770,0.953596,01,250,0,0,Node 01: Network 3
17664,2025-07-18,02,02,23,607010,0.50524,02,750,0,0,Node 02: Network 3
17665,2025-07-18,02,02,24,150401,0.543391,03,1250,0,0,Node 03: Network 3
17666,2025-07-18,02,02,25,104517,0.954116,01,250,0,0,Node 01: Network 3
17667,2025-07-18,02,02,25,694036,0.589519,02,750,0,0,Node 02: Network 3
17668,2025-07-18,02,02,26,150424,0.456388,03,1250,0,0,Node 03: Network 3
17669,2025-07-18,02,02,27,104070,0.953646,01,250,0,0,Node 01: Network 3
17670,2025-07-18,02,02,27,696294,0.592224,02,750,0,0,Node 02: Network 3
17671,2025-07-18,02,02,28,153812,0.457518,03,1250,0,0,Node 03: Network 3
17672,2025-07-18,02,02,29,104425,0.950613,01,250,0,0,Node 01: Network 3
17673,2025-07-18,02,02,29,698364,0.593939,02,750,0,0,Node 02: Network 3
17674,2025-07-18,02,02,30,155802,0.457438,03,1250,0,0,Node 03: Network 3
17675,2025-07-18,02,02,31,106171,0.950369,01,250,0,0,Node 01: Network 3
17676,2025-07-18,02,02,31,700849,0.594678,02,750,0,0,Node 02: Network 3
17677,2025-07-18,02,02,32,157382,0.456533,03,1250,0,0,Node 03: Network 3
17678,2025-07-18,02,02,33,107218,0.949836,01,250,0,0,Node 01: Network 3
17679,2025-07-18,02,02,33,702326,0.595108,02,750,0,0,Node 02: Network 3
17680,2025-07-18,02,02,34,159079,0.456753,03,1250,0,0,Node 03: Network 3
17681,2025-07-18,02,02,35,107164,0.948085,01,250,0,0,Node 01: Network 3
17682,2025-07-18,02,02,35,704229,0.597065,02,750,0,0,Node 02: Network 3
17683,2025-07-18,02,02,36,162109,0.45788,03,1250,0,0,Node 03: Network 3
17684,2025-07-18,02,02,37,247785,1.085676,01,250,0,0,Node 01: Network 3
17685,2025-07-18,02,02,37,706594,0.458809,02,750,0,0,Node 02: Network 3
17686,2025-07-18,02,02,38,163920,0.457326,03,1250,0,0,Node 03: Network 3
17687,2025-07-18,02,02,39,249039,1.085119,01,250,0,0,Node 01: Network 3
17688,2025-07-18,02,02,39,708203,0.459164,02,750,0,0,Node 02: Network 3
17689,2025-07-18,02,02,40,166052,0.457849,03,1250,0,0,Node 03: Network 3
17690,2025-07-18,02,02,41,252885,1.086833,01,250,0,0,Node 01: Network 3
17691,2025-07-18,02,02,41,709384,0.456499,02,750,0,0,Node 02: Network 3
17692,2025-07-18,02,02,42,300256,0.590872,03,1250,0,0,Node 03: Network 3
17693,2025-07-18,02,02,43,252799,0.952543,01,250,0,0,Node 01: Network 3
17694,2025-07-18,02,02,43,843740,0.590941,02,750,0,0,Node 02: Network 3
17695,2025-07-18,02,02,44,302170,0.45843,03,1251,0,0,Node 03: Network 3
17696,2025-07-18,02,02,44,803469,0.501299,BB,0,1,0,
17697,2025-07-18,02,02,46,808561,2.005092,BB,0,1,0,
17698,2025-07-18,02,02,46,855135,0.046574,02,1785,0,1,
17699,2025-07-18,02,02,46,891757,0.036622,03,1829,0,1,
17700,2025-07-18,02,02,46,908932,0.017175,01,1876,0,1,
17701,2025-07-18,02,02,47,124181,0.215249,01,250,0,0,Node 01: Network 3
17702,2025-07-18,02,02,47,625125,0.500944,02,750,0,0,Node 02: Network 3
17703,2025-07-18,02,02,48,127458,0.502333,03,1250,0,0,Node 03: Network 3
17704,2025-07-18,02,02,49,124424,0.996966,01,250,0,0,Node 01: Network 3
17705,2025-07-18,02,02,49,626976,0.502552,02,750,0,0,Node 02: Network 3
17706,2025-07-18,02,02,50,129148,0.502172,03,1250,0,0,Node 03: Network 3
17707,2025-07-18,02,02,51,170686,1.041538,01,250,0,0,Node 01: Network 3
17708,2025-07-18,02,02,51,628815,0.458129,02,750,0,0,Node 02: Network 3
17709,2025-07-18,02,02,52,131985,0.50317,03,1250,0,0,Node 03: Network 3
17710,2025-07-18,02,02,53,171307,1.039322,01,250,0,0,Node 01: Network 3
17711,2025-07-18,02,02,53,630569,0.459262,02,750,0,0,Node 02: Network 3
17712,2025-07-18,02,02,54,133766,0.503197,03,1250,0,0,Node 03: Network 3
17713,2025-07-18,02,02,55,171331,1.037565,01,250,0,0,Node 01: Network 3
17714,2025-07-18,02,02,55,633539,0.462208,02,751,0,0,Node 02: Network 3
17715,2025-07-18,02,02,56,134741,0.501202,03,1250,0,0,Node 03: Network 3
17716,2025-07-18,02,02,57,172502,1.037761,01,250,0,0,Node 01: Network 3
17717,2025-07-18,02,02,57,635113,0.462611,02,750,0,0,Node 02: Network 3
17718,2025-07-18,02,02,58,139200,0.504087,03,1250,0,0,Node 03: Network 3
17719,2025-07-18,02,02,59,172904,1.033704,01,250,0,0,Node 01: Network 3
17720,2025-07-18,02,02,59,682975,0.510071,02,750,0,0,Node 02: Network 3
17721,2025-07-18,02,03,00,141009,0.458034,03,1250,0,0,Node 03: Network 3
17722,2025-07-18,02,03,01,184394,1.043385,01,250,0,0,Node 01: Network 3
17723,2025-07-18,02,03,01,685094,0.5007,02,750,0,0,Node 02: Network 3
17724,2025-07-18,02,03,02,142502,0.457408,03,1250,0,0,Node 03: Network 3
17725,2025-07-18,02,03,03,184895,1.042393,01,250,0,0,Node 01: Network 3
17726,2025-07-18,02,03,03,686280,0.501385,02,750,0,0,Node 02: Network 3
17727,2025-07-18,02,03,04,232542,0.546262,03,1250,0,0,Node 03: Network 3
17728,2025-07-18,02,03,05,185242,0.9527,01,250,0,0,Node 01: Network 3
17729,2025-07-18,02,03,05,688497,0.503255,02,750,0,0,Node 02: Network 3
17730,2025-07-18,02,03,06,233888,0.545391,03,1250,0,0,Node 03: Network 3
17731,2025-07-18,02,03,07,186140,0.952252,01,250,0,0,Node 01: Network 3
17732,2025-07-18,02,03,07,778685,0.592545,02,750,0,0,Node 02: Network 3
17733,2025-07-18,02,03,08,236084,0.457399,03,1250,0,0,Node 03: Network 3
17734,2025-07-18,02,03,09,186751,0.950667,01,250,0,0,Node 01: Network 3
17735,2025-07-18,02,03,09,780587,0.593836,02,750,0,0,Node 02: Network 3
17736,2025-07-18,02,03,10,238503,0.457916,03,1250,0,0,Node 03: Network 3
17737,2025-07-18,02,03,11,188819,0.950316,01,250,0,0,Node 01: Network 3
17738,2025-07-18,02,03,11,783318,0.594499,02,750,0,0,Node 02: Network 3
17739,2025-07-18,02,03,12,240074,0.456756,03,1250,0,0,Node 03: Network 3
17740,2025-07-18,02,03,13,189201,0.949127,01,250,0,0,Node 01: Network 3
17741,2025-07-18,02,03,13,785028,0.595827,02,750,0,0,Node 02: Network 3
17742,2025-07-18,02,03,14,331045,0.546017,03,1250,0,0,Node 03: Network 3
17743,2025-07-18,02,03,15,188720,0.857675,01,250,0,0,Node 01: Network 3
17744,2025-07-18,02,03,15,787421,0.598701,02,750,0,0,Node 02: Network 3
17745,2025-07-18,02,03,16,334513,0.547092,03,1250,0,0,Node 03: Network 3
17746,2025-07-18,02,03,17,190344,0.855831,01,250,0,0,Node 01: Network 3
17747,2025-07-18,02,03,17,733985,0.543641,02,750,0,0,Node 02: Network 3
17748,2025-07-18,02,03,18,336889,0.602904,03,1250,0,0,Node 03: Network 3
17749,2025-07-18,02,03,19,190897,0.854008,01,250,0,0,Node 01: Network 3
17750,2025-07-18,02,03,19,881506,0.690609,02,750,0,0,Node 02: Network 3
17751,2025-07-18,02,03,20,338527,0.457021,03,1250,0,0,Node 03: Network 3
17752,2025-07-18,02,03,21,425440,1.086913,01,250,0,0,Node 01: Network 3
17753,2025-07-18,02,03,21,883460,0.45802,02,750,0,0,Node 02: Network 3
17754,2025-07-18,02,03,22,473172,0.589712,03,1250,0,0,Node 03: Network 3
17755,2025-07-18,02,03,22,887532,0.41436,BB,0,1,0,
17756,2025-07-18,02,03,24,891803,2.004271,BB,0,1,0,
17757,2025-07-18,02,03,24,953950,0.062147,03,1742,0,1,
17758,2025-07-18,02,03,24,968651,0.014701,02,1696,0,1,
17759,2025-07-18,02,03,24,993927,0.025276,01,1787,0,1,
17760,2025-07-18,02,03,25,206542,0.212615,01,250,0,0,Node 01: Network 3
17761,2025-07-18,02,03,25,707224,0.500682,02,750,0,0,Node 02: Network 3
17762,2025-07-18,02,03,26,209526,0.502302,03,1250,0,0,Node 03: Network 3
17763,2025-07-18,02,03,27,207376,0.99785,01,250,0,0,Node 01: Network 3
17764,2025-07-18,02,03,27,753280,0.545904,02,750,0,0,Node 02: Network 3
17765,2025-07-18,02,03,28,211370,0.45809,03,1250,0,0,Node 03: Network 3
17766,2025-07-18,02,03,29,207623,0.996253,01,250,0,0,Node 01: Network 3
17767,2025-07-18,02,03,29,753828,0.546205,02,750,0,0,Node 02: Network 3
17768,2025-07-18,02,03,30,214827,0.460999,03,1250,0,0,Node 03: Network 3
17769,2025-07-18,02,03,31,297696,1.082869,01,250,0,0,Node 01: Network 3
17770,2025-07-18,02,03,31,756119,0.458423,02,750,0,0,Node 02: Network 3
17771,2025-07-18,02,03,32,216855,0.460736,03,1250,0,0,Node 03: Network 3
17772,2025-07-18,02,03,33,298951,1.082096,01,251,0,0,Node 01: Network 3
17773,2025-07-18,02,03,33,758083,0.459132,02,750,0,0,Node 02: Network 3
17774,2025-07-18,02,03,34,218137,0.460054,03,1250,0,0,Node 03: Network 3
17775,2025-07-18,02,03,35,300220,1.082083,01,250,0,0,Node 01: Network 3
17776,2025-07-18,02,03,35,759518,0.459298,02,750,0,0,Node 02: Network 3
17777,2025-07-18,02,03,36,221363,0.461845,03,1250,0,0,Node 03: Network 3
17778,2025-07-18,02,03,37,304006,1.082643,01,250,0,0,Node 01: Network 3
17779,2025-07-18,02,03,37,761687,0.457681,02,750,0,0,Node 02: Network 3
17780,2025-07-18,02,03,38,222685,0.460998,03,1250,0,0,Node 03: Network 3
17781,2025-07-18,02,03,39,305542,1.082857,01,250,0,0,Node 01: Network 3
17782,2025-07-18,02,03,39,762832,0.45729,02,750,0,0,Node 02: Network 3
17783,2025-07-18,02,03,40,224941,0.462109,03,1250,0,0,Node 03: Network 3
17784,2025-07-18,02,03,41,307050,1.082109,01,250,0,0,Node 01: Network 3
17785,2025-07-18,02,03,41,765104,0.458054,02,750,0,0,Node 02: Network 3
17786,2025-07-18,02,03,42,227042,0.461938,03,1250,0,0,Node 03: Network 3
17787,2025-07-18,02,03,43,308159,1.081117,01,250,0,0,Node 01: Network 3
17788,2025-07-18,02,03,43,767092,0.458933,02,750,0,0,Node 02: Network 3
17789,2025-07-18,02,03,44,228708,0.461616,03,1250,0,0,Node 03: Network 3
17790,2025-07-18,02,03,45,310866,1.082158,01,250,0,0,Node 01: Network 3
17791,2025-07-18,02,03,45,856068,0.545202,02,750,0,0,Node 02: Network 3
17792,2025-07-18,02,03,46,357565,0.501497,03,1250,0,0,Node 03: Network 3
17793,2025-07-18,02,03,47,400250,1.042685,01,250,0,0,Node 01: Network 3
17794,2025-07-18,02,03,47,857803,0.457553,02,750,0,0,Node 02: Network 3
17795,2025-07-18,02,03,48,360672,0.502869,03,1250,0,0,Node 03: Network 3
17796,2025-07-18,02,03,49,400087,1.039415,01,250,0,0,Node 01: Network 3
17797,2025-07-18,02,03,49,859348,0.459261,02,750,0,0,Node 02: Network 3
17798,2025-07-18,02,03,50,361833,0.502485,03,1250,0,0,Node 03: Network 3
17799,2025-07-18,02,03,51,400654,1.038821,01,250,0,0,Node 01: Network 3
17800,2025-07-18,02,03,51,906879,0.506225,02,750,0,0,Node 02: Network 3
17801,2025-07-18,02,03,52,460227,0.553348,03,1250,0,0,Node 03: Network 3
17802,2025-07-18,02,03,52,502095,0.041868,02,613,0,1,
17803,2025-07-18,02,03,52,952891,0.450796,BB,0,1,0,
17804,2025-07-18,02,03,53,018159,0.065268,01,1874,0,1,
17805,2025-07-18,02,03,53,269551,0.251392,01,250,0,0,Node 01: Network 3
17806,2025-07-18,02,03,53,813005,0.543454,02,750,0,0,Node 02: Network 3
17807,2025-07-18,02,03,54,316217,0.503212,03,1250,0,0,Node 03: Network 3
17808,2025-07-18,02,03,55,270001,0.953784,01,250,0,0,Node 01: Network 3
17809,2025-07-18,02,03,55,814959,0.544958,02,750,0,0,Node 02: Network 3
17810,2025-07-18,02,03,56,316645,0.501686,03,1251,0,0,Node 03: Network 3
17811,2025-07-18,02,03,57,269102,0.952457,01,250,0,0,Node 01: Network 3
17812,2025-07-18,02,03,57,817672,0.54857,02,750,0,0,Node 02: Network 3
17813,2025-07-18,02,03,58,319782,0.50211,03,1250,0,0,Node 03: Network 3
17814,2025-07-18,02,03,59,102277,0.782495,BB,0,1,0,
17815,2025-07-18,02,03,59,150615,0.048338,BB,0,1,0,01:282:0:1
17816,2025-07-18,02,03,59,216584,0.065969,01,250,0,0,Node 01: Network 3
17817,2025-07-18,02,03,59,229602,0.013018,03,156,0,1,
17818,2025-07-18,02,03,59,266658,0.037056,02,154,0,1,
17819,2025-07-18,02,03,59,325436,0.058778,01,202,0,1,
17820,2025-07-18,02,03,59,371727,0.046291,02,750,0,0,Node 02: Network 3
17821,2025-07-18,02,03,59,444256,0.072529,02,754,0,0,Node 02: Network 3
17822,2025-07-18,02,03,59,546498,0.102242,01,250,0,0,Node 01: Network 3
17823,2025-07-18,02,03,59,579538,0.03304,02,781,0,0,Node 02: Network 3
17824,2025-07-18,02,03,59,685197,0.105659,03,1250,0,0,Node 03: Network 3
17825,2025-07-18,02,03,59,761969,0.076772,01,250,0,0,Node 01: Network 3
17826,2025-07-18,02,03,59,798495,0.036526,01,250,0,0,Node 01: Network 3
17827,2025-07-18,02,03,59,834820,0.036325,01,250,0,0,Node 01: Network 3
17828,2025-07-18,02,03,59,948089,0.113269,02,750,0,0,Node 02: Network 3
17829,2025-07-18,02,03,59,988653,0.040564,03,1250,0,0,Node 03: Network 3
17830,2025-07-18,02,04,00,066227,0.077574,01,250,0,0,Node 01: Network 3
17831,2025-07-18,02,04,00,136050,0.069823,02,750,0,0,Node 02: Network 3
17832,2025-07-18,02,04,00,456751,0.320701,03,1250,0,0,Node 03: Network 3
17833,2025-07-18,02,04,00,983277,0.526526,01,250,0,0,Node 01: Network 3
17834,2025-07-18,02,04,01,023339,0.040062,BB,0,1,0,
17835,2025-07-18,02,04,01,081755,0.058416,01,566,0,1,
17836,2025-07-18,02,04,01,339281,0.257526,01,250,0,0,Node 01: Network 3
17837,2025-07-18,02,04,01,883024,0.543743,02,750,0,0,Node 02: Network 3
17838,2025-07-18,02,04,02,385695,0.502671,03,1250,0,0,Node 03: Network 3
17839,2025-07-18,02,04,03,340811,0.955116,01,250,0,0,Node 01: Network 3
17840,2025-07-18,02,04,03,885338,0.544527,02,750,0,0,Node 02: Network 3
17841,2025-07-18,02,04,04,388623,0.503285,03,1250,0,0,Node 03: Network 3
17842,2025-07-18,02,04,05,340557,0.951934,01,250,0,0,Node 01: Network 3
17843,2025-07-18,02,04,05,888001,0.547444,02,750,0,0,Node 02: Network 3
17844,2025-07-18,02,04,06,391599,0.503598,03,1250,0,0,Node 03: Network 3
17845,2025-07-18,02,04,07,432869,1.04127,01,250,0,0,Node 01: Network 3
17846,2025-07-18,02,04,07,889988,0.457119,02,750,0,0,Node 02: Network 3
17847,2025-07-18,02,04,08,436648,0.54666,03,1250,0,0,Node 03: Network 3
17848,2025-07-18,02,04,09,432696,0.996048,01,250,0,0,Node 01: Network 3
17849,2025-07-18,02,04,09,980705,0.548009,02,750,0,0,Node 02: Network 3
17850,2025-07-18,02,04,10,438609,0.457904,03,1250,0,0,Node 03: Network 3
17851,2025-07-18,02,04,11,433626,0.995017,01,250,0,0,Node 01: Network 3
17852,2025-07-18,02,04,11,982711,0.549085,02,750,0,0,Node 02: Network 3
17853,2025-07-18,02,04,12,441611,0.4589,03,1250,0,0,Node 03: Network 3
17854,2025-07-18,02,04,13,527582,1.085971,01,250,0,0,Node 01: Network 3
17855,2025-07-18,02,04,13,984782,0.4572,02,750,0,0,Node 02: Network 3
17856,2025-07-18,02,04,14,442792,0.45801,03,1250,0,0,Node 03: Network 3
17857,2025-07-18,02,04,15,000681,0.557889,BB,0,1,0,
17858,2025-07-18,02,04,17,005638,2.004957,BB,0,1,0,
17859,2025-07-18,02,04,17,069525,0.063887,02,1840,0,1,
17860,2025-07-18,02,04,17,082842,0.013317,01,1800,0,1,
17861,2025-07-18,02,04,17,146661,0.063819,03,1885,0,1,
17862,2025-07-18,02,04,17,321252,0.174591,01,250,0,0,Node 01: Network 3
17863,2025-07-18,02,04,17,821506,0.500254,02,750,0,0,Node 02: Network 3
17864,2025-07-18,02,04,18,367534,0.546028,03,1250,0,0,Node 03: Network 3
17865,2025-07-18,02,04,19,321312,0.953778,01,250,0,0,Node 01: Network 3
17866,2025-07-18,02,04,19,823758,0.502446,02,750,0,0,Node 02: Network 3
17867,2025-07-18,02,04,21,322446,1.498688,01,250,0,0,Node 01: Network 3
17868,2025-07-18,02,04,21,825715,0.503269,02,750,0,0,Node 02: Network 3
17869,2025-07-18,02,04,22,369754,0.544039,03,1250,0,0,Node 03: Network 3
17870,2025-07-18,02,04,23,323606,0.953852,01,250,0,0,Node 01: Network 3
17871,2025-07-18,02,04,23,828054,0.504448,02,750,0,0,Node 02: Network 3
17872,2025-07-18,02,04,24,372824,0.54477,03,1250,0,0,Node 03: Network 3
17873,2025-07-18,02,04,25,325588,0.952764,01,250,0,0,Node 01: Network 3
17874,2025-07-18,02,04,25,917337,0.591749,02,750,0,0,Node 02: Network 3
17875,2025-07-18,02,04,26,374736,0.457399,03,1250,0,0,Node 03: Network 3
17876,2025-07-18,02,04,27,919624,1.544888,02,750,0,0,Node 02: Network 3
17877,2025-07-18,02,04,28,375979,0.456355,03,1250,0,0,Node 03: Network 3
17878,2025-07-18,02,04,29,463940,1.087961,01,250,0,0,Node 01: Network 3
17879,2025-07-18,02,04,29,921520,0.45758,02,750,0,0,Node 02: Network 3
17880,2025-07-18,02,04,30,378107,0.456587,03,1250,0,0,Node 03: Network 3
17881,2025-07-18,02,04,31,465937,1.08783,01,250,0,0,Node 01: Network 3
17882,2025-07-18,02,04,31,923117,0.45718,02,750,0,0,Node 02: Network 3
17883,2025-07-18,02,04,32,381615,0.458498,03,1250,0,0,Node 03: Network 3
17884,2025-07-18,02,04,33,468527,1.086912,01,250,0,0,Node 01: Network 3
17885,2025-07-18,02,04,33,925266,0.456739,02,750,0,0,Node 02: Network 3
17886,2025-07-18,02,04,34,383166,0.4579,03,1250,0,0,Node 03: Network 3
17887,2025-07-18,02,04,35,468725,1.085559,01,250,0,0,Node 01: Network 3
17888,2025-07-18,02,04,35,926378,0.457653,02,750,0,0,Node 02: Network 3
17889,2025-07-18,02,04,36,384137,0.457759,03,1250,0,0,Node 03: Network 3
17890,2025-07-18,02,04,37,469098,1.084961,01,250,0,0,Node 01: Network 3
17891,2025-07-18,02,04,37,927194,0.458096,02,750,0,0,Node 02: Network 3
17892,2025-07-18,02,04,38,387299,0.460105,03,1250,0,0,Node 03: Network 3
17893,2025-07-18,02,04,39,468324,1.081025,01,250,0,0,Node 01: Network 3
17894,2025-07-18,02,04,39,930017,0.461693,02,751,0,0,Node 02: Network 3
17895,2025-07-18,02,04,40,389908,0.459891,03,1250,0,0,Node 03: Network 3
17896,2025-07-18,02,04,41,470599,1.080691,01,250,0,0,Node 01: Network 3
17897,2025-07-18,02,04,41,932377,0.461778,02,750,0,0,Node 02: Network 3
17898,2025-07-18,02,04,42,517829,0.585452,03,1250,0,0,Node 03: Network 3
17899,2025-07-18,02,04,43,470559,0.95273,01,250,0,0,Node 01: Network 3
17900,2025-07-18,02,04,43,934403,0.463844,02,750,0,0,Node 02: Network 3
17901,2025-07-18,02,04,44,520193,0.58579,03,1250,0,0,Node 03: Network 3
17902,2025-07-18,02,04,45,472347,0.952154,01,250,0,0,Node 01: Network 3
17903,2025-07-18,02,04,45,936096,0.463749,02,750,0,0,Node 02: Network 3
17904,2025-07-18,02,04,46,522444,0.586348,03,1250,0,0,Node 03: Network 3
17905,2025-07-18,02,04,47,480095,0.957651,01,250,0,0,Node 01: Network 3
17906,2025-07-18,02,04,47,937861,0.457766,02,750,0,0,Node 02: Network 3
17907,2025-07-18,02,04,48,526970,0.589109,03,1250,0,0,Node 03: Network 3
17908,2025-07-18,02,04,49,480138,0.953168,01,250,0,0,Node 01: Network 3
17909,2025-07-18,02,04,49,940892,0.460754,02,750,0,0,Node 02: Network 3
17910,2025-07-18,02,04,50,528613,0.587721,03,1250,0,0,Node 03: Network 3
17911,2025-07-18,02,04,51,481314,0.952701,01,250,0,0,Node 01: Network 3
17912,2025-07-18,02,04,51,942355,0.461041,02,750,0,0,Node 02: Network 3
17913,2025-07-18,02,04,52,530429,0.588074,03,1250,0,0,Node 03: Network 3
17914,2025-07-18,02,04,53,486833,0.956404,01,250,0,0,Node 01: Network 3
17915,2025-07-18,02,04,53,944180,0.457347,02,750,0,0,Node 02: Network 3
17916,2025-07-18,02,04,54,534663,0.590483,03,1251,0,0,Node 03: Network 3
17917,2025-07-18,02,04,55,488227,0.953564,01,250,0,0,Node 01: Network 3
17918,2025-07-18,02,04,55,947070,0.458843,02,751,0,0,Node 02: Network 3
17919,2025-07-18,02,04,56,535909,0.588839,03,1250,0,0,Node 03: Network 3
17920,2025-07-18,02,04,57,489734,0.953825,01,250,0,0,Node 01: Network 3
17921,2025-07-18,02,04,57,948563,0.458829,02,750,0,0,Node 02: Network 3
17922,2025-07-18,02,04,58,537673,0.58911,03,1250,0,0,Node 03: Network 3
17923,2025-07-18,02,04,59,490159,0.952486,01,250,0,0,Node 01: Network 3
17924,2025-07-18,02,04,59,950296,0.460137,02,750,0,0,Node 02: Network 3
17925,2025-07-18,02,05,00,538915,0.588619,03,1250,0,0,Node 03: Network 3
17926,2025-07-18,02,05,01,495921,0.957006,01,250,0,0,Node 01: Network 3
17927,2025-07-18,02,05,01,951671,0.45575,02,750,0,0,Node 02: Network 3
17928,2025-07-18,02,05,02,541799,0.590128,03,1250,0,0,Node 03: Network 3
17929,2025-07-18,02,05,03,495924,0.954125,01,250,0,0,Node 01: Network 3
17930,2025-07-18,02,05,03,954136,0.458212,02,750,0,0,Node 02: Network 3
17931,2025-07-18,02,05,04,543884,0.589748,03,1250,0,0,Node 03: Network 3
17932,2025-07-18,02,05,05,497855,0.953971,01,250,0,0,Node 01: Network 3
17933,2025-07-18,02,05,05,956515,0.45866,02,750,0,0,Node 02: Network 3
17934,2025-07-18,02,05,06,545069,0.588554,03,1250,0,0,Node 03: Network 3
17935,2025-07-18,02,05,07,498094,0.953025,01,250,0,0,Node 01: Network 3
17936,2025-07-18,02,05,07,958476,0.460382,02,750,0,0,Node 02: Network 3
17937,2025-07-18,02,05,08,548425,0.589949,03,1250,0,0,Node 03: Network 3
17938,2025-07-18,02,05,09,500465,0.95204,01,250,0,0,Node 01: Network 3
17939,2025-07-18,02,05,09,960133,0.459668,02,750,0,0,Node 02: Network 3
17940,2025-07-18,02,05,10,550838,0.590705,03,1250,0,0,Node 03: Network 3
17941,2025-07-18,02,05,11,500468,0.94963,01,250,0,0,Node 01: Network 3
17942,2025-07-18,02,05,11,963406,0.462938,02,751,0,0,Node 02: Network 3
17943,2025-07-18,02,05,12,553038,0.589632,03,1250,0,0,Node 03: Network 3
17944,2025-07-18,02,05,13,500709,0.947671,01,250,0,0,Node 01: Network 3
17945,2025-07-18,02,05,13,964255,0.463546,02,750,0,0,Node 02: Network 3
17946,2025-07-18,02,05,14,548727,0.584472,03,1250,0,0,Node 03: Network 3
17947,2025-07-18,02,05,15,502268,0.953541,01,250,0,0,Node 01: Network 3
17948,2025-07-18,02,05,15,966357,0.464089,02,750,0,0,Node 02: Network 3
17949,2025-07-18,02,05,16,550559,0.584202,03,1250,0,0,Node 03: Network 3
17950,2025-07-18,02,05,17,501879,0.95132,01,250,0,0,Node 01: Network 3
17951,2025-07-18,02,05,17,968355,0.466476,02,750,0,0,Node 02: Network 3
17952,2025-07-18,02,05,18,549294,0.580939,03,1250,0,0,Node 03: Network 3
17953,2025-07-18,02,05,19,502334,0.95304,01,250,0,0,Node 01: Network 3
17954,2025-07-18,02,05,19,970837,0.468503,02,750,0,0,Node 02: Network 3
17955,2025-07-18,02,05,20,550480,0.579643,03,1250,0,0,Node 03: Network 3
17956,2025-07-18,02,05,21,504155,0.953675,01,250,0,0,Node 01: Network 3
17957,2025-07-18,02,05,21,972305,0.46815,02,750,0,0,Node 02: Network 3
17958,2025-07-18,02,05,22,554584,0.582279,03,1250,0,0,Node 03: Network 3
17959,2025-07-18,02,05,23,516825,0.962241,01,250,0,0,Node 01: Network 3
17960,2025-07-18,02,05,23,974712,0.457887,02,750,0,0,Node 02: Network 3
17961,2025-07-18,02,05,24,556369,0.581657,03,1250,0,0,Node 03: Network 3
17962,2025-07-18,02,05,25,518311,0.961942,01,250,0,0,Node 01: Network 3
17963,2025-07-18,02,05,25,976203,0.457892,02,750,0,0,Node 02: Network 3
17964,2025-07-18,02,05,26,557726,0.581523,03,1250,0,0,Node 03: Network 3
17965,2025-07-18,02,05,27,519591,0.961865,01,250,0,0,Node 01: Network 3
17966,2025-07-18,02,05,27,978240,0.458649,02,751,0,0,Node 02: Network 3
17967,2025-07-18,02,05,28,561092,0.582852,03,1250,0,0,Node 03: Network 3
17968,2025-07-18,02,05,29,521871,0.960779,01,250,0,0,Node 01: Network 3
17969,2025-07-18,02,05,29,980969,0.459098,02,750,0,0,Node 02: Network 3
17970,2025-07-18,02,05,30,562581,0.581612,03,1250,0,0,Node 03: Network 3
17971,2025-07-18,02,05,31,521963,0.959382,01,250,0,0,Node 01: Network 3
17972,2025-07-18,02,05,31,983163,0.4612,02,750,0,0,Node 02: Network 3
17973,2025-07-18,02,05,32,564029,0.580866,03,1250,0,0,Node 03: Network 3
17974,2025-07-18,02,05,33,522177,0.958148,01,250,0,0,Node 01: Network 3
17975,2025-07-18,02,05,33,984490,0.462313,02,750,0,0,Node 02: Network 3
17976,2025-07-18,02,05,34,530217,0.545727,03,1250,0,0,Node 03: Network 3
17977,2025-07-18,02,05,35,523129,0.992912,01,250,0,0,Node 01: Network 3
17978,2025-07-18,02,05,35,986549,0.46342,02,750,0,0,Node 02: Network 3
17979,2025-07-18,02,05,36,569175,0.582626,03,1250,0,0,Node 03: Network 3
17980,2025-07-18,02,05,37,522375,0.9532,01,250,0,0,Node 01: Network 3
17981,2025-07-18,02,05,37,987601,0.465226,02,750,0,0,Node 02: Network 3
17982,2025-07-18,02,05,38,571687,0.584086,03,1251,0,0,Node 03: Network 3
17983,2025-07-18,02,05,39,524496,0.952809,01,250,0,0,Node 01: Network 3
17984,2025-07-18,02,05,40,574381,1.049885,03,1250,0,0,Node 03: Network 3
17985,2025-07-18,02,05,41,525336,0.950955,01,250,0,0,Node 01: Network 3
17986,2025-07-18,02,05,42,118491,0.593155,02,750,0,0,Node 02: Network 3
17987,2025-07-18,02,05,42,576242,0.457751,03,1250,0,0,Node 03: Network 3
17988,2025-07-18,02,05,43,525284,0.949042,01,250,0,0,Node 01: Network 3
17989,2025-07-18,02,05,44,120837,0.595553,02,750,0,0,Node 02: Network 3
17990,2025-07-18,02,05,44,579343,0.458506,03,1250,0,0,Node 03: Network 3
17991,2025-07-18,02,05,45,664885,1.085542,01,250,0,0,Node 01: Network 3
17992,2025-07-18,02,05,46,123228,0.458343,02,750,0,0,Node 02: Network 3
17993,2025-07-18,02,05,46,580869,0.457641,03,1250,0,0,Node 03: Network 3
17994,2025-07-18,02,05,47,665104,1.084235,01,250,0,0,Node 01: Network 3
17995,2025-07-18,02,05,48,125467,0.460363,02,750,0,0,Node 02: Network 3
17996,2025-07-18,02,05,48,582875,0.457408,03,1250,0,0,Node 03: Network 3
17997,2025-07-18,02,05,49,668115,1.08524,01,250,0,0,Node 01: Network 3
17998,2025-07-18,02,05,50,126948,0.458833,02,750,0,0,Node 02: Network 3
17999,2025-07-18,02,05,50,713081,0.586133,03,1250,0,0,Node 03: Network 3
18000,2025-07-18,02,05,51,210612,0.497531,BB,0,1,0,
18001,2025-07-18,02,05,53,216279,2.005667,BB,0,1,0,
18002,2025-07-18,02,05,53,282094,0.065815,02,1909,0,1,
18003,2025-07-18,02,05,53,296233,0.014139,03,1825,0,1,
18004,2025-07-18,02,05,53,367425,0.071192,01,1871,0,1,
18005,2025-07-18,02,05,54,032705,0.66528,02,750,0,0,Node 02: Network 3
18006,2025-07-18,02,05,54,535925,0.50322,03,1250,0,0,Node 03: Network 3
18007,2025-07-18,02,05,55,578186,1.042261,01,250,0,0,Node 01: Network 3
18008,2025-07-18,02,05,56,034434,0.456248,02,750,0,0,Node 02: Network 3
18009,2025-07-18,02,05,56,538198,0.503764,03,1250,0,0,Node 03: Network 3
18010,2025-07-18,02,05,57,577773,1.039575,01,250,0,0,Node 01: Network 3
18011,2025-07-18,02,05,58,036919,0.459146,02,750,0,0,Node 02: Network 3
18012,2025-07-18,02,05,58,583200,0.546281,03,1250,0,0,Node 03: Network 3
18013,2025-07-18,02,05,59,578134,0.994934,01,250,0,0,Node 01: Network 3
18014,2025-07-18,02,06,00,128176,0.550042,02,750,0,0,Node 02: Network 3
18015,2025-07-18,02,06,00,674439,0.546263,03,1250,0,0,Node 03: Network 3
18016,2025-07-18,02,06,01,578770,0.904331,01,250,0,0,Node 01: Network 3
18017,2025-07-18,02,06,02,129747,0.550977,02,750,0,0,Node 02: Network 3
18018,2025-07-18,02,06,02,675941,0.546194,03,1250,0,0,Node 03: Network 3
18019,2025-07-18,02,06,03,580323,0.904382,01,250,0,0,Node 01: Network 3
18020,2025-07-18,02,06,04,131257,0.550934,02,750,0,0,Node 02: Network 3
18021,2025-07-18,02,06,04,502939,0.371682,BB,0,1,0,01:566:0:1
18022,2025-07-18,02,06,04,588865,0.085926,02,750,0,0,Node 02: Network 3
18023,2025-07-18,02,06,04,653442,0.064577,03,1250,0,0,Node 03: Network 3
18024,2025-07-18,02,06,04,700538,0.047096,02,750,0,0,Node 02: Network 3
18025,2025-07-18,02,06,04,733381,0.032843,02,779,0,0,Node 02: Network 3
18026,2025-07-18,02,06,04,789049,0.055668,03,1250,0,0,Node 03: Network 3
18027,2025-07-18,02,06,04,826597,0.037548,01,250,0,0,Node 01: Network 3
18028,2025-07-18,02,06,04,979161,0.152564,01,250,0,0,Node 01: Network 3
18029,2025-07-18,02,06,05,031738,0.052577,02,750,0,0,Node 02: Network 3
18030,2025-07-18,02,06,05,066802,0.035064,03,1250,0,0,Node 03: Network 3
18031,2025-07-18,02,06,05,106897,0.040095,01,250,0,0,Node 01: Network 3
18032,2025-07-18,02,06,05,204016,0.097119,02,750,0,0,Node 02: Network 3
18033,2025-07-18,02,06,05,247220,0.043204,03,1250,0,0,Node 03: Network 3
18034,2025-07-18,02,06,05,299286,0.052066,03,1258,0,0,Node 03: Network 3
18035,2025-07-18,02,06,05,321810,0.022524,BB,0,1,0,
18036,2025-07-18,02,06,07,246854,1.925044,BB,0,1,0,
18037,2025-07-18,02,06,07,306507,0.059653,02,1435,0,1,
18038,2025-07-18,02,06,07,320043,0.013536,01,1438,0,1,
18039,2025-07-18,02,06,07,339571,0.019528,03,1435,0,1,
18040,2025-07-18,02,06,07,562710,0.223139,01,250,0,0,Node 01: Network 3
18041,2025-07-18,02,06,08,063693,0.500983,02,750,0,0,Node 02: Network 3
18042,2025-07-18,02,06,08,566404,0.502711,03,1250,0,0,Node 03: Network 3
18043,2025-07-18,02,06,09,562876,0.996472,01,250,0,0,Node 01: Network 3
18044,2025-07-18,02,06,10,110444,0.547568,02,750,0,0,Node 02: Network 3
18045,2025-07-18,02,06,10,563738,0.453294,03,1250,0,0,Node 03: Network 3
18046,2025-07-18,02,06,11,564759,1.001021,01,251,0,0,Node 01: Network 3
18047,2025-07-18,02,06,12,112359,0.5476,02,750,0,0,Node 02: Network 3
18048,2025-07-18,02,06,12,569676,0.457317,03,1250,0,0,Node 03: Network 3
18049,2025-07-18,02,06,13,563961,0.994285,01,250,0,0,Node 01: Network 3
18050,2025-07-18,02,06,14,113697,0.549736,02,750,0,0,Node 02: Network 3
18051,2025-07-18,02,06,14,572182,0.458485,03,1250,0,0,Node 03: Network 3
18052,2025-07-18,02,06,15,658768,1.086586,01,250,0,0,Node 01: Network 3
18053,2025-07-18,02,06,16,116119,0.457351,02,750,0,0,Node 02: Network 3
18054,2025-07-18,02,06,16,575084,0.458965,03,1250,0,0,Node 03: Network 3
18055,2025-07-18,02,06,17,659444,1.08436,01,250,0,0,Node 01: Network 3
18056,2025-07-18,02,06,18,118138,0.458694,02,750,0,0,Node 02: Network 3
18057,2025-07-18,02,06,18,576279,0.458141,03,1250,0,0,Node 03: Network 3
18058,2025-07-18,02,06,19,660721,1.084442,01,250,0,0,Node 01: Network 3
18059,2025-07-18,02,06,20,119896,0.459175,02,750,0,0,Node 02: Network 3
18060,2025-07-18,02,06,20,579379,0.459483,03,1250,0,0,Node 03: Network 3
18061,2025-07-18,02,06,21,660592,1.081213,01,250,0,0,Node 01: Network 3
18062,2025-07-18,02,06,22,122628,0.462036,02,750,0,0,Node 02: Network 3
18063,2025-07-18,02,06,22,581043,0.458415,03,1250,0,0,Node 03: Network 3
18064,2025-07-18,02,06,23,666917,1.085874,01,250,0,0,Node 01: Network 3
18065,2025-07-18,02,06,24,123400,0.456483,02,750,0,0,Node 02: Network 3
18066,2025-07-18,02,06,24,713256,0.589856,03,1250,0,0,Node 03: Network 3
18067,2025-07-18,02,06,25,666829,0.953573,01,250,0,0,Node 01: Network 3
18068,2025-07-18,02,06,26,126571,0.459742,02,750,0,0,Node 02: Network 3
18069,2025-07-18,02,06,26,714781,0.58821,03,1250,0,0,Node 03: Network 3
18070,2025-07-18,02,06,27,667774,0.952993,01,250,0,0,Node 01: Network 3
18071,2025-07-18,02,06,28,128569,0.460795,02,750,0,0,Node 02: Network 3
18072,2025-07-18,02,06,28,716949,0.58838,03,1250,0,0,Node 03: Network 3
18073,2025-07-18,02,06,29,668143,0.951194,01,250,0,0,Node 01: Network 3
18074,2025-07-18,02,06,30,130344,0.462201,02,750,0,0,Node 02: Network 3
18075,2025-07-18,02,06,30,720324,0.58998,03,1250,0,0,Node 03: Network 3
18076,2025-07-18,02,06,31,668694,0.94837,01,250,0,0,Node 01: Network 3
18077,2025-07-18,02,06,32,132017,0.463323,02,750,0,0,Node 02: Network 3
18078,2025-07-18,02,06,32,722664,0.590647,03,1250,0,0,Node 03: Network 3
18079,2025-07-18,02,06,33,670128,0.947464,01,250,0,0,Node 01: Network 3
18080,2025-07-18,02,06,34,134877,0.464749,02,750,0,0,Node 02: Network 3
18081,2025-07-18,02,06,34,723981,0.589104,03,1250,0,0,Node 03: Network 3
18082,2025-07-18,02,06,35,679922,0.955941,01,250,0,0,Node 01: Network 3
18083,2025-07-18,02,06,36,136899,0.456977,02,750,0,0,Node 02: Network 3
18084,2025-07-18,02,06,36,726884,0.589985,03,1250,0,0,Node 03: Network 3
18085,2025-07-18,02,06,37,679097,0.952213,01,250,0,0,Node 01: Network 3
18086,2025-07-18,02,06,38,137991,0.458894,02,750,0,0,Node 02: Network 3
18087,2025-07-18,02,06,38,729502,0.591511,03,1250,0,0,Node 03: Network 3
18088,2025-07-18,02,06,39,680559,0.951057,01,250,0,0,Node 01: Network 3
18089,2025-07-18,02,06,40,140313,0.459754,02,750,0,0,Node 02: Network 3
18090,2025-07-18,02,06,40,730831,0.590518,03,1250,0,0,Node 03: Network 3
18091,2025-07-18,02,06,41,681760,0.950929,01,250,0,0,Node 01: Network 3
18092,2025-07-18,02,06,42,143199,0.461439,02,750,0,0,Node 02: Network 3
18093,2025-07-18,02,06,42,732369,0.58917,03,1250,0,0,Node 03: Network 3
18094,2025-07-18,02,06,43,681979,0.94961,01,250,0,0,Node 01: Network 3
18095,2025-07-18,02,06,44,276704,0.594725,02,750,0,0,Node 02: Network 3
18096,2025-07-18,02,06,44,734193,0.457489,03,1250,0,0,Node 03: Network 3
18097,2025-07-18,02,06,45,821239,1.087046,01,250,0,0,Node 01: Network 3
18098,2025-07-18,02,06,46,277819,0.45658,02,750,0,0,Node 02: Network 3
18099,2025-07-18,02,06,46,869216,0.591397,03,1250,0,0,Node 03: Network 3
18100,2025-07-18,02,06,47,335871,0.466655,BB,0,1,0,
18101,2025-07-18,02,06,49,339028,2.003157,BB,0,1,0,
18102,2025-07-18,02,06,49,376643,0.037615,01,1839,0,1,
18103,2025-07-18,02,06,49,389687,0.013044,02,1747,0,1,
18104,2025-07-18,02,06,49,429934,0.040247,03,1793,0,1,
18105,2025-07-18,02,06,49,654670,0.224736,01,250,0,0,Node 01: Network 3
18106,2025-07-18,02,06,50,155312,0.500642,02,750,0,0,Node 02: Network 3
18107,2025-07-18,02,06,50,702594,0.547282,03,1250,0,0,Node 03: Network 3
18108,2025-07-18,02,06,51,699526,0.996932,01,250,0,0,Node 01: Network 3
18109,2025-07-18,02,06,52,158263,0.458737,02,750,0,0,Node 02: Network 3
18110,2025-07-18,02,06,52,746588,0.588325,03,1250,0,0,Node 03: Network 3
18111,2025-07-18,02,06,53,700636,0.954048,01,250,0,0,Node 01: Network 3
18112,2025-07-18,02,06,54,160192,0.459556,02,750,0,0,Node 02: Network 3
18113,2025-07-18,02,06,54,746909,0.586717,03,1250,0,0,Node 03: Network 3
18114,2025-07-18,02,06,55,700111,0.953202,01,250,0,0,Node 01: Network 3
18115,2025-07-18,02,06,56,161401,0.46129,02,750,0,0,Node 02: Network 3
18116,2025-07-18,02,06,56,747415,0.586014,03,1250,0,0,Node 03: Network 3
18117,2025-07-18,02,06,57,702852,0.955437,01,250,0,0,Node 01: Network 3
18118,2025-07-18,02,06,58,163817,0.460965,02,750,0,0,Node 02: Network 3
18119,2025-07-18,02,06,58,748814,0.584997,03,1250,0,0,Node 03: Network 3
18120,2025-07-18,02,06,59,703129,0.954315,01,250,0,0,Node 01: Network 3
18121,2025-07-18,02,07,00,164783,0.461654,02,750,0,0,Node 02: Network 3
18122,2025-07-18,02,07,00,752297,0.587514,03,1251,0,0,Node 03: Network 3
18123,2025-07-18,02,07,01,704168,0.951871,01,250,0,0,Node 01: Network 3
18124,2025-07-18,02,07,02,295394,0.591226,02,750,0,0,Node 02: Network 3
18125,2025-07-18,02,07,02,753819,0.458425,03,1250,0,0,Node 03: Network 3
18126,2025-07-18,02,07,03,704208,0.950389,01,250,0,0,Node 01: Network 3
18127,2025-07-18,02,07,04,297604,0.593396,02,750,0,0,Node 02: Network 3
18128,2025-07-18,02,07,04,756975,0.459371,03,1250,0,0,Node 03: Network 3
18129,2025-07-18,02,07,05,704486,0.947511,01,250,0,0,Node 01: Network 3
18130,2025-07-18,02,07,06,299264,0.594778,02,750,0,0,Node 02: Network 3
18131,2025-07-18,02,07,06,758679,0.459415,03,1250,0,0,Node 03: Network 3
18132,2025-07-18,02,07,07,704540,0.945861,01,250,0,0,Node 01: Network 3
18133,2025-07-18,02,07,08,302185,0.597645,02,750,0,0,Node 02: Network 3
18134,2025-07-18,02,07,08,848378,0.546193,03,1250,0,0,Node 03: Network 3
18135,2025-07-18,02,07,09,847200,0.998822,01,250,0,0,Node 01: Network 3
18136,2025-07-18,02,07,10,393505,0.546305,02,750,0,0,Node 02: Network 3
18137,2025-07-18,02,07,10,893897,0.500392,03,1250,0,0,Node 03: Network 3
18138,2025-07-18,02,07,11,387208,0.493311,BB,0,1,0,
18139,2025-07-18,02,07,13,393159,2.005951,BB,0,1,0,
18140,2025-07-18,02,07,13,440665,0.047506,02,1819,0,1,
18141,2025-07-18,02,07,13,460819,0.020154,01,1867,0,1,
18142,2025-07-18,02,07,13,520610,0.059791,03,1820,0,1,
18143,2025-07-18,02,07,13,709469,0.188859,01,250,0,0,Node 01: Network 3
18144,2025-07-18,02,07,14,208879,0.49941,02,750,0,0,Node 02: Network 3
18145,2025-07-18,02,07,14,712098,0.503219,03,1250,0,0,Node 03: Network 3
18146,2025-07-18,02,07,15,709763,0.997665,01,250,0,0,Node 01: Network 3
18147,2025-07-18,02,07,16,210697,0.500934,02,750,0,0,Node 02: Network 3
18148,2025-07-18,02,07,16,714756,0.504059,03,1250,0,0,Node 03: Network 3
18149,2025-07-18,02,07,17,710022,0.995266,01,250,0,0,Node 01: Network 3
18150,2025-07-18,02,07,18,213202,0.50318,02,751,0,0,Node 02: Network 3
18151,2025-07-18,02,07,18,716017,0.502815,03,1250,0,0,Node 03: Network 3
18152,2025-07-18,02,07,19,711042,0.995025,01,250,0,0,Node 01: Network 3
18153,2025-07-18,02,07,20,215393,0.504351,02,750,0,0,Node 02: Network 3
18154,2025-07-18,02,07,20,718184,0.502791,03,1250,0,0,Node 03: Network 3
18155,2025-07-18,02,07,21,712007,0.993823,01,250,0,0,Node 01: Network 3
18156,2025-07-18,02,07,22,216997,0.50499,02,750,0,0,Node 02: Network 3
18157,2025-07-18,02,07,22,720680,0.503683,03,1250,0,0,Node 03: Network 3
18158,2025-07-18,02,07,23,712023,0.991343,01,250,0,0,Node 01: Network 3
18159,2025-07-18,02,07,24,265557,0.553534,02,750,0,0,Node 02: Network 3
18160,2025-07-18,02,07,24,722629,0.457072,03,1250,0,0,Node 03: Network 3
18161,2025-07-18,02,07,25,711980,0.989351,01,250,0,0,Node 01: Network 3
18162,2025-07-18,02,07,26,266802,0.554822,02,750,0,0,Node 02: Network 3
18163,2025-07-18,02,07,26,724646,0.457844,03,1250,0,0,Node 03: Network 3
18164,2025-07-18,02,07,27,712969,0.988323,01,250,0,0,Node 01: Network 3
18165,2025-07-18,02,07,28,268346,0.555377,02,750,0,0,Node 02: Network 3
18166,2025-07-18,02,07,28,728041,0.459695,03,1250,0,0,Node 03: Network 3
18167,2025-07-18,02,07,29,714900,0.986859,01,250,0,0,Node 01: Network 3
18168,2025-07-18,02,07,30,270724,0.555824,02,750,0,0,Node 02: Network 3
18169,2025-07-18,02,07,30,762668,0.491944,03,1250,0,0,Node 03: Network 3
18170,2025-07-18,02,07,31,716221,0.953553,01,250,0,0,Node 01: Network 3
18171,2025-07-18,02,07,32,272418,0.556197,02,750,0,0,Node 02: Network 3
18172,2025-07-18,02,07,32,764134,0.491716,03,1250,0,0,Node 03: Network 3
18173,2025-07-18,02,07,33,716397,0.952263,01,250,0,0,Node 01: Network 3
18174,2025-07-18,02,07,34,274605,0.558208,02,750,0,0,Node 02: Network 3
18175,2025-07-18,02,07,34,766750,0.492145,03,1250,0,0,Node 03: Network 3
18176,2025-07-18,02,07,35,716856,0.950106,01,250,0,0,Node 01: Network 3
18177,2025-07-18,02,07,36,276845,0.559989,02,750,0,0,Node 02: Network 3
18178,2025-07-18,02,07,36,768849,0.492004,03,1250,0,0,Node 03: Network 3
18179,2025-07-18,02,07,37,716935,0.948086,01,250,0,0,Node 01: Network 3
18180,2025-07-18,02,07,38,279749,0.562814,02,750,0,0,Node 02: Network 3
18181,2025-07-18,02,07,38,771421,0.491672,03,1250,0,0,Node 03: Network 3
18182,2025-07-18,02,07,39,718322,0.946901,01,250,0,0,Node 01: Network 3
18183,2025-07-18,02,07,40,281644,0.563322,02,750,0,0,Node 02: Network 3
18184,2025-07-18,02,07,40,773796,0.492152,03,1250,0,0,Node 03: Network 3
18185,2025-07-18,02,07,41,825602,1.051806,01,250,0,0,Node 01: Network 3
18186,2025-07-18,02,07,42,283326,0.457724,02,750,0,0,Node 02: Network 3
18187,2025-07-18,02,07,42,776524,0.493198,03,1250,0,0,Node 03: Network 3
18188,2025-07-18,02,07,43,827965,1.051441,01,250,0,0,Node 01: Network 3
18189,2025-07-18,02,07,44,284610,0.456645,02,750,0,0,Node 02: Network 3
18190,2025-07-18,02,07,44,777879,0.493269,03,1250,0,0,Node 03: Network 3
18191,2025-07-18,02,07,45,829380,1.051501,01,250,0,0,Node 01: Network 3
18192,2025-07-18,02,07,46,287503,0.458123,02,750,0,0,Node 02: Network 3
18193,2025-07-18,02,07,46,780134,0.492631,03,1250,0,0,Node 03: Network 3
18194,2025-07-18,02,07,47,831832,1.051698,01,250,0,0,Node 01: Network 3
18195,2025-07-18,02,07,48,323506,0.491674,02,750,0,0,Node 02: Network 3
18196,2025-07-18,02,07,48,781574,0.458068,03,1250,0,0,Node 03: Network 3
18197,2025-07-18,02,07,49,832304,1.05073,01,250,0,0,Node 01: Network 3
18198,2025-07-18,02,07,50,326755,0.494451,02,750,0,0,Node 02: Network 3
18199,2025-07-18,02,07,50,784521,0.457766,03,1250,0,0,Node 03: Network 3
18200,2025-07-18,02,07,51,833025,1.048504,01,250,0,0,Node 01: Network 3
18201,2025-07-18,02,07,52,328650,0.495625,02,750,0,0,Node 02: Network 3
18202,2025-07-18,02,07,52,785550,0.4569,03,1250,0,0,Node 03: Network 3
18203,2025-07-18,02,07,53,872152,1.086602,01,250,0,0,Node 01: Network 3
18204,2025-07-18,02,07,54,336959,0.464807,02,750,0,0,Node 02: Network 3
18205,2025-07-18,02,07,54,788926,0.451967,03,1250,0,0,Node 03: Network 3
18206,2025-07-18,02,07,55,872563,1.083637,01,250,0,0,Node 01: Network 3
18207,2025-07-18,02,07,56,332431,0.459868,02,750,0,0,Node 02: Network 3
18208,2025-07-18,02,07,56,791294,0.458863,03,1250,0,0,Node 03: Network 3
18209,2025-07-18,02,07,57,874388,1.083094,01,250,0,0,Node 01: Network 3
18210,2025-07-18,02,07,58,418556,0.544168,02,750,0,0,Node 02: Network 3
18211,2025-07-18,02,07,58,793835,0.375279,03,1250,0,0,Node 03: Network 3
18212,2025-07-18,02,07,59,873736,1.079901,01,250,0,0,Node 01: Network 3
18213,2025-07-18,02,08,00,419884,0.546148,02,750,0,0,Node 02: Network 3
18214,2025-07-18,02,08,00,966270,0.546386,03,1250,0,0,Node 03: Network 3
18215,2025-07-18,02,08,01,874829,0.908559,01,250,0,0,Node 01: Network 3
18216,2025-07-18,02,08,02,422191,0.547362,02,750,0,0,Node 02: Network 3
18217,2025-07-18,02,08,02,968260,0.546069,03,1250,0,0,Node 03: Network 3
18218,2025-07-18,02,08,03,876332,0.908072,01,250,0,0,Node 01: Network 3
18219,2025-07-18,02,08,04,511859,0.635527,02,750,0,0,Node 02: Network 3
18220,2025-07-18,02,08,04,970216,0.458357,03,1250,0,0,Node 03: Network 3
18221,2025-07-18,02,08,05,505417,0.535201,BB,0,1,0,
18222,2025-07-18,02,08,07,510628,2.005211,BB,0,1,0,
18223,2025-07-18,02,08,07,557118,0.04649,02,1817,0,1,
18224,2025-07-18,02,08,07,571117,0.013999,01,1957,0,1,
18225,2025-07-18,02,08,07,645116,0.073999,03,1862,0,1,
18226,2025-07-18,02,08,07,827154,0.182038,01,250,0,0,Node 01: Network 3
18227,2025-07-18,02,08,08,325261,0.498107,02,750,0,0,Node 02: Network 3
18228,2025-07-18,02,08,08,830101,0.50484,03,1250,0,0,Node 03: Network 3
18229,2025-07-18,02,08,09,827934,0.997833,01,250,0,0,Node 01: Network 3
18230,2025-07-18,02,08,10,327987,0.500053,02,750,0,0,Node 02: Network 3
18231,2025-07-18,02,08,10,831445,0.503458,03,1250,0,0,Node 03: Network 3
18232,2025-07-18,02,08,11,829049,0.997604,01,250,0,0,Node 01: Network 3
18233,2025-07-18,02,08,12,201806,0.372757,BB,0,1,0,
18234,2025-07-18,02,08,12,269075,0.067269,BB,0,1,0,03:1435:0:1
18235,2025-07-18,02,08,12,339042,0.069967,01,1438,0,1,1435:0:1
18236,2025-07-18,02,08,12,351078,0.012036,03,761,0,1,
18237,2025-07-18,02,08,12,364048,0.01297,01,763,0,1,
18238,2025-07-18,02,08,12,391409,0.027361,02,762,0,1,
18239,2025-07-18,02,08,12,440292,0.048883,01,250,0,0,Node 01: Network 3
18240,2025-07-18,02,08,12,532991,0.092699,02,750,0,0,Node 02: Network 3
18241,2025-07-18,02,08,12,650282,0.117291,01,250,0,0,Node 01: Network 3
18242,2025-07-18,02,08,12,685175,0.034893,03,1258,0,0,Node 03: Network 3
18243,2025-07-18,02,08,12,718115,0.03294,01,250,0,0,Node 01: Network 3
18244,2025-07-18,02,08,12,758454,0.040339,02,750,0,0,Node 02: Network 3
18245,2025-07-18,02,08,12,836722,0.078268,03,1250,0,0,Node 03: Network 3
18246,2025-07-18,02,08,12,876755,0.040033,01,250,0,0,Node 01: Network 3
18247,2025-07-18,02,08,12,948869,0.072114,02,750,0,0,Node 02: Network 3
18248,2025-07-18,02,08,13,074728,0.125859,03,1250,0,0,Node 03: Network 3
18249,2025-07-18,02,08,13,143022,0.068294,01,251,0,0,Node 01: Network 3
18250,2025-07-18,02,08,13,176922,0.0339,02,750,0,0,Node 02: Network 3
18251,2025-07-18,02,08,13,208595,0.031673,02,750,0,0,Node 02: Network 3
18252,2025-07-18,02,08,13,523184,0.314589,BB,0,1,0,
18253,2025-07-18,02,08,13,585812,0.062628,03,1250,0,0,Node 03: Network 3
18254,2025-07-18,02,08,14,619898,1.034086,01,250,0,0,Node 01: Network 3
18255,2025-07-18,02,08,15,123296,0.503398,02,750,0,0,Node 02: Network 3
18256,2025-07-18,02,08,15,527115,0.403819,BB,0,1,0,
18257,2025-07-18,02,08,17,532964,2.005849,BB,0,1,0,
18258,2025-07-18,02,08,17,594092,0.061128,02,1231,0,1,
18259,2025-07-18,02,08,17,619560,0.025468,03,1190,0,1,
18260,2025-07-18,02,08,17,633579,0.014019,01,1236,0,1,
18261,2025-07-18,02,08,17,848823,0.215244,01,250,0,0,Node 01: Network 3
18262,2025-07-18,02,08,18,350217,0.501394,02,750,0,0,Node 02: Network 3
18263,2025-07-18,02,08,18,852801,0.502584,03,1250,0,0,Node 03: Network 3
18264,2025-07-18,02,08,19,850244,0.997443,01,250,0,0,Node 01: Network 3
18265,2025-07-18,02,08,20,352563,0.502319,02,750,0,0,Node 02: Network 3
18266,2025-07-18,02,08,20,854702,0.502139,03,1250,0,0,Node 03: Network 3
18267,2025-07-18,02,08,21,850196,0.995494,01,250,0,0,Node 01: Network 3
18268,2025-07-18,02,08,22,354531,0.504335,02,750,0,0,Node 02: Network 3
18269,2025-07-18,02,08,22,901391,0.54686,03,1250,0,0,Node 03: Network 3
18270,2025-07-18,02,08,23,851075,0.949684,01,250,0,0,Node 01: Network 3
18271,2025-07-18,02,08,24,356248,0.505173,02,750,0,0,Node 02: Network 3
18272,2025-07-18,02,08,24,902594,0.546346,03,1250,0,0,Node 03: Network 3
18273,2025-07-18,02,08,25,852061,0.949467,01,250,0,0,Node 01: Network 3
18274,2025-07-18,02,08,26,358694,0.506633,02,750,0,0,Node 02: Network 3
18275,2025-07-18,02,08,26,904375,0.545681,03,1250,0,0,Node 03: Network 3
18276,2025-07-18,02,08,27,851967,0.947592,01,250,0,0,Node 01: Network 3
18277,2025-07-18,02,08,28,359598,0.507631,02,750,0,0,Node 02: Network 3
18278,2025-07-18,02,08,28,907819,0.548221,03,1250,0,0,Node 03: Network 3
18279,2025-07-18,02,08,29,853050,0.945231,01,250,0,0,Node 01: Network 3
18280,2025-07-18,02,08,30,362800,0.50975,02,750,0,0,Node 02: Network 3
18281,2025-07-18,02,08,30,910365,0.547565,03,1250,0,0,Node 03: Network 3
18282,2025-07-18,02,08,31,853950,0.943585,01,250,0,0,Node 01: Network 3
18283,2025-07-18,02,08,32,364440,0.51049,02,750,0,0,Node 02: Network 3
18284,2025-07-18,02,08,32,911720,0.54728,03,1250,0,0,Node 03: Network 3
18285,2025-07-18,02,08,33,853886,0.942166,01,250,0,0,Node 01: Network 3
18286,2025-07-18,02,08,34,365861,0.511975,02,750,0,0,Node 02: Network 3
18287,2025-07-18,02,08,34,914562,0.548701,03,1250,0,0,Node 03: Network 3
18288,2025-07-18,02,08,35,855782,0.94122,01,250,0,0,Node 01: Network 3
18289,2025-07-18,02,08,36,369207,0.513425,02,750,0,0,Node 02: Network 3
18290,2025-07-18,02,08,36,915956,0.546749,03,1250,0,0,Node 03: Network 3
18291,2025-07-18,02,08,37,855716,0.93976,01,250,0,0,Node 01: Network 3
18292,2025-07-18,02,08,38,370854,0.515138,02,750,0,0,Node 02: Network 3
18293,2025-07-18,02,08,38,918160,0.547306,03,1250,0,0,Node 03: Network 3
18294,2025-07-18,02,08,39,915597,0.997437,01,250,0,0,Node 01: Network 3
18295,2025-07-18,02,08,40,372506,0.456909,02,750,0,0,Node 02: Network 3
18296,2025-07-18,02,08,40,920130,0.547624,03,1250,0,0,Node 03: Network 3
18297,2025-07-18,02,08,41,916578,0.996448,01,250,0,0,Node 01: Network 3
18298,2025-07-18,02,08,42,465376,0.548798,02,750,0,0,Node 02: Network 3
18299,2025-07-18,02,08,42,922806,0.45743,03,1250,0,0,Node 03: Network 3
18300,2025-07-18,02,08,43,916507,0.993701,01,250,0,0,Node 01: Network 3
18301,2025-07-18,02,08,44,467079,0.550572,02,750,0,0,Node 02: Network 3
18302,2025-07-18,02,08,44,924665,0.457586,03,1250,0,0,Node 03: Network 3
18303,2025-07-18,02,08,45,918069,0.993404,01,250,0,0,Node 01: Network 3
18304,2025-07-18,02,08,46,467716,0.549647,02,750,0,0,Node 02: Network 3
18305,2025-07-18,02,08,46,927131,0.459415,03,1250,0,0,Node 03: Network 3
18306,2025-07-18,02,08,47,918193,0.991062,01,250,0,0,Node 01: Network 3
18307,2025-07-18,02,08,48,470724,0.552531,02,750,0,0,Node 02: Network 3
18308,2025-07-18,02,08,48,929589,0.458865,03,1250,0,0,Node 03: Network 3
18309,2025-07-18,02,08,49,918754,0.989165,01,250,0,0,Node 01: Network 3
18310,2025-07-18,02,08,50,472199,0.553445,02,750,0,0,Node 02: Network 3
18311,2025-07-18,02,08,50,965142,0.492943,03,1250,0,0,Node 03: Network 3
18312,2025-07-18,02,08,51,920708,0.955566,01,250,0,0,Node 01: Network 3
18313,2025-07-18,02,08,52,474219,0.553511,02,750,0,0,Node 02: Network 3
18314,2025-07-18,02,08,52,967223,0.493004,03,1250,0,0,Node 03: Network 3
18315,2025-07-18,02,08,53,921884,0.954661,01,250,0,0,Node 01: Network 3
18316,2025-07-18,02,08,54,476592,0.554708,02,750,0,0,Node 02: Network 3
18317,2025-07-18,02,08,54,969396,0.492804,03,1250,0,0,Node 03: Network 3
18318,2025-07-18,02,08,56,020141,1.050745,01,250,0,0,Node 01: Network 3
18319,2025-07-18,02,08,56,479020,0.458879,02,750,0,0,Node 02: Network 3
18320,2025-07-18,02,08,56,972402,0.493382,03,1250,0,0,Node 03: Network 3
18321,2025-07-18,02,08,58,020933,1.048531,01,250,0,0,Node 01: Network 3
18322,2025-07-18,02,08,58,480358,0.459425,02,750,0,0,Node 02: Network 3
18323,2025-07-18,02,08,58,974760,0.494402,03,1250,0,0,Node 03: Network 3
18324,2025-07-18,02,09,00,022051,1.047291,01,250,0,0,Node 01: Network 3
18325,2025-07-18,02,09,00,519605,0.497554,02,750,0,0,Node 02: Network 3
18326,2025-07-18,02,09,00,996304,0.476699,03,1250,0,0,Node 03: Network 3
18327,2025-07-18,02,09,02,021912,1.025608,01,250,0,0,Node 01: Network 3
18328,2025-07-18,02,09,02,521521,0.499609,02,750,0,0,Node 02: Network 3
18329,2025-07-18,02,09,02,979191,0.45767,03,1250,0,0,Node 03: Network 3
18330,2025-07-18,02,09,04,066823,1.087632,01,250,0,0,Node 01: Network 3
18331,2025-07-18,02,09,04,523005,0.456182,02,750,0,0,Node 02: Network 3
18332,2025-07-18,02,09,04,980622,0.457617,03,1250,0,0,Node 03: Network 3
18333,2025-07-18,02,09,06,066900,1.086278,01,250,0,0,Node 01: Network 3
18334,2025-07-18,02,09,06,525368,0.458468,02,750,0,0,Node 02: Network 3
18335,2025-07-18,02,09,07,113390,0.588022,03,1250,0,0,Node 03: Network 3
18336,2025-07-18,02,09,08,069986,0.956596,01,250,0,0,Node 01: Network 3
18337,2025-07-18,02,09,08,528002,0.458016,02,750,0,0,Node 02: Network 3
18338,2025-07-18,02,09,09,114401,0.586399,03,1250,0,0,Node 03: Network 3
18339,2025-07-18,02,09,10,070031,0.95563,01,250,0,0,Node 01: Network 3
18340,2025-07-18,02,09,10,530717,0.460686,02,750,0,0,Node 02: Network 3
18341,2025-07-18,02,09,11,117398,0.586681,03,1250,0,0,Node 03: Network 3
18342,2025-07-18,02,09,12,070601,0.953203,01,250,0,0,Node 01: Network 3
18343,2025-07-18,02,09,12,531404,0.460803,02,750,0,0,Node 02: Network 3
18344,2025-07-18,02,09,13,117324,0.58592,03,1250,0,0,Node 03: Network 3
18345,2025-07-18,02,09,14,072283,0.954959,01,250,0,0,Node 01: Network 3
18346,2025-07-18,02,09,14,534227,0.461944,02,750,0,0,Node 02: Network 3
18347,2025-07-18,02,09,15,120018,0.585791,03,1250,0,0,Node 03: Network 3
18348,2025-07-18,02,09,16,073689,0.953671,01,250,0,0,Node 01: Network 3
18349,2025-07-18,02,09,16,665012,0.591323,02,750,0,0,Node 02: Network 3
18350,2025-07-18,02,09,17,121320,0.456308,03,1250,0,0,Node 03: Network 3
18351,2025-07-18,02,09,17,663245,0.541925,BB,0,1,0,
18352,2025-07-18,02,09,19,668252,2.005007,BB,0,1,0,
18353,2025-07-18,02,09,19,717025,0.048773,01,1917,0,1,
18354,2025-07-18,02,09,19,756673,0.039648,03,1869,0,1,
18355,2025-07-18,02,09,19,770363,0.01369,02,1823,0,1,
18356,2025-07-18,02,09,20,987028,1.216665,03,1250,0,0,Node 03: Network 3
18357,2025-07-18,02,09,22,030928,1.0439,01,250,0,0,Node 01: Network 3
18358,2025-07-18,02,09,22,530372,0.499444,02,750,0,0,Node 02: Network 3
18359,2025-07-18,02,09,22,989585,0.459213,03,1250,0,0,Node 03: Network 3
18360,2025-07-18,02,09,24,031754,1.042169,01,250,0,0,Node 01: Network 3
18361,2025-07-18,02,09,24,532941,0.501187,02,750,0,0,Node 02: Network 3
18362,2025-07-18,02,09,24,992257,0.459316,03,1250,0,0,Node 03: Network 3
18363,2025-07-18,02,09,26,031969,1.039712,01,250,0,0,Node 01: Network 3
18364,2025-07-18,02,09,26,535349,0.50338,02,750,0,0,Node 02: Network 3
18365,2025-07-18,02,09,26,994659,0.45931,03,1250,0,0,Node 03: Network 3
18366,2025-07-18,02,09,28,032868,1.038209,01,250,0,0,Node 01: Network 3
18367,2025-07-18,02,09,28,539054,0.506186,02,750,0,0,Node 02: Network 3
18368,2025-07-18,02,09,28,995776,0.456722,03,1250,0,0,Node 03: Network 3
18369,2025-07-18,02,09,30,033679,1.037903,01,250,0,0,Node 01: Network 3
18370,2025-07-18,02,09,30,541134,0.507455,02,750,0,0,Node 02: Network 3
18371,2025-07-18,02,09,31,081383,0.540249,03,1250,0,0,Node 03: Network 3
18372,2025-07-18,02,09,32,085244,1.003861,01,250,0,0,Node 01: Network 3
18373,2025-07-18,02,09,32,625132,0.539888,02,750,0,0,Node 02: Network 3
18374,2025-07-18,02,09,33,083048,0.457916,03,1250,0,0,Node 03: Network 3
18375,2025-07-18,02,09,34,169977,1.086929,01,250,0,0,Node 01: Network 3
18376,2025-07-18,02,09,34,627489,0.457512,02,751,0,0,Node 02: Network 3
18377,2025-07-18,02,09,35,215556,0.588067,03,1250,0,0,Node 03: Network 3
18378,2025-07-18,02,09,35,702964,0.487408,BB,0,1,0,
18379,2025-07-18,02,09,37,708047,2.005083,BB,0,1,0,
18380,2025-07-18,02,09,37,756755,0.048708,01,1861,0,1,
18381,2025-07-18,02,09,37,781257,0.024502,03,1814,0,1,
18382,2025-07-18,02,09,37,805258,0.024001,02,1901,0,1,
18383,2025-07-18,02,09,38,023951,0.218693,01,250,0,0,Node 01: Network 3
18384,2025-07-18,02,09,38,524927,0.500976,02,750,0,0,Node 02: Network 3
18385,2025-07-18,02,09,39,028220,0.503293,03,1250,0,0,Node 03: Network 3
18386,2025-07-18,02,09,40,025572,0.997352,01,250,0,0,Node 01: Network 3
18387,2025-07-18,02,09,40,526980,0.501408,02,750,0,0,Node 02: Network 3
18388,2025-07-18,02,09,41,029719,0.502739,03,1250,0,0,Node 03: Network 3
18389,2025-07-18,02,09,42,025349,0.99563,01,250,0,0,Node 01: Network 3
18390,2025-07-18,02,09,42,573713,0.548364,02,750,0,0,Node 02: Network 3
18391,2025-07-18,02,09,43,031201,0.457488,03,1250,0,0,Node 03: Network 3
18392,2025-07-18,02,09,44,026999,0.995798,01,250,0,0,Node 01: Network 3
18393,2025-07-18,02,09,44,576347,0.549348,02,750,0,0,Node 02: Network 3
18394,2025-07-18,02,09,45,034593,0.458246,03,1250,0,0,Node 03: Network 3
18395,2025-07-18,02,09,46,028060,0.993467,01,250,0,0,Node 01: Network 3
18396,2025-07-18,02,09,46,577871,0.549811,02,750,0,0,Node 02: Network 3
18397,2025-07-18,02,09,47,035835,0.457964,03,1250,0,0,Node 03: Network 3
18398,2025-07-18,02,09,48,123012,1.087177,01,250,0,0,Node 01: Network 3
18399,2025-07-18,02,09,48,580401,0.457389,02,750,0,0,Node 02: Network 3
18400,2025-07-18,02,09,49,039271,0.45887,03,1250,0,0,Node 03: Network 3
18401,2025-07-18,02,09,50,123882,1.084611,01,250,0,0,Node 01: Network 3
18402,2025-07-18,02,09,50,668292,0.54441,02,750,0,0,Node 02: Network 3
18403,2025-07-18,02,09,51,041591,0.373299,03,1250,0,0,Node 03: Network 3
18404,2025-07-18,02,09,52,123779,1.082188,01,250,0,0,Node 01: Network 3
18405,2025-07-18,02,09,52,670044,0.546265,02,750,0,0,Node 02: Network 3
18406,2025-07-18,02,09,53,170732,0.500688,03,1250,0,0,Node 03: Network 3
18407,2025-07-18,02,09,54,124303,0.953571,01,250,0,0,Node 01: Network 3
18408,2025-07-18,02,09,54,671693,0.54739,02,750,0,0,Node 02: Network 3
18409,2025-07-18,02,09,55,172759,0.501066,03,1250,0,0,Node 03: Network 3
18410,2025-07-18,02,09,56,214730,1.041971,01,250,0,0,Node 01: Network 3
18411,2025-07-18,02,09,56,717412,0.502682,02,750,0,0,Node 02: Network 3
18412,2025-07-18,02,09,57,262667,0.545255,03,1250,0,0,Node 03: Network 3
18413,2025-07-18,02,09,57,752286,0.489619,BB,0,1,0,
18414,2025-07-18,02,09,59,756450,2.004164,BB,0,1,0,
18415,2025-07-18,02,09,59,809950,0.0535,02,1859,0,1,
18416,2025-07-18,02,09,59,841478,0.031528,03,1816,0,1,
18417,2025-07-18,02,09,59,926230,0.084752,01,1863,0,1,
18418,2025-07-18,02,10,00,072616,0.146386,01,250,0,0,Node 01: Network 3
18419,2025-07-18,02,10,00,572945,0.500329,02,750,0,0,Node 02: Network 3
18420,2025-07-18,02,10,01,076014,0.503069,03,1250,0,0,Node 03: Network 3
18421,2025-07-18,02,10,02,072430,0.996416,01,250,0,0,Node 01: Network 3
18422,2025-07-18,02,10,02,574328,0.501898,02,750,0,0,Node 02: Network 3
18423,2025-07-18,02,10,03,077142,0.502814,03,1250,0,0,Node 03: Network 3
18424,2025-07-18,02,10,04,073465,0.996323,01,250,0,0,Node 01: Network 3
18425,2025-07-18,02,10,04,576514,0.503049,02,750,0,0,Node 02: Network 3
18426,2025-07-18,02,10,05,080123,0.503609,03,1250,0,0,Node 03: Network 3
18427,2025-07-18,02,10,06,073652,0.993529,01,250,0,0,Node 01: Network 3
18428,2025-07-18,02,10,06,577397,0.503745,02,750,0,0,Node 02: Network 3
18429,2025-07-18,02,10,07,082580,0.505183,03,1250,0,0,Node 03: Network 3
18430,2025-07-18,02,10,08,073786,0.991206,01,250,0,0,Node 01: Network 3
18431,2025-07-18,02,10,08,581384,0.507598,02,750,0,0,Node 02: Network 3
18432,2025-07-18,02,10,09,083438,0.502054,03,1250,0,0,Node 03: Network 3
18433,2025-07-18,02,10,10,075115,0.991677,01,250,0,0,Node 01: Network 3
18434,2025-07-18,02,10,10,582668,0.507553,02,750,0,0,Node 02: Network 3
18435,2025-07-18,02,10,11,086450,0.503782,03,1250,0,0,Node 03: Network 3
18436,2025-07-18,02,10,12,076281,0.989831,01,250,0,0,Node 01: Network 3
18437,2025-07-18,02,10,12,584720,0.508439,02,750,0,0,Node 02: Network 3
18438,2025-07-18,02,10,13,089741,0.505021,03,1251,0,0,Node 03: Network 3
18439,2025-07-18,02,10,14,077754,0.988013,01,250,0,0,Node 01: Network 3
18440,2025-07-18,02,10,14,632974,0.55522,02,750,0,0,Node 02: Network 3
18441,2025-07-18,02,10,15,180070,0.547096,03,1250,0,0,Node 03: Network 3
18442,2025-07-18,02,10,16,077278,0.897208,01,250,0,0,Node 01: Network 3
18443,2025-07-18,02,10,16,635461,0.558183,02,750,0,0,Node 02: Network 3
18444,2025-07-18,02,10,17,182530,0.547069,03,1250,0,0,Node 03: Network 3
18445,2025-07-18,02,10,18,078538,0.896008,01,250,0,0,Node 01: Network 3
18446,2025-07-18,02,10,18,637094,0.558556,02,750,0,0,Node 02: Network 3
18447,2025-07-18,02,10,19,185343,0.548249,03,1250,0,0,Node 03: Network 3
18448,2025-07-18,02,10,20,078816,0.893473,01,250,0,0,Node 01: Network 3
18449,2025-07-18,02,10,20,639587,0.560771,02,750,0,0,Node 02: Network 3
18450,2025-07-18,02,10,21,011458,0.371871,BB,0,1,0,03:1250:0:0:Node 03: Network 3
18451,2025-07-18,02,10,21,035025,0.023567,BB,0,1,0,
18452,2025-07-18,02,10,21,083685,0.04866,01,1175,0,1,
18453,2025-07-18,02,10,21,127734,0.044049,02,772,0,1,
18454,2025-07-18,02,10,21,155796,0.028062,03,1174,0,1,
18455,2025-07-18,02,10,21,207918,0.052122,BB,0,1,0,03:1190:0:1
18456,2025-07-18,02,10,21,258009,0.050091,01,612,0,1,
18457,2025-07-18,02,10,21,294086,0.036077,02,1231,0,1,1236:0:1
18458,2025-07-18,02,10,21,329626,0.03554,02,239,0,1,
18459,2025-07-18,02,10,21,364187,0.034561,03,1250,0,0,Node 03: Network 3
18460,2025-07-18,02,10,21,481362,0.117175,01,250,0,0,Node 01: Network 3
18461,2025-07-18,02,10,21,605602,0.12424,03,1281,0,0,Node 03: Network 3
18462,2025-07-18,02,10,21,656700,0.051098,02,750,0,0,Node 02: Network 3
18463,2025-07-18,02,10,21,711297,0.054597,01,250,0,0,Node 01: Network 3
18464,2025-07-18,02,10,21,795539,0.084242,02,750,0,0,Node 02: Network 3
18465,2025-07-18,02,10,21,827593,0.032054,01,251,0,0,Node 01: Network 3
18466,2025-07-18,02,10,21,859641,0.032048,01,262,0,0,Node 01: Network 3
18467,2025-07-18,02,10,21,893388,0.033747,01,250,0,0,Node 01: Network 3
18468,2025-07-18,02,10,21,936759,0.043371,BB,0,1,0,
18469,2025-07-18,02,10,21,969814,0.033055,02,750,0,0,Node 02: Network 3
18470,2025-07-18,02,10,22,029610,0.059796,03,1250,0,0,Node 03: Network 3
18471,2025-07-18,02,10,22,063672,0.034062,01,250,0,0,Node 01: Network 3
18472,2025-07-18,02,10,22,121800,0.058128,02,750,0,0,Node 02: Network 3
18473,2025-07-18,02,10,22,209978,0.088178,03,1250,0,0,Node 03: Network 3
18474,2025-07-18,02,10,22,243548,0.03357,02,781,0,0,Node 02: Network 3
18475,2025-07-18,02,10,22,516893,0.273345,03,1250,0,0,Node 03: Network 3
18476,2025-07-18,02,10,23,513213,0.99632,01,250,0,0,Node 01: Network 3
18477,2025-07-18,02,10,23,808474,0.295261,BB,0,1,0,
18478,2025-07-18,02,10,25,813274,2.0048,BB,0,1,0,
18479,2025-07-18,02,10,25,878929,0.065655,03,620,0,1,
18480,2025-07-18,02,10,25,889954,0.011025,02,620,0,1,
18481,2025-07-18,02,10,25,902980,0.013026,01,622,0,1,
18482,2025-07-18,02,10,26,129817,0.226837,01,250,0,0,Node 01: Network 3
18483,2025-07-18,02,10,26,631405,0.501588,02,750,0,0,Node 02: Network 3
18484,2025-07-18,02,10,27,133173,0.501768,03,1250,0,0,Node 03: Network 3
18485,2025-07-18,02,10,28,128840,0.995667,01,250,0,0,Node 01: Network 3
18486,2025-07-18,02,10,28,632825,0.503985,02,750,0,0,Node 02: Network 3
18487,2025-07-18,02,10,29,135783,0.502958,03,1250,0,0,Node 03: Network 3
18488,2025-07-18,02,10,30,131446,0.995663,01,250,0,0,Node 01: Network 3
18489,2025-07-18,02,10,30,633581,0.502135,02,750,0,0,Node 02: Network 3
18490,2025-07-18,02,10,31,137573,0.503992,03,1250,0,0,Node 03: Network 3
18491,2025-07-18,02,10,32,131367,0.993794,01,250,0,0,Node 01: Network 3
18492,2025-07-18,02,10,32,636246,0.504879,02,750,0,0,Node 02: Network 3
18493,2025-07-18,02,10,33,139230,0.502984,03,1250,0,0,Node 03: Network 3
18494,2025-07-18,02,10,34,132077,0.992847,01,250,0,0,Node 01: Network 3
18495,2025-07-18,02,10,34,637243,0.505166,02,750,0,0,Node 02: Network 3
18496,2025-07-18,02,10,35,141710,0.504467,03,1250,0,0,Node 03: Network 3
18497,2025-07-18,02,10,36,181426,1.039716,01,250,0,0,Node 01: Network 3
18498,2025-07-18,02,10,36,641119,0.459693,02,750,0,0,Node 02: Network 3
18499,2025-07-18,02,10,37,227019,0.5859,03,1250,0,0,Node 03: Network 3
18500,2025-07-18,02,10,38,182490,0.955471,01,250,0,0,Node 01: Network 3
18501,2025-07-18,02,10,38,772349,0.589859,02,750,0,0,Node 02: Network 3
18502,2025-07-18,02,10,39,229041,0.456692,03,1251,0,0,Node 03: Network 3
18503,2025-07-18,02,10,40,315945,1.086904,01,250,0,0,Node 01: Network 3
18504,2025-07-18,02,10,40,773409,0.457464,02,750,0,0,Node 02: Network 3
18505,2025-07-18,02,10,41,231532,0.458123,03,1250,0,0,Node 03: Network 3
18506,2025-07-18,02,10,42,317341,1.085809,01,250,0,0,Node 01: Network 3
18507,2025-07-18,02,10,42,776293,0.458952,02,750,0,0,Node 02: Network 3
18508,2025-07-18,02,10,43,233820,0.457527,03,1250,0,0,Node 03: Network 3
18509,2025-07-18,02,10,44,318030,1.08421,01,250,0,0,Node 01: Network 3
18510,2025-07-18,02,10,44,776637,0.458607,02,750,0,0,Node 02: Network 3
18511,2025-07-18,02,10,45,235944,0.459307,03,1250,0,0,Node 03: Network 3
18512,2025-07-18,02,10,46,317885,1.081941,01,250,0,0,Node 01: Network 3
18513,2025-07-18,02,10,46,781089,0.463204,02,750,0,0,Node 02: Network 3
18514,2025-07-18,02,10,47,237848,0.456759,03,1250,0,0,Node 03: Network 3
18515,2025-07-18,02,10,48,317705,1.079857,01,250,0,0,Node 01: Network 3
18516,2025-07-18,02,10,48,782325,0.46462,02,750,0,0,Node 02: Network 3
18517,2025-07-18,02,10,49,239790,0.457465,03,1250,0,0,Node 03: Network 3
18518,2025-07-18,02,10,50,320488,1.080698,01,250,0,0,Node 01: Network 3
18519,2025-07-18,02,10,50,784709,0.464221,02,750,0,0,Node 02: Network 3
18520,2025-07-18,02,10,51,242083,0.457374,03,1250,0,0,Node 03: Network 3
18521,2025-07-18,02,10,52,327893,1.08581,01,250,0,0,Node 01: Network 3
18522,2025-07-18,02,10,52,785869,0.457976,02,750,0,0,Node 02: Network 3
18523,2025-07-18,02,10,53,244566,0.458697,03,1250,0,0,Node 03: Network 3
18524,2025-07-18,02,10,54,329446,1.08488,01,250,0,0,Node 01: Network 3
18525,2025-07-18,02,10,54,788313,0.458867,02,750,0,0,Node 02: Network 3
18526,2025-07-18,02,10,55,246541,0.458228,03,1251,0,0,Node 03: Network 3
18527,2025-07-18,02,10,56,330704,1.084163,01,250,0,0,Node 01: Network 3
18528,2025-07-18,02,10,56,790701,0.459997,02,750,0,0,Node 02: Network 3
18529,2025-07-18,02,10,57,248926,0.458225,03,1250,0,0,Node 03: Network 3
18530,2025-07-18,02,10,58,329921,1.080995,01,250,0,0,Node 01: Network 3
18531,2025-07-18,02,10,58,792069,0.462148,02,750,0,0,Node 02: Network 3
18532,2025-07-18,02,10,59,251177,0.459108,03,1250,0,0,Node 03: Network 3
18533,2025-07-18,02,11,00,335248,1.084071,01,250,0,0,Node 01: Network 3
18534,2025-07-18,02,11,00,794632,0.459384,02,750,0,0,Node 02: Network 3
18535,2025-07-18,02,11,01,252461,0.457829,03,1250,0,0,Node 03: Network 3
18536,2025-07-18,02,11,02,336518,1.084057,01,250,0,0,Node 01: Network 3
18537,2025-07-18,02,11,02,795350,0.458832,02,750,0,0,Node 02: Network 3
18538,2025-07-18,02,11,03,255431,0.460081,03,1250,0,0,Node 03: Network 3
18539,2025-07-18,02,11,04,340959,1.085528,01,250,0,0,Node 01: Network 3
18540,2025-07-18,02,11,04,798514,0.457555,02,750,0,0,Node 02: Network 3
18541,2025-07-18,02,11,05,257455,0.458941,03,1250,0,0,Node 03: Network 3
18542,2025-07-18,02,11,06,341609,1.084154,01,250,0,0,Node 01: Network 3
18543,2025-07-18,02,11,06,800480,0.458871,02,750,0,0,Node 02: Network 3
18544,2025-07-18,02,11,07,345603,0.545123,03,1250,0,0,Node 03: Network 3
18545,2025-07-18,02,11,08,342684,0.997081,01,250,0,0,Node 01: Network 3
18546,2025-07-18,02,11,08,802877,0.460193,02,750,0,0,Node 02: Network 3
18547,2025-07-18,02,11,09,348535,0.545658,03,1250,0,0,Node 03: Network 3
18548,2025-07-18,02,11,10,342466,0.993931,01,250,0,0,Node 01: Network 3
18549,2025-07-18,02,11,10,805126,0.46266,02,750,0,0,Node 02: Network 3
18550,2025-07-18,02,11,11,350888,0.545762,03,1250,0,0,Node 03: Network 3
18551,2025-07-18,02,11,12,344339,0.993451,01,250,0,0,Node 01: Network 3
18552,2025-07-18,02,11,12,807567,0.463228,02,750,0,0,Node 02: Network 3
18553,2025-07-18,02,11,13,354308,0.546741,03,1250,0,0,Node 03: Network 3
18554,2025-07-18,02,11,14,344548,0.99024,01,250,0,0,Node 01: Network 3
18555,2025-07-18,02,11,14,897536,0.552988,02,750,0,0,Node 02: Network 3
18556,2025-07-18,02,11,15,355378,0.457842,03,1250,0,0,Node 03: Network 3
18557,2025-07-18,02,11,16,345817,0.990439,01,250,0,0,Node 01: Network 3
18558,2025-07-18,02,11,16,900233,0.554416,02,750,0,0,Node 02: Network 3
18559,2025-07-18,02,11,17,357344,0.457111,03,1250,0,0,Node 03: Network 3
18560,2025-07-18,02,11,18,345562,0.988218,01,250,0,0,Node 01: Network 3
18561,2025-07-18,02,11,18,902206,0.556644,02,750,0,0,Node 02: Network 3
18562,2025-07-18,02,11,19,447743,0.545537,03,1250,0,0,Node 03: Network 3
18563,2025-07-18,02,11,19,931271,0.483528,BB,0,1,0,
18564,2025-07-18,02,11,20,006627,0.075356,03,1052,0,1,
18565,2025-07-18,02,11,21,251177,1.24455,03,1250,0,0,Node 03: Network 3
18566,2025-07-18,02,11,22,293572,1.042395,01,250,0,0,Node 01: Network 3
18567,2025-07-18,02,11,22,795438,0.501866,02,750,0,0,Node 02: Network 3
18568,2025-07-18,02,11,23,253407,0.457969,03,1250,0,0,Node 03: Network 3
18569,2025-07-18,02,11,24,294937,1.04153,01,250,0,0,Node 01: Network 3
18570,2025-07-18,02,11,24,796204,0.501267,02,750,0,0,Node 02: Network 3
18571,2025-07-18,02,11,25,254351,0.458147,03,1250,0,0,Node 03: Network 3
18572,2025-07-18,02,11,26,296506,1.042155,01,250,0,0,Node 01: Network 3
18573,2025-07-18,02,11,26,798285,0.501779,02,750,0,0,Node 02: Network 3
18574,2025-07-18,02,11,27,256840,0.458555,03,1250,0,0,Node 03: Network 3
18575,2025-07-18,02,11,28,343121,1.086281,01,250,0,0,Node 01: Network 3
18576,2025-07-18,02,11,28,800312,0.457191,02,750,0,0,Node 02: Network 3
18577,2025-07-18,02,11,29,259738,0.459426,03,1250,0,0,Node 03: Network 3
18578,2025-07-18,02,11,30,345297,1.085559,01,250,0,0,Node 01: Network 3
18579,2025-07-18,02,11,30,802127,0.45683,02,750,0,0,Node 02: Network 3
18580,2025-07-18,02,11,31,260968,0.458841,03,1250,0,0,Node 03: Network 3
18581,2025-07-18,02,11,32,346038,1.08507,01,250,0,0,Node 01: Network 3
18582,2025-07-18,02,11,32,805555,0.459517,02,751,0,0,Node 02: Network 3
18583,2025-07-18,02,11,33,263332,0.457777,03,1250,0,0,Node 03: Network 3
18584,2025-07-18,02,11,34,346036,1.082704,01,250,0,0,Node 01: Network 3
18585,2025-07-18,02,11,34,806957,0.460921,02,750,0,0,Node 02: Network 3
18586,2025-07-18,02,11,35,393275,0.586318,03,1250,0,0,Node 03: Network 3
18587,2025-07-18,02,11,36,437139,1.043864,01,250,0,0,Node 01: Network 3
18588,2025-07-18,02,11,36,808860,0.371721,02,750,0,0,Node 02: Network 3
18589,2025-07-18,02,11,37,394999,0.586139,03,1250,0,0,Node 03: Network 3
18590,2025-07-18,02,11,38,437775,1.042776,01,250,0,0,Node 01: Network 3
18591,2025-07-18,02,11,38,811295,0.37352,02,750,0,0,Node 02: Network 3
18592,2025-07-18,02,11,39,397108,0.585813,03,1250,0,0,Node 03: Network 3
18593,2025-07-18,02,11,40,439288,1.04218,01,250,0,0,Node 01: Network 3
18594,2025-07-18,02,11,40,982432,0.543144,02,750,0,0,Node 02: Network 3
18595,2025-07-18,02,11,41,399911,0.417479,03,1250,0,0,Node 03: Network 3
18596,2025-07-18,02,11,41,978688,0.578777,BB,0,1,0,
18597,2025-07-18,02,11,43,983352,2.004664,BB,0,1,0,
18598,2025-07-18,02,11,44,060132,0.07678,02,1820,0,1,
18599,2025-07-18,02,11,44,103079,0.042947,01,1866,0,1,
18600,2025-07-18,02,11,44,154862,0.051783,03,1906,0,1,
18601,2025-07-18,02,11,44,303881,0.149019,01,250,0,0,Node 01: Network 3
18602,2025-07-18,02,11,44,800226,0.496345,02,750,0,0,Node 02: Network 3
18603,2025-07-18,02,11,45,347347,0.547121,03,1250,0,0,Node 03: Network 3
18604,2025-07-18,02,11,46,299506,0.952159,01,250,0,0,Node 01: Network 3
18605,2025-07-18,02,11,46,802686,0.50318,02,750,0,0,Node 02: Network 3
18606,2025-07-18,02,11,47,350063,0.547377,03,1250,0,0,Node 03: Network 3
18607,2025-07-18,02,11,48,300873,0.95081,01,250,0,0,Node 01: Network 3
18608,2025-07-18,02,11,48,804152,0.503279,02,750,0,0,Node 02: Network 3
18609,2025-07-18,02,11,49,351160,0.547008,03,1250,0,0,Node 03: Network 3
18610,2025-07-18,02,11,50,301010,0.94985,01,250,0,0,Node 01: Network 3
18611,2025-07-18,02,11,50,806015,0.505005,02,750,0,0,Node 02: Network 3
18612,2025-07-18,02,11,51,353332,0.547317,03,1250,0,0,Node 03: Network 3
18613,2025-07-18,02,11,52,301794,0.948462,01,250,0,0,Node 01: Network 3
18614,2025-07-18,02,11,52,808361,0.506567,02,750,0,0,Node 02: Network 3
18615,2025-07-18,02,11,53,355103,0.546742,03,1250,0,0,Node 03: Network 3
18616,2025-07-18,02,11,54,302093,0.94699,01,250,0,0,Node 01: Network 3
18617,2025-07-18,02,11,54,809862,0.507769,02,750,0,0,Node 02: Network 3
18618,2025-07-18,02,11,55,357590,0.547728,03,1250,0,0,Node 03: Network 3
18619,2025-07-18,02,11,56,353077,0.995487,01,250,0,0,Node 01: Network 3
18620,2025-07-18,02,11,56,812475,0.459398,02,750,0,0,Node 02: Network 3
18621,2025-07-18,02,11,57,360184,0.547709,03,1250,0,0,Node 03: Network 3
18622,2025-07-18,02,11,58,354882,0.994698,01,250,0,0,Node 01: Network 3
18623,2025-07-18,02,11,58,814859,0.459977,02,750,0,0,Node 02: Network 3
18624,2025-07-18,02,11,59,361595,0.546736,03,1250,0,0,Node 03: Network 3
18625,2025-07-18,02,12,00,355747,0.994152,01,250,0,0,Node 01: Network 3
18626,2025-07-18,02,12,00,815607,0.45986,02,750,0,0,Node 02: Network 3
18627,2025-07-18,02,12,01,364989,0.549382,03,1250,0,0,Node 03: Network 3
18628,2025-07-18,02,12,02,354959,0.98997,01,250,0,0,Node 01: Network 3
18629,2025-07-18,02,12,02,819098,0.464139,02,750,0,0,Node 02: Network 3
18630,2025-07-18,02,12,03,367058,0.54796,03,1250,0,0,Node 03: Network 3
18631,2025-07-18,02,12,04,355997,0.988939,01,250,0,0,Node 01: Network 3
18632,2025-07-18,02,12,04,911494,0.555497,02,750,0,0,Node 02: Network 3
18633,2025-07-18,02,12,05,368725,0.457231,03,1250,0,0,Node 03: Network 3
18634,2025-07-18,02,12,06,356686,0.987961,01,250,0,0,Node 01: Network 3
18635,2025-07-18,02,12,06,913140,0.556454,02,750,0,0,Node 02: Network 3
18636,2025-07-18,02,12,07,370967,0.457827,03,1250,0,0,Node 03: Network 3
18637,2025-07-18,02,12,08,357835,0.986868,01,250,0,0,Node 01: Network 3
18638,2025-07-18,02,12,08,915102,0.557267,02,750,0,0,Node 02: Network 3
18639,2025-07-18,02,12,09,372053,0.456951,03,1250,0,0,Node 03: Network 3
18640,2025-07-18,02,12,10,357913,0.98586,01,250,0,0,Node 01: Network 3
18641,2025-07-18,02,12,10,916776,0.558863,02,750,0,0,Node 02: Network 3
18642,2025-07-18,02,12,11,374998,0.458222,03,1250,0,0,Node 03: Network 3
18643,2025-07-18,02,12,12,358563,0.983565,01,250,0,0,Node 01: Network 3
18644,2025-07-18,02,12,12,918470,0.559907,02,750,0,0,Node 02: Network 3
18645,2025-07-18,02,12,13,406527,0.488057,03,1250,0,0,Node 03: Network 3
18646,2025-07-18,02,12,14,463865,1.057338,01,250,0,0,Node 01: Network 3
18647,2025-07-18,02,12,14,920269,0.456404,02,750,0,0,Node 02: Network 3
18648,2025-07-18,02,12,15,408557,0.488288,03,1250,0,0,Node 03: Network 3
18649,2025-07-18,02,12,16,464298,1.055741,01,250,0,0,Node 01: Network 3
18650,2025-07-18,02,12,16,923495,0.459197,02,751,0,0,Node 02: Network 3
18651,2025-07-18,02,12,17,410694,0.487199,03,1250,0,0,Node 03: Network 3
18652,2025-07-18,02,12,18,492409,1.081715,01,250,0,0,Node 01: Network 3
18653,2025-07-18,02,12,18,994917,0.502508,02,750,0,0,Node 02: Network 3
18654,2025-07-18,02,12,19,413019,0.418102,03,1250,0,0,Node 03: Network 3
18655,2025-07-18,02,12,20,465536,1.052517,01,250,0,0,Node 01: Network 3
18656,2025-07-18,02,12,20,998901,0.533365,02,750,0,0,Node 02: Network 3
18657,2025-07-18,02,12,21,513118,0.514217,03,1250,0,0,Node 03: Network 3
18658,2025-07-18,02,12,22,543372,1.030254,01,250,0,0,Node 01: Network 3
18659,2025-07-18,02,12,23,000332,0.45696,02,750,0,0,Node 02: Network 3
18660,2025-07-18,02,12,23,590820,0.590488,03,1250,0,0,Node 03: Network 3
18661,2025-07-18,02,12,24,071217,0.480397,BB,0,1,0,
18662,2025-07-18,02,12,26,075792,2.004575,BB,0,1,0,
18663,2025-07-18,02,12,26,147431,0.071639,02,1763,0,1,
18664,2025-07-18,02,12,26,160975,0.013544,03,1808,0,1,
18665,2025-07-18,02,12,26,173993,0.013018,01,1855,0,1,
18666,2025-07-18,02,12,26,391617,0.217624,01,250,0,0,Node 01: Network 3
18667,2025-07-18,02,12,26,892637,0.50102,02,750,0,0,Node 02: Network 3
18668,2025-07-18,02,12,27,394027,0.50139,03,1250,0,0,Node 03: Network 3
18669,2025-07-18,02,12,28,264532,0.870505,0,03,1,0,0:Node 03: Network 3
18670,2025-07-18,02,12,28,306858,0.042326,BB,0,1,0,
18671,2025-07-18,02,12,28,351463,0.044605,BB,0,1,0,
18672,2025-07-18,02,12,28,409516,0.058053,BB,0,1,0,03:620:0:1
18673,2025-07-18,02,12,28,437556,0.02804,02,620,0,1,622:0:1
18674,2025-07-18,02,12,28,470820,0.033264,03,117,0,1,
18675,2025-07-18,02,12,28,483841,0.013021,02,282,0,1,
18676,2025-07-18,02,12,28,516472,0.032631,01,250,0,0,Node 01: Network 3
18677,2025-07-18,02,12,28,591106,0.074634,02,750,0,0,Node 02: Network 3
18678,2025-07-18,02,12,28,627814,0.036708,01,238,0,1,
18679,2025-07-18,02,12,28,742359,0.114545,01,251,0,0,Node 01: Network 3
18680,2025-07-18,02,12,28,789303,0.046944,02,45,0,1,
18681,2025-07-18,02,12,28,853991,0.064688,01,281,0,0,Node 01: Network 3
18682,2025-07-18,02,12,28,889545,0.035554,01,262,0,0,Node 01: Network 3
18683,2025-07-18,02,12,28,959453,0.069908,02,781,0,0,Node 02: Network 3
18684,2025-07-18,02,12,29,011982,0.052529,03,1250,0,0,Node 03: Network 3
18685,2025-07-18,02,12,29,070874,0.058892,01,282,0,0,Node 01: Network 3
18686,2025-07-18,02,12,29,117512,0.046638,01,250,0,0,Node 01: Network 3
18687,2025-07-18,02,12,29,222560,0.105048,01,250,0,0,Node 01: Network 3
18688,2025-07-18,02,12,29,254745,0.032185,01,292,0,0,Node 01: Network 3
18689,2025-07-18,02,12,29,326522,0.071777,02,750,0,0,Node 02: Network 3
18690,2025-07-18,02,12,29,425191,0.098669,03,1250,0,0,Node 03: Network 3
18691,2025-07-18,02,12,29,552355,0.127164,02,750,0,0,Node 02: Network 3
18692,2025-07-18,02,12,29,589563,0.037208,01,250,0,0,Node 01: Network 3
18693,2025-07-18,02,12,29,622440,0.032877,03,1250,0,0,Node 03: Network 3
18694,2025-07-18,02,12,29,980042,0.357602,02,750,0,0,Node 02: Network 3
18695,2025-07-18,02,12,30,084863,0.104821,BB,0,1,0,
18696,2025-07-18,02,12,32,089053,2.00419,BB,0,1,0,
18697,2025-07-18,02,12,32,129597,0.040544,02,1144,0,1,
18698,2025-07-18,02,12,32,180451,0.050854,01,1491,0,1,
18699,2025-07-18,02,12,32,192682,0.012231,03,1867,0,1,
18700,2025-07-18,02,12,32,905754,0.713072,02,750,0,0,Node 02: Network 3
18701,2025-07-18,02,12,33,407485,0.501731,03,1250,0,0,Node 03: Network 3
18702,2025-07-18,02,12,34,451291,1.043806,01,250,0,0,Node 01: Network 3
18703,2025-07-18,02,12,34,906465,0.455174,02,750,0,0,Node 02: Network 3
18704,2025-07-18,02,12,35,409607,0.503142,03,1250,0,0,Node 03: Network 3
18705,2025-07-18,02,12,36,450963,1.041356,01,250,0,0,Node 01: Network 3
18706,2025-07-18,02,12,36,953113,0.50215,02,750,0,0,Node 02: Network 3
18707,2025-07-18,02,12,37,413135,0.460022,03,1250,0,0,Node 03: Network 3
18708,2025-07-18,02,12,38,451885,1.03875,01,250,0,0,Node 01: Network 3
18709,2025-07-18,02,12,38,955881,0.503996,02,750,0,0,Node 02: Network 3
18710,2025-07-18,02,12,39,414592,0.458711,03,1250,0,0,Node 03: Network 3
18711,2025-07-18,02,12,40,500517,1.085925,01,250,0,0,Node 01: Network 3
18712,2025-07-18,02,12,40,957291,0.456774,02,750,0,0,Node 02: Network 3
18713,2025-07-18,02,12,41,417254,0.459963,03,1250,0,0,Node 03: Network 3
18714,2025-07-18,02,12,42,501113,1.083859,01,250,0,0,Node 01: Network 3
18715,2025-07-18,02,12,42,959248,0.458135,02,750,0,0,Node 02: Network 3
18716,2025-07-18,02,12,43,418536,0.459288,03,1250,0,0,Node 03: Network 3
18717,2025-07-18,02,12,44,501285,1.082749,01,250,0,0,Node 01: Network 3
18718,2025-07-18,02,12,44,962008,0.460723,02,750,0,0,Node 02: Network 3
18719,2025-07-18,02,12,45,420697,0.458689,03,1250,0,0,Node 03: Network 3
18720,2025-07-18,02,12,46,505326,1.084629,01,250,0,0,Node 01: Network 3
18721,2025-07-18,02,12,46,963576,0.45825,02,750,0,0,Node 02: Network 3
18722,2025-07-18,02,12,47,430212,0.466636,03,1250,0,0,Node 03: Network 3
18723,2025-07-18,02,12,48,964731,1.534519,02,750,0,0,Node 02: Network 3
18724,2025-07-18,02,12,49,510684,0.545953,03,1250,0,0,Node 03: Network 3
18725,2025-07-18,02,12,50,510133,0.999449,01,250,0,0,Node 01: Network 3
18726,2025-07-18,02,12,50,967313,0.45718,02,750,0,0,Node 02: Network 3
18727,2025-07-18,02,12,51,513191,0.545878,03,1250,0,0,Node 03: Network 3
18728,2025-07-18,02,12,52,509829,0.996638,01,250,0,0,Node 01: Network 3
18729,2025-07-18,02,12,52,969551,0.459722,02,750,0,0,Node 02: Network 3
18730,2025-07-18,02,12,53,516072,0.546521,03,1250,0,0,Node 03: Network 3
18731,2025-07-18,02,12,54,510894,0.994822,01,250,0,0,Node 01: Network 3
18732,2025-07-18,02,12,54,971549,0.460655,02,750,0,0,Node 02: Network 3
18733,2025-07-18,02,12,55,518399,0.54685,03,1250,0,0,Node 03: Network 3
18734,2025-07-18,02,12,56,511644,0.993245,01,250,0,0,Node 01: Network 3
18735,2025-07-18,02,12,56,973629,0.461985,02,750,0,0,Node 02: Network 3
18736,2025-07-18,02,12,57,521031,0.547402,03,1250,0,0,Node 03: Network 3
18737,2025-07-18,02,12,58,510988,0.989957,01,250,0,0,Node 01: Network 3
18738,2025-07-18,02,12,58,975054,0.464066,02,750,0,0,Node 02: Network 3
18739,2025-07-18,02,12,59,522196,0.547142,03,1250,0,0,Node 03: Network 3
18740,2025-07-18,02,13,00,512099,0.989903,01,250,0,0,Node 01: Network 3
18741,2025-07-18,02,13,00,976617,0.464518,02,750,0,0,Node 02: Network 3
18742,2025-07-18,02,13,01,524824,0.548207,03,1250,0,0,Node 03: Network 3
18743,2025-07-18,02,13,02,513130,0.988306,01,250,0,0,Node 01: Network 3
18744,2025-07-18,02,13,03,068518,0.555388,02,750,0,0,Node 02: Network 3
18745,2025-07-18,02,13,03,525694,0.457176,03,1250,0,0,Node 03: Network 3
18746,2025-07-18,02,13,04,612675,1.086981,01,250,0,0,Node 01: Network 3
18747,2025-07-18,02,13,05,070488,0.457813,02,750,0,0,Node 02: Network 3
18748,2025-07-18,02,13,05,658359,0.587871,03,1250,0,0,Node 03: Network 3
18749,2025-07-18,02,13,06,613973,0.955614,01,250,0,0,Node 01: Network 3
18750,2025-07-18,02,13,07,071773,0.4578,02,750,0,0,Node 02: Network 3
18751,2025-07-18,02,13,07,661671,0.589898,03,1250,0,0,Node 03: Network 3
18752,2025-07-18,02,13,08,637327,0.975656,01,250,0,0,Node 01: Network 3
18753,2025-07-18,02,13,09,074037,0.43671,02,750,0,0,Node 02: Network 3
18754,2025-07-18,02,13,09,664489,0.590452,03,1251,0,0,Node 03: Network 3
18755,2025-07-18,02,13,10,616008,0.951519,01,250,0,0,Node 01: Network 3
18756,2025-07-18,02,13,11,077099,0.461091,02,750,0,0,Node 02: Network 3
18757,2025-07-18,02,13,11,667190,0.590091,03,1250,0,0,Node 03: Network 3
18758,2025-07-18,02,13,12,615172,0.947982,01,250,0,0,Node 01: Network 3
18759,2025-07-18,02,13,13,078717,0.463545,02,750,0,0,Node 02: Network 3
18760,2025-07-18,02,13,13,669636,0.590919,03,1250,0,0,Node 03: Network 3
18761,2025-07-18,02,13,14,617046,0.94741,01,250,0,0,Node 01: Network 3
18762,2025-07-18,02,13,15,081601,0.464555,02,750,0,0,Node 02: Network 3
18763,2025-07-18,02,13,15,671086,0.589485,03,1250,0,0,Node 03: Network 3
18764,2025-07-18,02,13,16,616856,0.94577,01,250,0,0,Node 01: Network 3
18765,2025-07-18,02,13,17,214782,0.597926,02,750,0,0,Node 02: Network 3
18766,2025-07-18,02,13,17,672870,0.458088,03,1250,0,0,Node 03: Network 3
18767,2025-07-18,02,13,18,189740,0.51687,BB,0,1,0,
18768,2025-07-18,02,13,20,193871,2.004131,BB,0,1,0,
18769,2025-07-18,02,13,20,256799,0.062928,02,1799,0,1,
18770,2025-07-18,02,13,20,269825,0.013026,03,1843,0,1,
18771,2025-07-18,02,13,20,301381,0.031556,01,1757,0,1,
18772,2025-07-18,02,13,21,009539,0.708158,02,750,0,0,Node 02: Network 3
18773,2025-07-18,02,13,21,512958,0.503419,03,1250,0,0,Node 03: Network 3
18774,2025-07-18,02,13,22,553744,1.040786,01,250,0,0,Node 01: Network 3
18775,2025-07-18,02,13,23,011548,0.457804,02,750,0,0,Node 02: Network 3
18776,2025-07-18,02,13,23,515186,0.503638,03,1250,0,0,Node 03: Network 3
18777,2025-07-18,02,13,24,554176,1.03899,01,250,0,0,Node 01: Network 3
18778,2025-07-18,02,13,25,013813,0.459637,02,750,0,0,Node 02: Network 3
18779,2025-07-18,02,13,25,516046,0.502233,03,1250,0,0,Node 03: Network 3
18780,2025-07-18,02,13,26,557606,1.04156,01,250,0,0,Node 01: Network 3
18781,2025-07-18,02,13,27,061338,0.503732,02,750,0,0,Node 02: Network 3
18782,2025-07-18,02,13,27,519584,0.458246,03,1250,0,0,Node 03: Network 3
18783,2025-07-18,02,13,28,605404,1.08582,01,250,0,0,Node 01: Network 3
18784,2025-07-18,02,13,29,063032,0.457628,02,750,0,0,Node 02: Network 3
18785,2025-07-18,02,13,29,521698,0.458666,03,1250,0,0,Node 03: Network 3
18786,2025-07-18,02,13,30,606844,1.085146,01,250,0,0,Node 01: Network 3
18787,2025-07-18,02,13,31,066318,0.459474,02,750,0,0,Node 02: Network 3
18788,2025-07-18,02,13,31,654387,0.588069,03,1250,0,0,Node 03: Network 3
18789,2025-07-18,02,13,32,606715,0.952328,01,250,0,0,Node 01: Network 3
18790,2025-07-18,02,13,33,067936,0.461221,02,750,0,0,Node 02: Network 3
18791,2025-07-18,02,13,33,656678,0.588742,03,1250,0,0,Node 03: Network 3
18792,2025-07-18,02,13,34,608009,0.951331,01,250,0,0,Node 01: Network 3
18793,2025-07-18,02,13,35,069419,0.46141,02,750,0,0,Node 02: Network 3
18794,2025-07-18,02,13,35,657635,0.588216,03,1250,0,0,Node 03: Network 3
18795,2025-07-18,02,13,36,613164,0.955529,01,250,0,0,Node 01: Network 3
18796,2025-07-18,02,13,37,072241,0.459077,02,750,0,0,Node 02: Network 3
18797,2025-07-18,02,13,37,660593,0.588352,03,1250,0,0,Node 03: Network 3
18798,2025-07-18,02,13,38,614116,0.953523,01,250,0,0,Node 01: Network 3
18799,2025-07-18,02,13,39,073521,0.459405,02,750,0,0,Node 02: Network 3
18800,2025-07-18,02,13,39,663410,0.589889,03,1250,0,0,Node 03: Network 3
18801,2025-07-18,02,13,40,615680,0.95227,01,250,0,0,Node 01: Network 3
18802,2025-07-18,02,13,41,075447,0.459767,02,750,0,0,Node 02: Network 3
18803,2025-07-18,02,13,41,664549,0.589102,03,1250,0,0,Node 03: Network 3
18804,2025-07-18,02,13,42,616338,0.951789,01,250,0,0,Node 01: Network 3
18805,2025-07-18,02,13,43,077238,0.4609,02,750,0,0,Node 02: Network 3
18806,2025-07-18,02,13,43,664102,0.586864,03,1250,0,0,Node 03: Network 3
18807,2025-07-18,02,13,44,623217,0.959115,01,250,0,0,Node 01: Network 3
18808,2025-07-18,02,13,45,079303,0.456086,02,750,0,0,Node 02: Network 3
18809,2025-07-18,02,13,45,665509,0.586206,03,1250,0,0,Node 03: Network 3
18810,2025-07-18,02,13,46,623304,0.957795,01,250,0,0,Node 01: Network 3
18811,2025-07-18,02,13,47,082421,0.459117,02,750,0,0,Node 02: Network 3
18812,2025-07-18,02,13,47,667362,0.584941,03,1250,0,0,Node 03: Network 3
18813,2025-07-18,02,13,48,623749,0.956387,01,250,0,0,Node 01: Network 3
18814,2025-07-18,02,13,49,169264,0.545515,02,750,0,0,Node 02: Network 3
18815,2025-07-18,02,13,49,668986,0.499722,03,1250,0,0,Node 03: Network 3
18816,2025-07-18,02,13,50,624222,0.955236,01,250,0,0,Node 01: Network 3
18817,2025-07-18,02,13,51,213316,0.589094,02,750,0,0,Node 02: Network 3
18818,2025-07-18,02,13,51,671949,0.458633,03,1250,0,0,Node 03: Network 3
18819,2025-07-18,02,13,52,625346,0.953397,01,250,0,0,Node 01: Network 3
18820,2025-07-18,02,13,53,216326,0.59098,02,750,0,0,Node 02: Network 3
18821,2025-07-18,02,13,53,672672,0.456346,03,1250,0,0,Node 03: Network 3
18822,2025-07-18,02,13,54,624989,0.952317,01,250,0,0,Node 01: Network 3
18823,2025-07-18,02,13,55,217909,0.59292,02,750,0,0,Node 02: Network 3
18824,2025-07-18,02,13,55,675692,0.457783,03,1250,0,0,Node 03: Network 3
18825,2025-07-18,02,13,56,627035,0.951343,01,250,0,0,Node 01: Network 3
18826,2025-07-18,02,13,57,219335,0.5923,02,750,0,0,Node 02: Network 3
18827,2025-07-18,02,13,57,678025,0.45869,03,1250,0,0,Node 03: Network 3
18828,2025-07-18,02,13,58,763226,1.085201,01,250,0,0,Node 01: Network 3
18829,2025-07-18,02,13,59,222194,0.458968,02,750,0,0,Node 02: Network 3
18830,2025-07-18,02,13,59,809405,0.587211,03,1250,0,0,Node 03: Network 3
18831,2025-07-18,02,14,00,281352,0.471947,BB,0,1,0,
18832,2025-07-18,02,14,02,287205,2.005853,BB,0,1,0,
18833,2025-07-18,02,14,02,340791,0.053586,01,1845,0,1,
18834,2025-07-18,02,14,02,354394,0.013603,02,1885,0,1,
18835,2025-07-18,02,14,02,374906,0.020512,03,1798,0,1,
18836,2025-07-18,02,14,04,290742,1.915836,BB,0,1,0,
18837,2025-07-18,02,14,04,345597,0.054855,01,1615,0,1,
18838,2025-07-18,02,14,04,360089,0.014492,02,1827,0,1,
18839,2025-07-18,02,14,04,426788,0.066699,03,1233,0,1,
18840,2025-07-18,02,14,04,606621,0.179833,01,250,0,0,Node 01: Network 3
18841,2025-07-18,02,14,05,107586,0.500965,02,751,0,0,Node 02: Network 3
18842,2025-07-18,02,14,05,609616,0.50203,03,1250,0,0,Node 03: Network 3
18843,2025-07-18,02,14,06,607060,0.997444,01,250,0,0,Node 01: Network 3
18844,2025-07-18,02,14,07,108560,0.5015,02,750,0,0,Node 02: Network 3
18845,2025-07-18,02,14,07,612023,0.503463,03,1250,0,0,Node 03: Network 3
18846,2025-07-18,02,14,08,608810,0.996787,01,250,0,0,Node 01: Network 3
18847,2025-07-18,02,14,09,110348,0.501538,02,750,0,0,Node 02: Network 3
18848,2025-07-18,02,14,09,614201,0.503853,03,1250,0,0,Node 03: Network 3
18849,2025-07-18,02,14,10,608197,0.993996,01,250,0,0,Node 01: Network 3
18850,2025-07-18,02,14,11,113201,0.505004,02,750,0,0,Node 02: Network 3
18851,2025-07-18,02,14,11,616167,0.502966,03,1250,0,0,Node 03: Network 3
18852,2025-07-18,02,14,12,609502,0.993335,01,250,0,0,Node 01: Network 3
18853,2025-07-18,02,14,13,152657,0.543155,02,750,0,0,Node 02: Network 3
18854,2025-07-18,02,14,13,655998,0.503341,03,1250,0,0,Node 03: Network 3
18855,2025-07-18,02,14,14,609104,0.953106,01,250,0,0,Node 01: Network 3
18856,2025-07-18,02,14,15,153592,0.544488,02,750,0,0,Node 02: Network 3
18857,2025-07-18,02,14,15,656737,0.503145,03,1250,0,0,Node 03: Network 3
18858,2025-07-18,02,14,16,610872,0.954135,01,250,0,0,Node 01: Network 3
18859,2025-07-18,02,14,17,155945,0.545073,02,750,0,0,Node 02: Network 3
18860,2025-07-18,02,14,17,660061,0.504116,03,1250,0,0,Node 03: Network 3
18861,2025-07-18,02,14,18,611053,0.950992,01,250,0,0,Node 01: Network 3
18862,2025-07-18,02,14,19,158531,0.547478,02,751,0,0,Node 02: Network 3
18863,2025-07-18,02,14,19,661725,0.503194,03,1250,0,0,Node 03: Network 3
18864,2025-07-18,02,14,20,613001,0.951276,01,250,0,0,Node 01: Network 3
18865,2025-07-18,02,14,21,159828,0.546827,02,750,0,0,Node 02: Network 3
18866,2025-07-18,02,14,21,664834,0.505006,03,1250,0,0,Node 03: Network 3
18867,2025-07-18,02,14,22,613654,0.94882,01,250,0,0,Node 01: Network 3
18868,2025-07-18,02,14,23,161282,0.547628,02,750,0,0,Node 02: Network 3
18869,2025-07-18,02,14,23,666120,0.504838,03,1250,0,0,Node 03: Network 3
18870,2025-07-18,02,14,24,614649,0.948529,01,250,0,0,Node 01: Network 3
18871,2025-07-18,02,14,25,164749,0.5501,02,750,0,0,Node 02: Network 3
18872,2025-07-18,02,14,25,660954,0.496205,03,1250,0,0,Node 03: Network 3
18873,2025-07-18,02,14,26,614210,0.953256,01,250,0,0,Node 01: Network 3
18874,2025-07-18,02,14,27,165680,0.55147,02,750,0,0,Node 02: Network 3
18875,2025-07-18,02,14,27,662202,0.496522,03,1250,0,0,Node 03: Network 3
18876,2025-07-18,02,14,28,614890,0.952688,01,250,0,0,Node 01: Network 3
18877,2025-07-18,02,14,29,167193,0.552303,02,750,0,0,Node 02: Network 3
18878,2025-07-18,02,14,29,665925,0.498732,03,1250,0,0,Node 03: Network 3
18879,2025-07-18,02,14,30,615525,0.9496,01,250,0,0,Node 01: Network 3
18880,2025-07-18,02,14,31,170478,0.554953,02,750,0,0,Node 02: Network 3
18881,2025-07-18,02,14,31,717286,0.546808,03,1250,0,0,Node 03: Network 3
18882,2025-07-18,02,14,32,714649,0.997363,01,250,0,0,Node 01: Network 3
18883,2025-07-18,02,14,33,172162,0.457513,02,750,0,0,Node 02: Network 3
18884,2025-07-18,02,14,33,719814,0.547652,03,1250,0,0,Node 03: Network 3
18885,2025-07-18,02,14,34,540342,0.820528,BB,0,1,0,
18886,2025-07-18,02,14,34,617540,0.077198,BB,0,1,0,1144:0:1
18887,2025-07-18,02,14,34,664048,0.046508,03,1867,0,1,1491:0:1
18888,2025-07-18,02,14,34,687771,0.023723,01,225,0,1,
18889,2025-07-18,02,14,34,699930,0.012159,03,222,0,1,
18890,2025-07-18,02,14,34,724669,0.024739,02,267,0,1,
18891,2025-07-18,02,14,34,758457,0.033788,02,750,0,0,Node 02: Network 3
18892,2025-07-18,02,14,35,006481,0.248024,01,281,0,0,Node 01: Network 3
18893,2025-07-18,02,14,35,038954,0.032473,01,250,0,0,Node 01: Network 3
18894,2025-07-18,02,14,35,073161,0.034207,03,1250,0,0,Node 03: Network 3
18895,2025-07-18,02,14,35,163846,0.090685,01,282,0,0,Node 01: Network 3
18896,2025-07-18,02,14,35,208747,0.044901,01,292,0,0,Node 01: Network 3
18897,2025-07-18,02,14,35,250890,0.042143,02,750,0,0,Node 02: Network 3
18898,2025-07-18,02,14,35,301052,0.050162,03,1250,0,0,Node 03: Network 3
18899,2025-07-18,02,14,35,363512,0.06246,02,750,0,0,Node 02: Network 3
18900,2025-07-18,02,14,35,396656,0.033144,02,750,0,0,Node 02: Network 3
18901,2025-07-18,02,14,35,466162,0.069506,03,1250,0,0,Node 03: Network 3
18902,2025-07-18,02,14,35,498413,0.032251,02,762,0,0,Node 02: Network 3
18903,2025-07-18,02,14,35,535476,0.037063,01,250,0,0,Node 01: Network 3
18904,2025-07-18,02,14,35,926645,0.391169,03,1250,0,0,Node 03: Network 3
18905,2025-07-18,02,14,36,361311,0.434666,BB,0,1,0,
18906,2025-07-18,02,14,38,365327,2.004016,BB,0,1,0,
18907,2025-07-18,02,14,38,420571,0.055244,01,1763,0,1,
18908,2025-07-18,02,14,38,433191,0.01262,02,1761,0,1,
18909,2025-07-18,02,14,38,491280,0.058089,03,1761,0,1,
18910,2025-07-18,02,14,38,700809,0.209529,01,250,0,0,Node 01: Network 3
18911,2025-07-18,02,14,39,197092,0.496283,02,750,0,0,Node 02: Network 3
18912,2025-07-18,02,14,39,684732,0.48764,03,1250,0,0,Node 03: Network 3
18913,2025-07-18,02,14,40,681299,0.996567,01,250,0,0,Node 01: Network 3
18914,2025-07-18,02,14,41,198788,0.517489,02,750,0,0,Node 02: Network 3
18915,2025-07-18,02,14,41,687453,0.488665,03,1250,0,0,Node 03: Network 3
18916,2025-07-18,02,14,42,681862,0.994409,01,250,0,0,Node 01: Network 3
18917,2025-07-18,02,14,43,225486,0.543624,02,750,0,0,Node 02: Network 3
18918,2025-07-18,02,14,43,688628,0.463142,03,1250,0,0,Node 03: Network 3
18919,2025-07-18,02,14,44,683400,0.994772,01,250,0,0,Node 01: Network 3
18920,2025-07-18,02,14,45,225762,0.542362,02,750,0,0,Node 02: Network 3
18921,2025-07-18,02,14,45,690509,0.464747,03,1250,0,0,Node 03: Network 3
18922,2025-07-18,02,14,46,683898,0.993389,01,250,0,0,Node 01: Network 3
18923,2025-07-18,02,14,47,229764,0.545866,02,750,0,0,Node 02: Network 3
18924,2025-07-18,02,14,47,731603,0.501839,03,1250,0,0,Node 03: Network 3
18925,2025-07-18,02,14,48,773636,1.042033,01,250,0,0,Node 01: Network 3
18926,2025-07-18,02,14,49,231135,0.457499,02,750,0,0,Node 02: Network 3
18927,2025-07-18,02,14,49,732246,0.501111,03,1250,0,0,Node 03: Network 3
18928,2025-07-18,02,14,50,775198,1.042952,01,250,0,0,Node 01: Network 3
18929,2025-07-18,02,14,51,233516,0.458318,02,751,0,0,Node 02: Network 3
18930,2025-07-18,02,14,51,734826,0.50131,03,1250,0,0,Node 03: Network 3
18931,2025-07-18,02,14,52,774625,1.039799,01,250,0,0,Node 01: Network 3
18932,2025-07-18,02,14,53,235533,0.460908,02,750,0,0,Node 02: Network 3
18933,2025-07-18,02,14,54,774711,1.539178,01,250,0,0,Node 01: Network 3
18934,2025-07-18,02,14,55,237268,0.462557,02,750,0,0,Node 02: Network 3
18935,2025-07-18,02,14,55,784096,0.546828,03,1250,0,0,Node 03: Network 3
18936,2025-07-18,02,14,56,776689,0.992593,01,250,0,0,Node 01: Network 3
18937,2025-07-18,02,14,57,239557,0.462868,02,750,0,0,Node 02: Network 3
18938,2025-07-18,02,14,57,786943,0.547386,03,1250,0,0,Node 03: Network 3
18939,2025-07-18,02,14,58,776191,0.989248,01,250,0,0,Node 01: Network 3
18940,2025-07-18,02,14,59,240990,0.464799,02,750,0,0,Node 02: Network 3
18941,2025-07-18,02,14,59,787880,0.54689,03,1250,0,0,Node 03: Network 3
18942,2025-07-18,02,15,00,778347,0.990467,01,250,0,0,Node 01: Network 3
18943,2025-07-18,02,15,01,243303,0.464956,02,750,0,0,Node 02: Network 3
18944,2025-07-18,02,15,01,825255,0.581952,03,1250,0,0,Node 03: Network 3
18945,2025-07-18,02,15,02,779037,0.953782,01,250,0,0,Node 01: Network 3
18946,2025-07-18,02,15,03,245318,0.466281,02,750,0,0,Node 02: Network 3
18947,2025-07-18,02,15,03,825953,0.580635,03,1250,0,0,Node 03: Network 3
18948,2025-07-18,02,15,04,789934,0.963981,01,250,0,0,Node 01: Network 3
18949,2025-07-18,02,15,05,246530,0.456596,02,750,0,0,Node 02: Network 3
18950,2025-07-18,02,15,05,828633,0.582103,03,1250,0,0,Node 03: Network 3
18951,2025-07-18,02,15,06,790227,0.961594,01,250,0,0,Node 01: Network 3
18952,2025-07-18,02,15,07,250024,0.459797,02,751,0,0,Node 02: Network 3
18953,2025-07-18,02,15,07,830621,0.580597,03,1250,0,0,Node 03: Network 3
18954,2025-07-18,02,15,08,790125,0.959504,01,250,0,0,Node 01: Network 3
18955,2025-07-18,02,15,09,375248,0.585123,02,750,0,0,Node 02: Network 3
18956,2025-07-18,02,15,09,832706,0.457458,03,1250,0,0,Node 03: Network 3
18957,2025-07-18,02,15,10,919737,1.087031,01,250,0,0,Node 01: Network 3
18958,2025-07-18,02,15,11,376201,0.456464,02,750,0,0,Node 02: Network 3
18959,2025-07-18,02,15,11,834092,0.457891,03,1250,0,0,Node 03: Network 3
18960,2025-07-18,02,15,12,921276,1.087184,01,250,0,0,Node 01: Network 3
18961,2025-07-18,02,15,13,378252,0.456976,02,750,0,0,Node 02: Network 3
18962,2025-07-18,02,15,13,836758,0.458506,03,1250,0,0,Node 03: Network 3
18963,2025-07-18,02,15,14,921496,1.084738,01,250,0,0,Node 01: Network 3
18964,2025-07-18,02,15,15,380549,0.459053,02,750,0,0,Node 02: Network 3
18965,2025-07-18,02,15,15,839994,0.459445,03,1251,0,0,Node 03: Network 3
18966,2025-07-18,02,15,16,922140,1.082146,01,250,0,0,Node 01: Network 3
18967,2025-07-18,02,15,17,382788,0.460648,02,750,0,0,Node 02: Network 3
18968,2025-07-18,02,15,17,841274,0.458486,03,1250,0,0,Node 03: Network 3
18969,2025-07-18,02,15,18,966348,1.125074,01,250,0,0,Node 01: Network 3
18970,2025-07-18,02,15,19,385199,0.418851,02,750,0,0,Node 02: Network 3
18971,2025-07-18,02,15,19,844261,0.459062,03,1250,0,0,Node 03: Network 3
18972,2025-07-18,02,15,20,928945,1.084684,01,250,0,0,Node 01: Network 3
18973,2025-07-18,02,15,21,386612,0.457667,02,750,0,0,Node 02: Network 3
18974,2025-07-18,02,15,21,931438,0.544826,03,1250,0,0,Node 03: Network 3
18975,2025-07-18,02,15,22,930273,0.998835,01,250,0,0,Node 01: Network 3
18976,2025-07-18,02,15,23,390302,0.460029,02,750,0,0,Node 02: Network 3
18977,2025-07-18,02,15,23,934698,0.544396,03,1250,0,0,Node 03: Network 3
18978,2025-07-18,02,15,24,931118,0.99642,01,250,0,0,Node 01: Network 3
18979,2025-07-18,02,15,25,392152,0.461034,02,750,0,0,Node 02: Network 3
18980,2025-07-18,02,15,25,937032,0.54488,03,1250,0,0,Node 03: Network 3
18981,2025-07-18,02,15,26,931689,0.994657,01,250,0,0,Node 01: Network 3
18982,2025-07-18,02,15,27,393510,0.461821,02,750,0,0,Node 02: Network 3
18983,2025-07-18,02,15,27,939143,0.545633,03,1250,0,0,Node 03: Network 3
18984,2025-07-18,02,15,28,938915,0.999772,01,250,0,0,Node 01: Network 3
18985,2025-07-18,02,15,29,482509,0.543594,02,750,0,0,Node 02: Network 3
18986,2025-07-18,02,15,29,941601,0.459092,03,1250,0,0,Node 03: Network 3
18987,2025-07-18,02,15,30,478577,0.536976,BB,0,1,0,
18988,2025-07-18,02,15,32,484599,2.006022,BB,0,1,0,
18989,2025-07-18,02,15,32,518781,0.034182,02,1821,0,1,
18990,2025-07-18,02,15,32,533267,0.014486,01,1868,0,1,
18991,2025-07-18,02,15,32,567667,0.0344,03,1865,0,1,
18992,2025-07-18,02,15,33,300254,0.732587,02,750,0,0,Node 02: Network 3
18993,2025-07-18,02,15,33,803589,0.503335,03,1250,0,0,Node 03: Network 3
18994,2025-07-18,02,15,34,843891,1.040302,01,250,0,0,Node 01: Network 3
18995,2025-07-18,02,15,35,388741,0.54485,02,750,0,0,Node 02: Network 3
18996,2025-07-18,02,15,35,805988,0.417247,03,1250,0,0,Node 03: Network 3
18997,2025-07-18,02,15,36,844555,1.038567,01,250,0,0,Node 01: Network 3
18998,2025-07-18,02,15,37,390621,0.546066,02,750,0,0,Node 02: Network 3
18999,2025-07-18,02,15,37,806975,0.416354,03,1250,0,0,Node 03: Network 3
19000,2025-07-18,02,15,38,935815,1.12884,01,250,0,0,Node 01: Network 3
19001,2025-07-18,02,15,39,392993,0.457178,02,750,0,0,Node 02: Network 3
19002,2025-07-18,02,15,39,809630,0.416637,03,1250,0,0,Node 03: Network 3
19003,2025-07-18,02,15,40,937012,1.127382,01,250,0,0,Node 01: Network 3
19004,2025-07-18,02,15,41,394644,0.457632,02,750,0,0,Node 02: Network 3
19005,2025-07-18,02,15,41,812440,0.417796,03,1250,0,0,Node 03: Network 3
19006,2025-07-18,02,15,42,936698,1.124258,01,250,0,0,Node 01: Network 3
19007,2025-07-18,02,15,43,396094,0.459396,02,750,0,0,Node 02: Network 3
19008,2025-07-18,02,15,43,815023,0.418929,03,1250,0,0,Node 03: Network 3
19009,2025-07-18,02,15,44,940610,1.125587,01,250,0,0,Node 01: Network 3
19010,2025-07-18,02,15,45,398700,0.45809,02,750,0,0,Node 02: Network 3
19011,2025-07-18,02,15,45,816913,0.418213,03,1250,0,0,Node 03: Network 3
19012,2025-07-18,02,15,46,941544,1.124631,01,250,0,0,Node 01: Network 3
19013,2025-07-18,02,15,47,400502,0.458958,02,750,0,0,Node 02: Network 3
19014,2025-07-18,02,15,47,819054,0.418552,03,1250,0,0,Node 03: Network 3
19015,2025-07-18,02,15,48,861942,1.042888,01,250,0,0,Node 01: Network 3
19016,2025-07-18,02,15,49,361373,0.499431,02,750,0,0,Node 02: Network 3
19017,2025-07-18,02,15,49,821268,0.459895,03,1250,0,0,Node 03: Network 3
19018,2025-07-18,02,15,50,863167,1.041899,01,250,0,0,Node 01: Network 3
19019,2025-07-18,02,15,51,365460,0.502293,02,750,0,0,Node 02: Network 3
19020,2025-07-18,02,15,51,822964,0.457504,03,1250,0,0,Node 03: Network 3
19021,2025-07-18,02,15,52,910000,1.087036,01,250,0,0,Node 01: Network 3
19022,2025-07-18,02,15,53,366865,0.456865,02,750,0,0,Node 02: Network 3
19023,2025-07-18,02,15,53,824739,0.457874,03,1250,0,0,Node 03: Network 3
19024,2025-07-18,02,15,54,909930,1.085191,01,250,0,0,Node 01: Network 3
19025,2025-07-18,02,15,55,369144,0.459214,02,750,0,0,Node 02: Network 3
19026,2025-07-18,02,15,55,827212,0.458068,03,1250,0,0,Node 03: Network 3
19027,2025-07-18,02,15,56,910456,1.083244,01,250,0,0,Node 01: Network 3
19028,2025-07-18,02,15,57,370635,0.460179,02,750,0,0,Node 02: Network 3
19029,2025-07-18,02,15,57,828528,0.457893,03,1250,0,0,Node 03: Network 3
19030,2025-07-18,02,15,58,912813,1.084285,01,251,0,0,Node 01: Network 3
19031,2025-07-18,02,15,59,372526,0.459713,02,750,0,0,Node 02: Network 3
19032,2025-07-18,02,16,00,912560,1.540034,01,250,0,0,Node 01: Network 3
19033,2025-07-18,02,16,01,374870,0.46231,02,750,0,0,Node 02: Network 3
19034,2025-07-18,02,16,01,958912,0.584042,03,1250,0,0,Node 03: Network 3
19035,2025-07-18,02,16,02,913383,0.954471,01,250,0,0,Node 01: Network 3
19036,2025-07-18,02,16,03,376324,0.462941,02,750,0,0,Node 02: Network 3
19037,2025-07-18,02,16,03,961806,0.585482,03,1250,0,0,Node 03: Network 3
19038,2025-07-18,02,16,04,913848,0.952042,01,250,0,0,Node 01: Network 3
19039,2025-07-18,02,16,05,378239,0.464391,02,750,0,0,Node 02: Network 3
19040,2025-07-18,02,16,05,963240,0.585001,03,1250,0,0,Node 03: Network 3
19041,2025-07-18,02,16,06,915309,0.952069,01,250,0,0,Node 01: Network 3
19042,2025-07-18,02,16,07,381869,0.46656,02,750,0,0,Node 02: Network 3
19043,2025-07-18,02,16,07,965052,0.583183,03,1250,0,0,Node 03: Network 3
19044,2025-07-18,02,16,08,915057,0.950005,01,250,0,0,Node 01: Network 3
19045,2025-07-18,02,16,09,383262,0.468205,02,750,0,0,Node 02: Network 3
19046,2025-07-18,02,16,09,967344,0.584082,03,1250,0,0,Node 03: Network 3
19047,2025-07-18,02,16,10,928201,0.960857,01,250,0,0,Node 01: Network 3
19048,2025-07-18,02,16,11,384643,0.456442,02,750,0,0,Node 02: Network 3
19049,2025-07-18,02,16,11,969220,0.584577,03,1250,0,0,Node 03: Network 3
19050,2025-07-18,02,16,12,927965,0.958745,01,250,0,0,Node 01: Network 3
19051,2025-07-18,02,16,13,387514,0.459549,02,750,0,0,Node 02: Network 3
19052,2025-07-18,02,16,13,971527,0.584013,03,1250,0,0,Node 03: Network 3
19053,2025-07-18,02,16,14,928721,0.957194,01,250,0,0,Node 01: Network 3
19054,2025-07-18,02,16,15,516032,0.587311,02,750,0,0,Node 02: Network 3
19055,2025-07-18,02,16,15,974899,0.458867,03,1250,0,0,Node 03: Network 3
19056,2025-07-18,02,16,16,929877,0.954978,01,250,0,0,Node 01: Network 3
19057,2025-07-18,02,16,17,517887,0.58801,02,750,0,0,Node 02: Network 3
19058,2025-07-18,02,16,17,976088,0.458201,03,1250,0,0,Node 03: Network 3
19059,2025-07-18,02,16,19,061279,1.085191,01,250,0,0,Node 01: Network 3
19060,2025-07-18,02,16,19,518393,0.457114,02,750,0,0,Node 02: Network 3
19061,2025-07-18,02,16,19,978968,0.460575,03,1250,0,0,Node 03: Network 3
19062,2025-07-18,02,16,21,062085,1.083117,01,250,0,0,Node 01: Network 3
19063,2025-07-18,02,16,21,521471,0.459386,02,750,0,0,Node 02: Network 3
19064,2025-07-18,02,16,21,980385,0.458914,03,1250,0,0,Node 03: Network 3
19065,2025-07-18,02,16,23,062947,1.082562,01,250,0,0,Node 01: Network 3
19066,2025-07-18,02,16,23,524565,0.461618,02,750,0,0,Node 02: Network 3
19067,2025-07-18,02,16,23,983290,0.458725,03,1250,0,0,Node 03: Network 3
19068,2025-07-18,02,16,25,063475,1.080185,01,250,0,0,Node 01: Network 3
19069,2025-07-18,02,16,25,525558,0.462083,02,750,0,0,Node 02: Network 3
19070,2025-07-18,02,16,25,985755,0.460197,03,1250,0,0,Node 03: Network 3
19071,2025-07-18,02,16,27,063752,1.077997,01,250,0,0,Node 01: Network 3
19072,2025-07-18,02,16,27,606743,0.542991,02,750,0,0,Node 02: Network 3
19073,2025-07-18,02,16,27,987138,0.380395,03,1250,0,0,Node 03: Network 3
19074,2025-07-18,02,16,28,606139,0.619001,BB,0,1,0,
19075,2025-07-18,02,16,30,611142,2.005003,BB,0,1,0,
19076,2025-07-18,02,16,30,666408,0.055266,02,1824,0,1,
19077,2025-07-18,02,16,30,679534,0.013126,01,1903,0,1,
19078,2025-07-18,02,16,30,693771,0.014237,03,1946,0,1,
19079,2025-07-18,02,16,30,927503,0.233732,01,250,0,0,Node 01: Network 3
19080,2025-07-18,02,16,31,472174,0.544671,02,750,0,0,Node 02: Network 3
19081,2025-07-18,02,16,31,930069,0.457895,03,1250,0,0,Node 03: Network 3
19082,2025-07-18,02,16,33,014764,1.084695,01,250,0,0,Node 01: Network 3
19083,2025-07-18,02,16,33,474751,0.459987,02,750,0,0,Node 02: Network 3
19084,2025-07-18,02,16,33,932996,0.458245,03,1250,0,0,Node 03: Network 3
19085,2025-07-18,02,16,35,016792,1.083796,01,250,0,0,Node 01: Network 3
19086,2025-07-18,02,16,35,476148,0.459356,02,750,0,0,Node 02: Network 3
19087,2025-07-18,02,16,35,933967,0.457819,03,1250,0,0,Node 03: Network 3
19088,2025-07-18,02,16,37,017652,1.083685,01,250,0,0,Node 01: Network 3
19089,2025-07-18,02,16,37,561911,0.544259,02,750,0,0,Node 02: Network 3
19090,2025-07-18,02,16,37,936759,0.374848,03,1250,0,0,Node 03: Network 3
19091,2025-07-18,02,16,39,018963,1.082204,01,250,0,0,Node 01: Network 3
19092,2025-07-18,02,16,39,564324,0.545361,02,750,0,0,Node 02: Network 3
19093,2025-07-18,02,16,39,939870,0.375546,03,1250,0,0,Node 03: Network 3
19094,2025-07-18,02,16,41,109247,1.169377,01,250,0,0,Node 01: Network 3
19095,2025-07-18,02,16,41,566249,0.457002,02,750,0,0,Node 02: Network 3
19096,2025-07-18,02,16,41,942378,0.376129,03,1250,0,0,Node 03: Network 3
19097,2025-07-18,02,16,42,770068,0.82769,BB,0,1,0,
19098,2025-07-18,02,16,42,835395,0.065327,BB,0,1,0,01:1763:0:1
19099,2025-07-18,02,16,42,879036,0.043641,02,1761,0,1,03:1761:0:1
19100,2025-07-18,02,16,42,953903,0.074867,02,750,0,0,Node 02: Network 3
19101,2025-07-18,02,16,42,965468,0.011565,03,218,0,1,
19102,2025-07-18,02,16,43,021728,0.05626,01,48,0,1,
19103,2025-07-18,02,16,43,034973,0.013245,02,91,0,1,
19104,2025-07-18,02,16,43,088758,0.053785,03,1250,0,0,Node 03: Network 3
19105,2025-07-18,02,16,43,247985,0.159227,03,1250,0,0,Node 03: Network 3
19106,2025-07-18,02,16,43,367048,0.119063,02,762,0,0,Node 02: Network 3
19107,2025-07-18,02,16,43,402861,0.035813,01,250,0,0,0:Node 01: Network 3
19108,2025-07-18,02,16,43,480646,0.077785,02,750,0,0,Node 02: Network 3
19109,2025-07-18,02,16,43,565379,0.084733,03,1250,0,0,Node 03: Network 3
19110,2025-07-18,02,16,43,600764,0.035385,03,1250,0,0,Node 03: Network 3
19111,2025-07-18,02,16,43,678669,0.077905,01,250,0,0,Node 01: Network 3
19112,2025-07-18,02,16,43,711450,0.032781,02,750,0,0,Node 02: Network 3
19113,2025-07-18,02,16,43,750890,0.03944,02,750,0,0,Node 02: Network 3
19114,2025-07-18,02,16,43,811658,0.060768,03,1250,0,0,Node 03: Network 3
19115,2025-07-18,02,16,43,889826,0.078168,01,250,0,0,Node 01: Network 3
19116,2025-07-18,02,16,44,034429,0.144603,03,1250,0,0,Node 03: Network 3
19117,2025-07-18,02,16,44,497250,0.462821,01,250,0,0,Node 01: Network 3
19118,2025-07-18,02,16,44,640565,0.143315,BB,0,1,0,
19119,2025-07-18,02,16,46,645882,2.005317,BB,0,1,0,
19120,2025-07-18,02,16,46,703165,0.057283,01,471,0,1,
19121,2025-07-18,02,16,46,717191,0.014026,03,1934,0,1,
19122,2025-07-18,02,16,46,739733,0.022542,02,293,0,1,
19123,2025-07-18,02,16,46,961668,0.221935,01,250,0,0,Node 01: Network 3
19124,2025-07-18,02,16,47,462777,0.501109,02,750,0,0,Node 02: Network 3
19125,2025-07-18,02,16,47,965772,0.502995,03,1250,0,0,Node 03: Network 3
19126,2025-07-18,02,16,48,962521,0.996749,01,250,0,0,Node 01: Network 3
19127,2025-07-18,02,16,49,510485,0.547964,02,750,0,0,Node 02: Network 3
19128,2025-07-18,02,16,49,968164,0.457679,03,1250,0,0,Node 03: Network 3
19129,2025-07-18,02,16,50,962208,0.994044,01,250,0,0,Node 01: Network 3
19130,2025-07-18,02,16,51,511203,0.548995,02,750,0,0,Node 02: Network 3
19131,2025-07-18,02,16,51,969808,0.458605,03,1250,0,0,Node 03: Network 3
19132,2025-07-18,02,16,52,963349,0.993541,01,250,0,0,Node 01: Network 3
19133,2025-07-18,02,16,53,513503,0.550154,02,750,0,0,Node 02: Network 3
19134,2025-07-18,02,16,53,972285,0.458782,03,1250,0,0,Node 03: Network 3
19135,2025-07-18,02,16,54,963534,0.991249,01,250,0,0,Node 01: Network 3
19136,2025-07-18,02,16,55,515704,0.55217,02,750,0,0,Node 02: Network 3
19137,2025-07-18,02,16,56,010703,0.494999,03,1250,0,0,Node 03: Network 3
19138,2025-07-18,02,16,56,963352,0.952649,01,250,0,0,Node 01: Network 3
19139,2025-07-18,02,16,57,517889,0.554537,02,750,0,0,Node 02: Network 3
19140,2025-07-18,02,16,58,010715,0.492826,03,1250,0,0,Node 03: Network 3
19141,2025-07-18,02,16,59,062325,1.05161,01,250,0,0,Node 01: Network 3
19142,2025-07-18,02,16,59,554577,0.492252,02,750,0,0,Node 02: Network 3
19143,2025-07-18,02,17,00,014128,0.459551,03,1250,0,0,Node 03: Network 3
19144,2025-07-18,02,17,01,062339,1.048211,01,250,0,0,Node 01: Network 3
19145,2025-07-18,02,17,01,606771,0.544432,02,750,0,0,Node 02: Network 3
19146,2025-07-18,02,17,02,014780,0.408009,03,1250,0,0,Node 03: Network 3
19147,2025-07-18,02,17,03,062968,1.048188,01,250,0,0,Node 01: Network 3
19148,2025-07-18,02,17,03,608620,0.545652,02,750,0,0,Node 02: Network 3
19149,2025-07-18,02,17,04,017642,0.409022,03,1250,0,0,Node 03: Network 3
19150,2025-07-18,02,17,05,064737,1.047095,01,250,0,0,Node 01: Network 3
19151,2025-07-18,02,17,05,610128,0.545391,02,750,0,0,Node 02: Network 3
19152,2025-07-18,02,17,06,019504,0.409376,03,1250,0,0,Node 03: Network 3
19153,2025-07-18,02,17,07,154819,1.135315,01,250,0,0,Node 01: Network 3
19154,2025-07-18,02,17,07,563371,0.408552,02,750,0,0,Node 02: Network 3
19155,2025-07-18,02,17,08,021985,0.458614,03,1250,0,0,Node 03: Network 3
19156,2025-07-18,02,17,09,155810,1.133825,01,250,0,0,Node 01: Network 3
19157,2025-07-18,02,17,09,565592,0.409782,02,750,0,0,Node 02: Network 3
19158,2025-07-18,02,17,10,203498,0.637906,03,1250,0,0,Node 03: Network 3
19159,2025-07-18,02,17,10,698312,0.494814,BB,0,1,0,
19160,2025-07-18,02,17,12,703339,2.005027,BB,0,1,0,
19161,2025-07-18,02,17,12,762214,0.058875,01,1870,0,1,
19162,2025-07-18,02,17,12,775752,0.013538,02,1958,0,1,
19163,2025-07-18,02,17,12,837326,0.061574,03,1822,0,1,
19164,2025-07-18,02,17,13,019831,0.182505,01,250,0,0,Node 01: Network 3
19165,2025-07-18,02,17,13,519185,0.499354,02,750,0,0,Node 02: Network 3
19166,2025-07-18,02,17,14,022457,0.503272,03,1250,0,0,Node 03: Network 3
19167,2025-07-18,02,17,15,019998,0.997541,01,250,0,0,Node 01: Network 3
19168,2025-07-18,02,17,15,567422,0.547424,02,750,0,0,Node 02: Network 3
19169,2025-07-18,02,17,16,024623,0.457201,03,1250,0,0,Node 03: Network 3
19170,2025-07-18,02,17,17,019964,0.995341,01,250,0,0,Node 01: Network 3
19171,2025-07-18,02,17,17,568190,0.548226,02,750,0,0,Node 02: Network 3
19172,2025-07-18,02,17,18,067544,0.499354,03,1250,0,0,Node 03: Network 3
19173,2025-07-18,02,17,19,113175,1.045631,01,250,0,0,Node 01: Network 3
19174,2025-07-18,02,17,19,570848,0.457673,02,750,0,0,Node 02: Network 3
19175,2025-07-18,02,17,20,069328,0.49848,03,1250,0,0,Node 03: Network 3
19176,2025-07-18,02,17,21,115400,1.046072,01,250,0,0,Node 01: Network 3
19177,2025-07-18,02,17,21,658307,0.542907,02,750,0,0,Node 02: Network 3
19178,2025-07-18,02,17,22,072543,0.414236,03,1250,0,0,Node 03: Network 3
19179,2025-07-18,02,17,23,114695,1.042152,01,250,0,0,Node 01: Network 3
19180,2025-07-18,02,17,23,662425,0.54773,02,750,0,0,Node 02: Network 3
19181,2025-07-18,02,17,24,073586,0.411161,03,1250,0,0,Node 03: Network 3
19182,2025-07-18,02,17,25,115602,1.042016,01,250,0,0,Node 01: Network 3
19183,2025-07-18,02,17,25,663614,0.548012,02,750,0,0,Node 02: Network 3
19184,2025-07-18,02,17,26,076631,0.413017,03,1250,0,0,Node 03: Network 3
19185,2025-07-18,02,17,27,116572,1.039941,01,250,0,0,Node 01: Network 3
19186,2025-07-18,02,17,27,665928,0.549356,02,750,0,0,Node 02: Network 3
19187,2025-07-18,02,17,28,078546,0.412618,03,1251,0,0,Node 03: Network 3
19188,2025-07-18,02,17,29,117007,1.038461,01,250,0,0,Node 01: Network 3
19189,2025-07-18,02,17,29,667115,0.550108,02,750,0,0,Node 02: Network 3
19190,2025-07-18,02,17,30,081676,0.414561,03,1250,0,0,Node 03: Network 3
19191,2025-07-18,02,17,31,117034,1.035358,01,250,0,0,Node 01: Network 3
19192,2025-07-18,02,17,31,668650,0.551616,02,750,0,0,Node 02: Network 3
19193,2025-07-18,02,17,32,082967,0.414317,03,1250,0,0,Node 03: Network 3
19194,2025-07-18,02,17,33,118524,1.035557,01,250,0,0,Node 01: Network 3
19195,2025-07-18,02,17,33,671302,0.552778,02,750,0,0,Node 02: Network 3
19196,2025-07-18,02,17,34,085591,0.414289,03,1250,0,0,Node 03: Network 3
19197,2025-07-18,02,17,35,118854,1.033263,01,250,0,0,Node 01: Network 3
19198,2025-07-18,02,17,35,673422,0.554568,02,750,0,0,Node 02: Network 3
19199,2025-07-18,02,17,36,086800,0.413378,03,1250,0,0,Node 03: Network 3
19200,2025-07-18,02,17,37,120343,1.033543,01,250,0,0,Node 01: Network 3
19201,2025-07-18,02,17,37,674808,0.554465,02,750,0,0,Node 02: Network 3
19202,2025-07-18,02,17,38,089017,0.414209,03,1250,0,0,Node 03: Network 3
19203,2025-07-18,02,17,39,120764,1.031747,01,250,0,0,Node 01: Network 3
19204,2025-07-18,02,17,39,677964,0.5572,02,750,0,0,Node 02: Network 3
19205,2025-07-18,02,17,40,167169,0.489205,03,1250,0,0,Node 03: Network 3
19206,2025-07-18,02,17,41,122023,0.954854,01,250,0,0,Node 01: Network 3
19207,2025-07-18,02,17,41,679535,0.557512,02,750,0,0,Node 02: Network 3
19208,2025-07-18,02,17,42,169931,0.490396,03,1250,0,0,Node 03: Network 3
19209,2025-07-18,02,17,43,122146,0.952215,01,250,0,0,Node 01: Network 3
19210,2025-07-18,02,17,43,682461,0.560315,02,750,0,0,Node 02: Network 3
19211,2025-07-18,02,17,44,172848,0.490387,03,1250,0,0,Node 03: Network 3
19212,2025-07-18,02,17,45,123066,0.950218,01,250,0,0,Node 01: Network 3
19213,2025-07-18,02,17,45,716430,0.593364,02,750,0,0,Node 02: Network 3
19214,2025-07-18,02,17,46,173558,0.457128,03,1250,0,0,Node 03: Network 3
19215,2025-07-18,02,17,47,123789,0.950231,01,250,0,0,Node 01: Network 3
19216,2025-07-18,02,17,47,667337,0.543548,02,750,0,0,Node 02: Network 3
19217,2025-07-18,02,17,48,176588,0.509251,03,1250,0,0,Node 03: Network 3
19218,2025-07-18,02,17,49,669735,1.493147,02,750,0,0,Node 02: Network 3
19219,2025-07-18,02,17,50,178225,0.50849,03,1250,0,0,Node 03: Network 3
19220,2025-07-18,02,17,51,213673,1.035448,01,250,0,0,Node 01: Network 3
19221,2025-07-18,02,17,51,670978,0.457305,02,750,0,0,Node 02: Network 3
19222,2025-07-18,02,17,52,180074,0.509096,03,1250,0,0,Node 03: Network 3
19223,2025-07-18,02,17,53,214062,1.033988,01,250,0,0,Node 01: Network 3
19224,2025-07-18,02,17,53,673954,0.459892,02,750,0,0,Node 02: Network 3
19225,2025-07-18,02,17,54,182470,0.508516,03,1250,0,0,Node 03: Network 3
19226,2025-07-18,02,17,55,215563,1.033093,01,250,0,0,Node 01: Network 3
19227,2025-07-18,02,17,55,674985,0.459422,02,750,0,0,Node 02: Network 3
19228,2025-07-18,02,17,56,184336,0.509351,03,1250,0,0,Node 03: Network 3
19229,2025-07-18,02,17,57,216566,1.03223,01,250,0,0,Node 01: Network 3
19230,2025-07-18,02,17,57,678316,0.46175,02,750,0,0,Node 02: Network 3
19231,2025-07-18,02,17,58,187621,0.509305,03,1250,0,0,Node 03: Network 3
19232,2025-07-18,02,17,59,217038,1.029417,01,250,0,0,Node 01: Network 3
19233,2025-07-18,02,17,59,730226,0.513188,02,750,0,0,Node 02: Network 3
19234,2025-07-18,02,18,00,190052,0.459826,03,1250,0,0,Node 03: Network 3
19235,2025-07-18,02,18,01,217640,1.027588,01,250,0,0,Node 01: Network 3
19236,2025-07-18,02,18,01,734611,0.516971,02,750,0,0,Node 02: Network 3
19237,2025-07-18,02,18,02,191407,0.456796,03,1250,0,0,Node 03: Network 3
19238,2025-07-18,02,18,03,234491,1.043084,01,250,0,0,Node 01: Network 3
19239,2025-07-18,02,18,03,736756,0.502265,02,750,0,0,Node 02: Network 3
19240,2025-07-18,02,18,04,194312,0.457556,03,1250,0,0,Node 03: Network 3
19241,2025-07-18,02,18,05,234564,1.040252,01,250,0,0,Node 01: Network 3
19242,2025-07-18,02,18,05,738028,0.503464,02,750,0,0,Node 02: Network 3
19243,2025-07-18,02,18,06,195484,0.457456,03,1250,0,0,Node 03: Network 3
19244,2025-07-18,02,18,07,236088,1.040604,01,250,0,0,Node 01: Network 3
19245,2025-07-18,02,18,07,740584,0.504496,02,750,0,0,Node 02: Network 3
19246,2025-07-18,02,18,08,197118,0.456534,03,1250,0,0,Node 03: Network 3
19247,2025-07-18,02,18,09,284747,1.087629,01,250,0,0,Node 01: Network 3
19248,2025-07-18,02,18,09,742227,0.45748,02,750,0,0,Node 02: Network 3
19249,2025-07-18,02,18,10,200206,0.457979,03,1250,0,0,Node 03: Network 3
19250,2025-07-18,02,18,11,286283,1.086077,01,250,0,0,Node 01: Network 3
19251,2025-07-18,02,18,11,743402,0.457119,02,750,0,0,Node 02: Network 3
19252,2025-07-18,02,18,12,201951,0.458549,03,1250,0,0,Node 03: Network 3
19253,2025-07-18,02,18,13,286654,1.084703,01,250,0,0,Node 01: Network 3
19254,2025-07-18,02,18,13,746659,0.460005,02,750,0,0,Node 02: Network 3
19255,2025-07-18,02,18,14,334452,0.587793,03,1250,0,0,Node 03: Network 3
19256,2025-07-18,02,18,15,287475,0.953023,01,250,0,0,Node 01: Network 3
19257,2025-07-18,02,18,15,747930,0.460455,02,750,0,0,Node 02: Network 3
19258,2025-07-18,02,18,16,335415,0.587485,03,1250,0,0,Node 03: Network 3
19259,2025-07-18,02,18,17,287724,0.952309,01,250,0,0,Node 01: Network 3
19260,2025-07-18,02,18,17,749988,0.462264,02,750,0,0,Node 02: Network 3
19261,2025-07-18,02,18,18,335959,0.585971,03,1250,0,0,Node 03: Network 3
19262,2025-07-18,02,18,19,289094,0.953135,01,250,0,0,Node 01: Network 3
19263,2025-07-18,02,18,19,751505,0.462411,02,750,0,0,Node 02: Network 3
19264,2025-07-18,02,18,20,337176,0.585671,03,1250,0,0,Node 03: Network 3
19265,2025-07-18,02,18,21,290394,0.953218,01,250,0,0,Node 01: Network 3
19266,2025-07-18,02,18,21,753249,0.462855,02,750,0,0,Node 02: Network 3
19267,2025-07-18,02,18,22,339027,0.585778,03,1250,0,0,Node 03: Network 3
19268,2025-07-18,02,18,23,290231,0.951204,01,250,0,0,Node 01: Network 3
19269,2025-07-18,02,18,23,834727,0.544496,02,750,0,0,Node 02: Network 3
19270,2025-07-18,02,18,24,341971,0.507244,03,1250,0,0,Node 03: Network 3
19271,2025-07-18,02,18,25,379244,1.037273,01,250,0,0,Node 01: Network 3
19272,2025-07-18,02,18,25,837111,0.457867,02,750,0,0,Node 02: Network 3
19273,2025-07-18,02,18,26,343041,0.50593,03,1250,0,0,Node 03: Network 3
19274,2025-07-18,02,18,26,865361,0.52232,BB,0,1,0,
19275,2025-07-18,02,18,28,869092,2.003731,BB,0,1,0,
19276,2025-07-18,02,18,28,928352,0.05926,01,1811,0,1,
19277,2025-07-18,02,18,28,958261,0.029909,03,1847,0,1,
19278,2025-07-18,02,18,28,976876,0.018615,02,1852,0,1,
19279,2025-07-18,02,18,29,184632,0.207756,01,250,0,0,Node 01: Network 3
19280,2025-07-18,02,18,29,686338,0.501706,02,750,0,0,Node 02: Network 3
19281,2025-07-18,02,18,30,186620,0.500282,03,1250,0,0,Node 03: Network 3
19282,2025-07-18,02,18,31,185923,0.999303,01,250,0,0,Node 01: Network 3
19283,2025-07-18,02,18,31,688067,0.502144,02,750,0,0,Node 02: Network 3
19284,2025-07-18,02,18,32,190652,0.502585,03,1251,0,0,Node 03: Network 3
19285,2025-07-18,02,18,33,186281,0.995629,01,250,0,0,Node 01: Network 3
19286,2025-07-18,02,18,33,689256,0.502975,02,750,0,0,Node 02: Network 3
19287,2025-07-18,02,18,34,192182,0.502926,03,1250,0,0,Node 03: Network 3
19288,2025-07-18,02,18,35,234259,1.042077,01,250,0,0,Node 01: Network 3
19289,2025-07-18,02,18,35,691981,0.457722,02,750,0,0,Node 02: Network 3
19290,2025-07-18,02,18,36,193753,0.501772,03,1250,0,0,Node 03: Network 3
19291,2025-07-18,02,18,37,233768,1.040015,01,250,0,0,Node 01: Network 3
19292,2025-07-18,02,18,37,693938,0.46017,02,750,0,0,Node 02: Network 3
19293,2025-07-18,02,18,38,282360,0.588422,03,1250,0,0,Node 03: Network 3
19294,2025-07-18,02,18,39,235146,0.952786,01,250,0,0,Node 01: Network 3
19295,2025-07-18,02,18,39,695885,0.460739,02,750,0,0,Node 02: Network 3
19296,2025-07-18,02,18,40,283752,0.587867,03,1250,0,0,Node 03: Network 3
19297,2025-07-18,02,18,41,234740,0.950988,01,250,0,0,Node 01: Network 3
19298,2025-07-18,02,18,41,827133,0.592393,02,750,0,0,Node 02: Network 3
19299,2025-07-18,02,18,42,286434,0.459301,03,1250,0,0,Node 03: Network 3
19300,2025-07-18,02,18,43,237654,0.95122,01,250,0,0,Node 01: Network 3
19301,2025-07-18,02,18,43,830531,0.592877,02,751,0,0,Node 02: Network 3
19302,2025-07-18,02,18,44,287938,0.457407,03,1250,0,0,Node 03: Network 3
19303,2025-07-18,02,18,45,373613,1.085675,01,250,0,0,Node 01: Network 3
19304,2025-07-18,02,18,45,833178,0.459565,02,750,0,0,Node 02: Network 3
19305,2025-07-18,02,18,46,419944,0.586766,03,1250,0,0,Node 03: Network 3
19306,2025-07-18,02,18,46,908493,0.488549,BB,0,1,0,
19307,2025-07-18,02,18,48,913608,2.005115,BB,0,1,0,
19308,2025-07-18,02,18,48,958264,0.044656,01,1859,0,1,
19309,2025-07-18,02,18,48,975794,0.01753,02,1901,0,1,
19310,2025-07-18,02,18,49,007072,0.031278,03,1815,0,1,
19311,2025-07-18,02,18,49,598009,0.590937,BB,0,1,0,
19312,2025-07-18,02,18,49,655964,0.057955,01,820,0,1,
19313,2025-07-18,02,18,49,680988,0.025024,BB,0,1,0,01:471:0:1
19314,2025-07-18,02,18,49,692740,0.011752,02,848,0,1,
19315,2025-07-18,02,18,49,705752,0.013012,03,231,0,1,
19316,2025-07-18,02,18,49,728893,0.023141,03,1934,0,1,293:0:1
19317,2025-07-18,02,18,49,915585,0.186692,02,940,0,1,
19318,2025-07-18,02,18,49,963510,0.047925,02,750,0,0,Node 02: Network 3
19319,2025-07-18,02,18,50,006808,0.043298,03,1250,0,0,Node 03: Network 3
19320,2025-07-18,02,18,50,064080,0.057272,03,1250,0,0,Node 03: Network 3
19321,2025-07-18,02,18,50,129784,0.065704,02,750,0,0,Node 02: Network 3
19322,2025-07-18,02,18,50,241883,0.112099,03,1250,0,0,Node 03: Network 3
19323,2025-07-18,02,18,50,361866,0.119983,01,250,0,0,Node 01: Network 3
19324,2025-07-18,02,18,50,408272,0.046406,01,250,0,0,Node 01: Network 3
19325,2025-07-18,02,18,50,473407,0.065135,02,750,0,0,Node 02: Network 3
19326,2025-07-18,02,18,50,553055,0.079648,03,1250,0,0,Node 03: Network 3
19327,2025-07-18,02,18,50,610942,0.057887,03,1250,0,0,Node 03: Network 3
19328,2025-07-18,02,18,50,644149,0.033207,01,250,0,0,Node 01: Network 3
19329,2025-07-18,02,18,50,677705,0.033556,02,750,0,0,Node 02: Network 3
19330,2025-07-18,02,18,50,918132,0.240427,BB,0,1,0,
19331,2025-07-18,02,18,52,922447,2.004315,BB,0,1,0,
19332,2025-07-18,02,18,52,957486,0.035039,02,194,0,1,
19333,2025-07-18,02,18,53,017469,0.059983,01,1738,0,1,
19334,2025-07-18,02,18,53,093683,0.076214,03,1732,0,1,
19335,2025-07-18,02,18,53,238141,0.144458,01,250,0,0,Node 01: Network 3
19336,2025-07-18,02,18,53,738503,0.500362,02,750,0,0,Node 02: Network 3
19337,2025-07-18,02,18,54,240880,0.502377,03,1250,0,0,Node 03: Network 3
19338,2025-07-18,02,18,55,284493,1.043613,01,250,0,0,Node 01: Network 3
19339,2025-07-18,02,18,55,741789,0.457296,02,750,0,0,Node 02: Network 3
19340,2025-07-18,02,18,56,243042,0.501253,03,1250,0,0,Node 03: Network 3
19341,2025-07-18,02,18,57,285487,1.042445,01,250,0,0,Node 01: Network 3
19342,2025-07-18,02,18,57,786860,0.501373,02,750,0,0,Node 02: Network 3
19343,2025-07-18,02,18,58,245612,0.458752,03,1251,0,0,Node 03: Network 3
19344,2025-07-18,02,18,59,286559,1.040947,01,250,0,0,Node 01: Network 3
19345,2025-07-18,02,18,59,788956,0.502397,02,750,0,0,Node 02: Network 3
19346,2025-07-18,02,19,00,247499,0.458543,03,1250,0,0,Node 03: Network 3
19347,2025-07-18,02,19,01,287397,1.039898,01,250,0,0,Node 01: Network 3
19348,2025-07-18,02,19,01,790578,0.503181,02,750,0,0,Node 02: Network 3
19349,2025-07-18,02,19,02,249286,0.458708,03,1250,0,0,Node 03: Network 3
19350,2025-07-18,02,19,03,288729,1.039443,01,250,0,0,Node 01: Network 3
19351,2025-07-18,02,19,03,793456,0.504727,02,750,0,0,Node 02: Network 3
19352,2025-07-18,02,19,04,252810,0.459354,03,1250,0,0,Node 03: Network 3
19353,2025-07-18,02,19,05,288104,1.035294,01,250,0,0,Node 01: Network 3
19354,2025-07-18,02,19,05,795655,0.507551,02,750,0,0,Node 02: Network 3
19355,2025-07-18,02,19,06,254547,0.458892,03,1250,0,0,Node 03: Network 3
19356,2025-07-18,02,19,07,297684,1.043137,01,250,0,0,Node 01: Network 3
19357,2025-07-18,02,19,07,799237,0.501553,02,750,0,0,Node 02: Network 3
19358,2025-07-18,02,19,08,344501,0.545264,03,1250,0,0,Node 03: Network 3
19359,2025-07-18,02,19,09,297163,0.952662,01,250,0,0,Node 01: Network 3
19360,2025-07-18,02,19,09,887465,0.590302,02,750,0,0,Node 02: Network 3
19361,2025-07-18,02,19,10,347588,0.460123,03,1250,0,0,Node 03: Network 3
19362,2025-07-18,02,19,11,299309,0.951721,01,250,0,0,Node 01: Network 3
19363,2025-07-18,02,19,11,890624,0.591315,02,751,0,0,Node 02: Network 3
19364,2025-07-18,02,19,12,348710,0.458086,03,1250,0,0,Node 03: Network 3
19365,2025-07-18,02,19,13,434922,1.086212,01,250,0,0,Node 01: Network 3
19366,2025-07-18,02,19,13,892324,0.457402,02,750,0,0,Node 02: Network 3
19367,2025-07-18,02,19,14,352437,0.460113,03,1250,0,0,Node 03: Network 3
19368,2025-07-18,02,19,15,434570,1.082133,01,250,0,0,Node 01: Network 3
19369,2025-07-18,02,19,15,980232,0.545662,02,750,0,0,Node 02: Network 3
19370,2025-07-18,02,19,16,354442,0.37421,03,1250,0,0,Node 03: Network 3
19371,2025-07-18,02,19,16,975021,0.620579,BB,0,1,0,
19372,2025-07-18,02,19,18,979688,2.004667,BB,0,1,0,
19373,2025-07-18,02,19,19,016924,0.037236,02,1820,0,1,
19374,2025-07-18,02,19,19,067194,0.05027,03,1948,0,1,
19375,2025-07-18,02,19,19,087472,0.020278,01,1778,0,1,
19376,2025-07-18,02,19,19,795937,0.708465,02,750,0,0,Node 02: Network 3
19377,2025-07-18,02,19,20,299368,0.503431,03,1250,0,0,Node 03: Network 3
19378,2025-07-18,02,19,21,340546,1.041178,01,250,0,0,Node 01: Network 3
19379,2025-07-18,02,19,21,798660,0.458114,02,751,0,0,Node 02: Network 3
19380,2025-07-18,02,19,22,301405,0.502745,03,1250,0,0,Node 03: Network 3
19381,2025-07-18,02,19,23,344855,1.04345,01,250,0,0,Node 01: Network 3
19382,2025-07-18,02,19,23,800279,0.455424,02,750,0,0,Node 02: Network 3
19383,2025-07-18,02,19,24,304209,0.50393,03,1250,0,0,Node 03: Network 3
19384,2025-07-18,02,19,25,344388,1.040179,01,250,0,0,Node 01: Network 3
19385,2025-07-18,02,19,25,848545,0.504157,02,750,0,0,Node 02: Network 3
19386,2025-07-18,02,19,26,306207,0.457662,03,1250,0,0,Node 03: Network 3
19387,2025-07-18,02,19,27,345908,1.039701,01,250,0,0,Node 01: Network 3
19388,2025-07-18,02,19,27,851012,0.505104,02,750,0,0,Node 02: Network 3
19389,2025-07-18,02,19,28,308053,0.457041,03,1250,0,0,Node 03: Network 3
19390,2025-07-18,02,19,29,345559,1.037506,01,250,0,0,Node 01: Network 3
19391,2025-07-18,02,19,29,852801,0.507242,02,750,0,0,Node 02: Network 3
19392,2025-07-18,02,19,30,310870,0.458069,03,1250,0,0,Node 03: Network 3
19393,2025-07-18,02,19,31,347101,1.036231,01,250,0,0,Node 01: Network 3
19394,2025-07-18,02,19,31,854419,0.507318,02,750,0,0,Node 02: Network 3
19395,2025-07-18,02,19,32,311910,0.457491,03,1250,0,0,Node 03: Network 3
19396,2025-07-18,02,19,33,347154,1.035244,01,250,0,0,Node 01: Network 3
19397,2025-07-18,02,19,33,855915,0.508761,02,750,0,0,Node 02: Network 3
19398,2025-07-18,02,19,34,314985,0.45907,03,1250,0,0,Node 03: Network 3
19399,2025-07-18,02,19,35,399460,1.084475,01,250,0,0,Node 01: Network 3
19400,2025-07-18,02,19,35,858046,0.458586,02,750,0,0,Node 02: Network 3
19401,2025-07-18,02,19,36,316843,0.458797,03,1250,0,0,Node 03: Network 3
19402,2025-07-18,02,19,37,402318,1.085475,01,251,0,0,Node 01: Network 3
19403,2025-07-18,02,19,37,859908,0.45759,02,750,0,0,Node 02: Network 3
19404,2025-07-18,02,19,38,317666,0.457758,03,1250,0,0,Node 03: Network 3
19405,2025-07-18,02,19,39,401872,1.084206,01,250,0,0,Node 01: Network 3
19406,2025-07-18,02,19,39,863021,0.461149,02,750,0,0,Node 02: Network 3
19407,2025-07-18,02,19,40,321157,0.458136,03,1250,0,0,Node 03: Network 3
19408,2025-07-18,02,19,41,403253,1.082096,01,250,0,0,Node 01: Network 3
19409,2025-07-18,02,19,41,865235,0.461982,02,750,0,0,Node 02: Network 3
19410,2025-07-18,02,19,42,451178,0.585943,03,1250,0,0,Node 03: Network 3
19411,2025-07-18,02,19,43,403483,0.952305,01,250,0,0,Node 01: Network 3
19412,2025-07-18,02,19,43,866773,0.46329,02,750,0,0,Node 02: Network 3
19413,2025-07-18,02,19,44,452553,0.58578,03,1250,0,0,Node 03: Network 3
19414,2025-07-18,02,19,45,404527,0.951974,01,250,0,0,Node 01: Network 3
19415,2025-07-18,02,19,45,868451,0.463924,02,750,0,0,Node 02: Network 3
19416,2025-07-18,02,19,46,455300,0.586849,03,1250,0,0,Node 03: Network 3
19417,2025-07-18,02,19,47,404413,0.949113,01,250,0,0,Node 01: Network 3
19418,2025-07-18,02,19,47,870348,0.465935,02,750,0,0,Node 02: Network 3
19419,2025-07-18,02,19,48,463059,0.592711,03,1250,0,0,Node 03: Network 3
19420,2025-07-18,02,19,51,049055,2.585996,BB,0,1,0,
19421,2025-07-18,02,19,51,108779,0.059724,02,1998,0,1,
19422,2025-07-18,02,19,51,123287,0.014508,03,1616,0,1,
19423,2025-07-18,02,19,51,165710,0.042423,01,1966,0,1,
19424,2025-07-18,02,19,51,364298,0.198588,01,250,0,0,Node 01: Network 3
19425,2025-07-18,02,19,51,908992,0.544694,02,750,0,0,Node 02: Network 3
19426,2025-07-18,02,19,52,367488,0.458496,03,1250,0,0,Node 03: Network 3
19427,2025-07-18,02,19,53,452153,1.084665,01,250,0,0,Node 01: Network 3
19428,2025-07-18,02,19,53,912114,0.459961,02,750,0,0,Node 02: Network 3
19429,2025-07-18,02,19,54,370668,0.458554,03,1251,0,0,Node 03: Network 3
19430,2025-07-18,02,19,55,455481,1.084813,01,251,0,0,Node 01: Network 3
19431,2025-07-18,02,19,55,913684,0.458203,02,750,0,0,Node 02: Network 3
19432,2025-07-18,02,19,56,373402,0.459718,03,1250,0,0,Node 03: Network 3
19433,2025-07-18,02,19,57,457951,1.084549,01,250,0,0,Node 01: Network 3
19434,2025-07-18,02,19,57,918462,0.460511,02,750,0,0,Node 02: Network 3
19435,2025-07-18,02,19,58,374663,0.456201,03,1250,0,0,Node 03: Network 3
19436,2025-07-18,02,19,59,462704,1.088041,01,250,0,0,Node 01: Network 3
19437,2025-07-18,02,19,59,919929,0.457225,02,750,0,0,Node 02: Network 3
19438,2025-07-18,02,20,00,376921,0.456992,03,1250,0,0,Node 03: Network 3
19439,2025-07-18,02,20,01,462974,1.086053,01,250,0,0,Node 01: Network 3
19440,2025-07-18,02,20,02,007261,0.544287,02,750,0,0,Node 02: Network 3
19441,2025-07-18,02,20,02,379674,0.372413,03,1250,0,0,Node 03: Network 3
19442,2025-07-18,02,20,03,463802,1.084128,01,250,0,0,Node 01: Network 3
19443,2025-07-18,02,20,04,008811,0.545009,02,750,0,0,Node 02: Network 3
19444,2025-07-18,02,20,04,380339,0.371528,03,1250,0,0,Node 03: Network 3
19445,2025-07-18,02,20,05,464766,1.084427,01,250,0,0,Node 01: Network 3
19446,2025-07-18,02,20,06,009741,0.544975,02,750,0,0,Node 02: Network 3
19447,2025-07-18,02,20,06,511697,0.501956,03,1250,0,0,Node 03: Network 3
19448,2025-07-18,02,20,07,464894,0.953197,01,250,0,0,Node 01: Network 3
19449,2025-07-18,02,20,08,054243,0.589349,02,750,0,0,Node 02: Network 3
19450,2025-07-18,02,20,08,512937,0.458694,03,1250,0,0,Node 03: Network 3
19451,2025-07-18,02,20,09,465623,0.952686,01,250,0,0,Node 01: Network 3
19452,2025-07-18,02,20,10,059065,0.593442,02,750,0,0,Node 02: Network 3
19453,2025-07-18,02,20,10,516788,0.457723,03,1251,0,0,Node 03: Network 3
19454,2025-07-18,02,20,11,466201,0.949413,01,250,0,0,Node 01: Network 3
19455,2025-07-18,02,20,12,060611,0.59441,02,750,0,0,Node 02: Network 3
19456,2025-07-18,02,20,12,513560,0.452949,03,1250,0,0,Node 03: Network 3
19457,2025-07-18,02,20,13,468101,0.954541,01,251,0,0,Node 01: Network 3
19458,2025-07-18,02,20,14,058441,0.59034,02,750,0,0,Node 02: Network 3
19459,2025-07-18,02,20,14,515258,0.456817,03,1250,0,0,Node 03: Network 3
19460,2025-07-18,02,20,15,602093,1.086835,01,250,0,0,Node 01: Network 3
19461,2025-07-18,02,20,16,060040,0.457947,02,750,0,0,Node 02: Network 3
19462,2025-07-18,02,20,16,518362,0.458322,03,1250,0,0,Node 03: Network 3
19463,2025-07-18,02,20,17,602358,1.083996,01,250,0,0,Node 01: Network 3
19464,2025-07-18,02,20,18,146670,0.544312,02,750,0,0,Node 02: Network 3
19465,2025-07-18,02,20,18,650188,0.503518,03,1250,0,0,Node 03: Network 3
19466,2025-07-18,02,20,19,111484,0.461296,BB,0,1,0,
19467,2025-07-18,02,20,19,164801,0.053317,02,271,0,1,
19468,2025-07-18,02,20,19,927670,0.762869,02,750,0,0,Node 02: Network 3
19469,2025-07-18,02,20,20,473572,0.545902,03,1250,0,0,Node 03: Network 3
19470,2025-07-18,02,20,21,471468,0.997896,01,250,0,0,Node 01: Network 3
19471,2025-07-18,02,20,22,018336,0.546868,02,750,0,0,Node 02: Network 3
19472,2025-07-18,02,20,22,476876,0.45854,03,1251,0,0,Node 03: Network 3
19473,2025-07-18,02,20,23,473108,0.996232,01,250,0,0,Node 01: Network 3
19474,2025-07-18,02,20,24,020902,0.547794,02,750,0,0,Node 02: Network 3
19475,2025-07-18,02,20,24,478633,0.457731,03,1250,0,0,Node 03: Network 3
19476,2025-07-18,02,20,25,565871,1.087238,01,250,0,0,Node 01: Network 3
19477,2025-07-18,02,20,26,022081,0.45621,02,750,0,0,Node 02: Network 3
19478,2025-07-18,02,20,26,480349,0.458268,03,1250,0,0,Node 03: Network 3
19479,2025-07-18,02,20,27,522818,1.042469,01,250,0,0,Node 01: Network 3
19480,2025-07-18,02,20,28,024095,0.501277,02,750,0,0,Node 02: Network 3
19481,2025-07-18,02,20,28,482968,0.458873,03,1250,0,0,Node 03: Network 3
19482,2025-07-18,02,20,29,523727,1.040759,01,250,0,0,Node 01: Network 3
19483,2025-07-18,02,20,30,025373,0.501646,02,750,0,0,Node 02: Network 3
19484,2025-07-18,02,20,30,570657,0.545284,03,1250,0,0,Node 03: Network 3
19485,2025-07-18,02,20,31,524646,0.953989,01,250,0,0,Node 01: Network 3
19486,2025-07-18,02,20,32,027393,0.502747,02,750,0,0,Node 02: Network 3
19487,2025-07-18,02,20,32,573145,0.545752,03,1250,0,0,Node 03: Network 3
19488,2025-07-18,02,20,33,525344,0.952199,01,250,0,0,Node 01: Network 3
19489,2025-07-18,02,20,34,029944,0.5046,02,750,0,0,Node 02: Network 3
19490,2025-07-18,02,20,34,574853,0.544909,03,1250,0,0,Node 03: Network 3
19491,2025-07-18,02,20,35,526340,0.951487,01,250,0,0,Node 01: Network 3
19492,2025-07-18,02,20,36,030313,0.503973,02,750,0,0,Node 02: Network 3
19493,2025-07-18,02,20,36,578155,0.547842,03,1250,0,0,Node 03: Network 3
19494,2025-07-18,02,20,37,527283,0.949128,01,250,0,0,Node 01: Network 3
19495,2025-07-18,02,20,38,034062,0.506779,02,750,0,0,Node 02: Network 3
19496,2025-07-18,02,20,38,579541,0.545479,03,1250,0,0,Node 03: Network 3
19497,2025-07-18,02,20,39,527061,0.94752,01,250,0,0,Node 01: Network 3
19498,2025-07-18,02,20,40,037195,0.510134,02,750,0,0,Node 02: Network 3
19499,2025-07-18,02,20,40,574470,0.537275,03,1250,0,0,Node 03: Network 3
19500,2025-07-18,02,20,41,528289,0.953819,01,250,0,0,Node 01: Network 3
19501,2025-07-18,02,20,42,038242,0.509953,02,750,0,0,Node 02: Network 3
19502,2025-07-18,02,20,42,576902,0.53866,03,1250,0,0,Node 03: Network 3
19503,2025-07-18,02,20,43,529576,0.952674,01,250,0,0,Node 01: Network 3
19504,2025-07-18,02,20,44,040315,0.510739,02,750,0,0,Node 02: Network 3
19505,2025-07-18,02,20,44,579067,0.538752,03,1250,0,0,Node 03: Network 3
19506,2025-07-18,02,20,45,528519,0.949452,01,250,0,0,Node 01: Network 3
19507,2025-07-18,02,20,46,042266,0.513747,02,750,0,0,Node 02: Network 3
19508,2025-07-18,02,20,46,581109,0.538843,03,1250,0,0,Node 03: Network 3
19509,2025-07-18,02,20,47,586006,1.004897,01,250,0,0,Node 01: Network 3
19510,2025-07-18,02,20,48,043611,0.457605,02,750,0,0,Node 02: Network 3
19511,2025-07-18,02,20,48,582967,0.539356,03,1250,0,0,Node 03: Network 3
19512,2025-07-18,02,20,49,586217,1.00325,01,250,0,0,Node 01: Network 3
19513,2025-07-18,02,20,50,045784,0.459567,02,750,0,0,Node 02: Network 3
19514,2025-07-18,02,20,50,585278,0.539494,03,1250,0,0,Node 03: Network 3
19515,2025-07-18,02,20,51,587255,1.001977,01,250,0,0,Node 01: Network 3
19516,2025-07-18,02,20,52,048219,0.460964,02,750,0,0,Node 02: Network 3
19517,2025-07-18,02,20,52,588122,0.539903,03,1250,0,0,Node 03: Network 3
19518,2025-07-18,02,20,53,589328,1.001206,01,251,0,0,Node 01: Network 3
19519,2025-07-18,02,20,54,051153,0.461825,02,750,0,0,Node 02: Network 3
19520,2025-07-18,02,20,54,636572,0.585419,03,1250,0,0,Node 03: Network 3
19521,2025-07-18,02,20,55,589298,0.952726,01,250,0,0,Node 01: Network 3
19522,2025-07-18,02,20,56,179997,0.590699,02,750,0,0,Node 02: Network 3
19523,2025-07-18,02,20,56,637289,0.457292,03,1250,0,0,Node 03: Network 3
19524,2025-07-18,02,20,57,589850,0.952561,01,250,0,0,Node 01: Network 3
19525,2025-07-18,02,20,57,877136,0.287286,BB,0,1,0,
19526,2025-07-18,02,20,57,957216,0.08008,01,1053,0,1,
19527,2025-07-18,02,20,58,004738,0.047522,BB,0,1,0,02:194:0:1
19528,2025-07-18,02,20,58,047280,0.042542,02,646,0,1,
19529,2025-07-18,02,20,58,066082,0.018802,01,1181,0,1,
19530,2025-07-18,02,20,58,086663,0.020581,03,691,0,1,
19531,2025-07-18,02,20,58,122719,0.036056,01,1738,0,1,
19532,2025-07-18,02,20,58,195143,0.072424,03,1732,0,1,
19533,2025-07-18,02,20,58,254665,0.059522,03,1250,0,0,Node 03: Network 3
19534,2025-07-18,02,20,58,289277,0.034612,01,250,0,0,Node 01: Network 3
19535,2025-07-18,02,20,58,360927,0.07165,01,267,0,0,Node 01: Network 3
19536,2025-07-18,02,20,58,465994,0.105067,03,1250,0,0,Node 03: Network 3
19537,2025-07-18,02,20,58,505877,0.039883,01,250,0,0,Node 01: Network 3
19538,2025-07-18,02,20,58,573335,0.067458,02,750,0,0,Node 02: Network 3
19539,2025-07-18,02,20,58,636599,0.063264,03,1250,0,0,Node 03: Network 3
19540,2025-07-18,02,20,58,693941,0.057342,02,750,0,0,Node 02: Network 3
19541,2025-07-18,02,20,58,822157,0.128216,03,1250,0,0,Node 03: Network 3
19542,2025-07-18,02,20,58,854371,0.032214,02,750,0,0,Node 02: Network 3
19543,2025-07-18,02,20,58,887167,0.032796,01,250,0,0,Node 01: Network 3
19544,2025-07-18,02,20,58,921148,0.033981,01,250,0,0,Node 01: Network 3
19545,2025-07-18,02,20,58,953663,0.032515,02,750,0,0,Node 02: Network 3
19546,2025-07-18,02,20,59,199149,0.245486,BB,0,1,0,
19547,2025-07-18,02,21,03,207428,4.008279,BB,0,1,0,
19548,2025-07-18,02,21,03,264326,0.056898,03,1216,0,1,
19549,2025-07-18,02,21,03,283352,0.019026,02,1217,0,1,
19550,2025-07-18,02,21,03,297420,0.014068,01,1221,0,1,
19551,2025-07-18,02,21,03,522318,0.224898,01,250,0,0,Node 01: Network 3
19552,2025-07-18,02,21,04,023292,0.500974,02,750,0,0,Node 02: Network 3
19553,2025-07-18,02,21,04,527057,0.503765,03,1250,0,0,Node 03: Network 3
19554,2025-07-18,02,21,05,523306,0.996249,01,250,0,0,Node 01: Network 3
19555,2025-07-18,02,21,06,024965,0.501659,02,750,0,0,Node 02: Network 3
19556,2025-07-18,02,21,06,570025,0.54506,03,1250,0,0,Node 03: Network 3
19557,2025-07-18,02,21,07,523555,0.95353,01,250,0,0,Node 01: Network 3
19558,2025-07-18,02,21,08,026938,0.503383,02,750,0,0,Node 02: Network 3
19559,2025-07-18,02,21,08,572527,0.545589,03,1250,0,0,Node 03: Network 3
19560,2025-07-18,02,21,09,523828,0.951301,01,250,0,0,Node 01: Network 3
19561,2025-07-18,02,21,10,029005,0.505177,02,750,0,0,Node 02: Network 3
19562,2025-07-18,02,21,10,573536,0.544531,03,1250,0,0,Node 03: Network 3
19563,2025-07-18,02,21,11,524824,0.951288,01,250,0,0,Node 01: Network 3
19564,2025-07-18,02,21,12,031926,0.507102,02,750,0,0,Node 02: Network 3
19565,2025-07-18,02,21,12,576340,0.544414,03,1250,0,0,Node 03: Network 3
19566,2025-07-18,02,21,13,525565,0.949225,01,250,0,0,Node 01: Network 3
19567,2025-07-18,02,21,14,033280,0.507715,02,750,0,0,Node 02: Network 3
19568,2025-07-18,02,21,14,579706,0.546426,03,1250,0,0,Node 03: Network 3
19569,2025-07-18,02,21,15,527528,0.947822,01,251,0,0,Node 01: Network 3
19570,2025-07-18,02,21,16,123877,0.596349,02,750,0,0,Node 02: Network 3
19571,2025-07-18,02,21,16,581361,0.457484,03,1250,0,0,Node 03: Network 3
19572,2025-07-18,02,21,17,526758,0.945397,01,250,0,0,Node 01: Network 3
19573,2025-07-18,02,21,18,125732,0.598974,02,750,0,0,Node 02: Network 3
19574,2025-07-18,02,21,18,582720,0.456988,03,1250,0,0,Node 03: Network 3
19575,2025-07-18,02,21,19,528283,0.945563,01,250,0,0,Node 01: Network 3
19576,2025-07-18,02,21,20,127470,0.599187,02,750,0,0,Node 02: Network 3
19577,2025-07-18,02,21,20,585868,0.458398,03,1250,0,0,Node 03: Network 3
19578,2025-07-18,02,21,21,671872,1.086004,01,250,0,0,Node 01: Network 3
19579,2025-07-18,02,21,22,129516,0.457644,02,750,0,0,Node 02: Network 3
19580,2025-07-18,02,21,22,586784,0.457268,03,1250,0,0,Node 03: Network 3
19581,2025-07-18,02,21,23,672880,1.086096,01,250,0,0,Node 01: Network 3
19582,2025-07-18,02,21,24,132126,0.459246,02,750,0,0,Node 02: Network 3
19583,2025-07-18,02,21,24,589457,0.457331,03,1250,0,0,Node 03: Network 3
19584,2025-07-18,02,21,25,673166,1.083709,01,250,0,0,Node 01: Network 3
19585,2025-07-18,02,21,26,133588,0.460422,02,750,0,0,Node 02: Network 3
19586,2025-07-18,02,21,26,590912,0.457324,03,1250,0,0,Node 03: Network 3
19587,2025-07-18,02,21,27,673500,1.082588,01,250,0,0,Node 01: Network 3
19588,2025-07-18,02,21,28,135075,0.461575,02,750,0,0,Node 02: Network 3
19589,2025-07-18,02,21,28,721468,0.586393,03,1250,0,0,Node 03: Network 3
19590,2025-07-18,02,21,29,765133,1.043665,01,250,0,0,Node 01: Network 3
19591,2025-07-18,02,21,30,137350,0.372217,02,750,0,0,Node 02: Network 3
19592,2025-07-18,02,21,30,722947,0.585597,03,1250,0,0,Node 03: Network 3
19593,2025-07-18,02,21,31,764349,1.041402,01,250,0,0,Node 01: Network 3
19594,2025-07-18,02,21,32,309715,0.545366,02,750,0,0,Node 02: Network 3
19595,2025-07-18,02,21,32,725879,0.416164,03,1250,0,0,Node 03: Network 3
19596,2025-07-18,02,21,33,273000,0.547121,BB,0,1,0,
19597,2025-07-18,02,21,35,277574,2.004574,BB,0,1,0,
19598,2025-07-18,02,21,35,328855,0.051281,01,1834,0,1,
19599,2025-07-18,02,21,35,347924,0.019069,03,1875,0,1,
19600,2025-07-18,02,21,35,410624,0.0627,02,1787,0,1,
19601,2025-07-18,02,21,35,578560,0.167936,01,250,0,0,Node 01: Network 3
19602,2025-07-18,02,21,36,092694,0.514134,02,750,0,0,Node 02: Network 3
19603,2025-07-18,02,21,36,597394,0.5047,03,1250,0,0,Node 03: Network 3
19604,2025-07-18,02,21,37,593237,0.995843,01,250,0,0,Node 01: Network 3
19605,2025-07-18,02,21,38,095998,0.502761,02,750,0,0,Node 02: Network 3
19606,2025-07-18,02,21,38,599414,0.503416,03,1250,0,0,Node 03: Network 3
19607,2025-07-18,02,21,39,595711,0.996297,01,250,0,0,Node 01: Network 3
19608,2025-07-18,02,21,40,144333,0.548622,02,750,0,0,Node 02: Network 3
19609,2025-07-18,02,21,40,602182,0.457849,03,1250,0,0,Node 03: Network 3
19610,2025-07-18,02,21,41,595726,0.993544,01,250,0,0,Node 01: Network 3
19611,2025-07-18,02,21,42,145876,0.55015,02,750,0,0,Node 02: Network 3
19612,2025-07-18,02,21,42,604822,0.458946,03,1250,0,0,Node 03: Network 3
19613,2025-07-18,02,21,43,597240,0.992418,01,250,0,0,Node 01: Network 3
19614,2025-07-18,02,21,44,148835,0.551595,02,750,0,0,Node 02: Network 3
19615,2025-07-18,02,21,44,606787,0.457952,03,1250,0,0,Node 03: Network 3
19616,2025-07-18,02,21,45,597107,0.99032,01,250,0,0,Node 01: Network 3
19617,2025-07-18,02,21,46,151255,0.554148,02,750,0,0,Node 02: Network 3
19618,2025-07-18,02,21,46,608954,0.457699,03,1250,0,0,Node 03: Network 3
19619,2025-07-18,02,21,47,597854,0.9889,01,250,0,0,Node 01: Network 3
19620,2025-07-18,02,21,48,152343,0.554489,02,750,0,0,Node 02: Network 3
19621,2025-07-18,02,21,48,610661,0.458318,03,1250,0,0,Node 03: Network 3
19622,2025-07-18,02,21,49,598161,0.9875,01,250,0,0,Node 01: Network 3
19623,2025-07-18,02,21,50,154815,0.556654,02,750,0,0,Node 02: Network 3
19624,2025-07-18,02,21,50,612288,0.457473,03,1250,0,0,Node 03: Network 3
19625,2025-07-18,02,21,51,598962,0.986674,01,250,0,0,Node 01: Network 3
19626,2025-07-18,02,21,52,185395,0.586433,02,750,0,0,Node 02: Network 3
19627,2025-07-18,02,21,52,615657,0.430262,03,1250,0,0,Node 03: Network 3
19628,2025-07-18,02,21,53,599536,0.983879,01,250,0,0,Node 01: Network 3
19629,2025-07-18,02,21,54,158564,0.559028,02,750,0,0,Node 02: Network 3
19630,2025-07-18,02,21,54,647219,0.488655,03,1250,0,0,Node 03: Network 3
19631,2025-07-18,02,21,55,600858,0.953639,01,250,0,0,Node 01: Network 3
19632,2025-07-18,02,21,56,160686,0.559828,02,750,0,0,Node 02: Network 3
19633,2025-07-18,02,21,56,648682,0.487996,03,1250,0,0,Node 03: Network 3
19634,2025-07-18,02,21,57,602395,0.953713,01,250,0,0,Node 01: Network 3
19635,2025-07-18,02,21,58,162570,0.560175,02,750,0,0,Node 02: Network 3
19636,2025-07-18,02,21,58,649432,0.486862,03,1250,0,0,Node 03: Network 3
19637,2025-07-18,02,21,59,601280,0.951848,01,250,0,0,Node 01: Network 3
19638,2025-07-18,02,22,00,194096,0.592816,02,750,0,0,Node 02: Network 3
19639,2025-07-18,02,22,00,652154,0.458058,03,1250,0,0,Node 03: Network 3
19640,2025-07-18,02,22,01,603098,0.950944,01,250,0,0,Node 01: Network 3
19641,2025-07-18,02,22,02,195787,0.592689,02,750,0,0,Node 02: Network 3
19642,2025-07-18,02,22,02,653857,0.45807,03,1250,0,0,Node 03: Network 3
19643,2025-07-18,02,22,03,740570,1.086713,01,250,0,0,Node 01: Network 3
19644,2025-07-18,02,22,04,197589,0.457019,02,750,0,0,Node 02: Network 3
19645,2025-07-18,02,22,04,656619,0.45903,03,1250,0,0,Node 03: Network 3
19646,2025-07-18,02,22,05,740077,1.083458,01,250,0,0,Node 01: Network 3
19647,2025-07-18,02,22,06,198546,0.458469,02,750,0,0,Node 02: Network 3
19648,2025-07-18,02,22,06,657814,0.459268,03,1250,0,0,Node 03: Network 3
19649,2025-07-18,02,22,07,744228,1.086414,01,250,0,0,Node 01: Network 3
19650,2025-07-18,02,22,08,200001,0.455773,02,750,0,0,Node 02: Network 3
19651,2025-07-18,02,22,08,661750,0.461749,03,1251,0,0,Node 03: Network 3
19652,2025-07-18,02,22,09,746089,1.084339,01,250,0,0,Node 01: Network 3
19653,2025-07-18,02,22,10,203461,0.457372,02,750,0,0,Node 02: Network 3
19654,2025-07-18,02,22,10,662765,0.459304,03,1250,0,0,Node 03: Network 3
19655,2025-07-18,02,22,11,745945,1.08318,01,250,0,0,Node 01: Network 3
19656,2025-07-18,02,22,12,206308,0.460363,02,750,0,0,Node 02: Network 3
19657,2025-07-18,02,22,12,793693,0.587385,03,1250,0,0,Node 03: Network 3
19658,2025-07-18,02,22,13,747303,0.95361,01,250,0,0,Node 01: Network 3
19659,2025-07-18,02,22,14,337307,0.590004,02,750,0,0,Node 02: Network 3
19660,2025-07-18,02,22,14,793794,0.456487,03,1250,0,0,Node 03: Network 3
19661,2025-07-18,02,22,15,747819,0.954025,01,250,0,0,Node 01: Network 3
19662,2025-07-18,02,22,16,339624,0.591805,02,750,0,0,Node 02: Network 3
19663,2025-07-18,02,22,16,794691,0.455067,03,1250,0,0,Node 03: Network 3
19664,2025-07-18,02,22,17,749313,0.954622,01,250,0,0,Node 01: Network 3
19665,2025-07-18,02,22,18,342317,0.593004,02,750,0,0,Node 02: Network 3
19666,2025-07-18,02,22,18,797755,0.455438,03,1250,0,0,Node 03: Network 3
19667,2025-07-18,02,22,19,749212,0.951457,01,250,0,0,Node 01: Network 3
19668,2025-07-18,02,22,20,343995,0.594783,02,750,0,0,Node 02: Network 3
19669,2025-07-18,02,22,20,799198,0.455203,03,1250,0,0,Node 03: Network 3
19670,2025-07-18,02,22,21,750573,0.951375,01,250,0,0,Node 01: Network 3
19671,2025-07-18,02,22,22,345270,0.594697,02,750,0,0,Node 02: Network 3
19672,2025-07-18,02,22,22,801303,0.456033,03,1250,0,0,Node 03: Network 3
19673,2025-07-18,02,22,23,750825,0.949522,01,250,0,0,Node 01: Network 3
19674,2025-07-18,02,22,24,348772,0.597947,02,750,0,0,Node 02: Network 3
19675,2025-07-18,02,22,24,798097,0.449325,03,1250,0,0,Node 03: Network 3
19676,2025-07-18,02,22,25,751495,0.953398,01,250,0,0,Node 01: Network 3
19677,2025-07-18,02,22,26,349599,0.598104,02,750,0,0,Node 02: Network 3
19678,2025-07-18,02,22,26,800479,0.45088,03,1250,0,0,Node 03: Network 3
19679,2025-07-18,02,22,27,752771,0.952292,01,250,0,0,Node 01: Network 3
19680,2025-07-18,02,22,28,352737,0.599966,02,750,0,0,Node 02: Network 3
19681,2025-07-18,02,22,28,802900,0.450163,03,1250,0,0,Node 03: Network 3
19682,2025-07-18,02,22,29,752679,0.949779,01,250,0,0,Node 01: Network 3
19683,2025-07-18,02,22,30,347663,0.594984,02,750,0,0,Node 02: Network 3
19684,2025-07-18,02,22,30,799183,0.45152,03,1250,0,0,Node 03: Network 3
19685,2025-07-18,02,22,31,754189,0.955006,01,250,0,0,Node 01: Network 3
19686,2025-07-18,02,22,32,348870,0.594681,02,750,0,0,Node 02: Network 3
19687,2025-07-18,02,22,32,801766,0.452896,03,1250,0,0,Node 03: Network 3
19688,2025-07-18,02,22,33,754999,0.953233,01,250,0,0,Node 01: Network 3
19689,2025-07-18,02,22,34,350824,0.595825,02,750,0,0,Node 02: Network 3
19690,2025-07-18,02,22,34,803284,0.45246,03,1250,0,0,Node 03: Network 3
19691,2025-07-18,02,22,35,755408,0.952124,01,250,0,0,Node 01: Network 3
19692,2025-07-18,02,22,36,353452,0.598044,02,750,0,0,Node 02: Network 3
19693,2025-07-18,02,22,36,806614,0.453162,03,1250,0,0,Node 03: Network 3
19694,2025-07-18,02,22,37,755681,0.949067,01,250,0,0,Node 01: Network 3
19695,2025-07-18,02,22,38,353747,0.598066,02,750,0,0,Node 02: Network 3
19696,2025-07-18,02,22,38,808221,0.454474,03,1250,0,0,Node 03: Network 3
19697,2025-07-18,02,22,39,756550,0.948329,01,250,0,0,Node 01: Network 3
19698,2025-07-18,02,22,40,356681,0.600131,02,750,0,0,Node 02: Network 3
19699,2025-07-18,02,22,40,810149,0.453468,03,1250,0,0,Node 03: Network 3
19700,2025-07-18,02,22,41,757087,0.946938,01,250,0,0,Node 01: Network 3
19701,2025-07-18,02,22,42,360265,0.603178,02,750,0,0,Node 02: Network 3
19702,2025-07-18,02,22,42,811748,0.451483,03,1250,0,0,Node 03: Network 3
19703,2025-07-18,02,22,43,758283,0.946535,01,250,0,0,Node 01: Network 3
19704,2025-07-18,02,22,44,361213,0.60293,02,750,0,0,Node 02: Network 3
19705,2025-07-18,02,22,44,814594,0.453381,03,1250,0,0,Node 03: Network 3
19706,2025-07-18,02,22,45,758021,0.943427,01,250,0,0,Node 01: Network 3
19707,2025-07-18,02,22,46,363336,0.605315,02,750,0,0,Node 02: Network 3
19708,2025-07-18,02,22,46,804545,0.441209,03,1250,0,0,Node 03: Network 3
19709,2025-07-18,02,22,47,760068,0.955523,01,250,0,0,Node 01: Network 3
19710,2025-07-18,02,22,48,365611,0.605543,02,750,0,0,Node 02: Network 3
19711,2025-07-18,02,22,48,807597,0.441986,03,1250,0,0,Node 03: Network 3
19712,2025-07-18,02,22,49,760555,0.952958,01,250,0,0,Node 01: Network 3
19713,2025-07-18,02,22,50,367099,0.606544,02,750,0,0,Node 02: Network 3
19714,2025-07-18,02,22,50,809239,0.44214,03,1250,0,0,Node 03: Network 3
19715,2025-07-18,02,22,51,761305,0.952066,01,250,0,0,Node 01: Network 3
19716,2025-07-18,02,22,52,368610,0.607305,02,750,0,0,Node 02: Network 3
19717,2025-07-18,02,22,52,811536,0.442926,03,1250,0,0,Node 03: Network 3
19718,2025-07-18,02,22,53,761765,0.950229,01,250,0,0,Node 01: Network 3
19719,2025-07-18,02,22,54,370228,0.608463,02,750,0,0,Node 02: Network 3
19720,2025-07-18,02,22,54,813767,0.443539,03,1250,0,0,Node 03: Network 3
19721,2025-07-18,02,22,55,762136,0.948369,01,250,0,0,Node 01: Network 3
19722,2025-07-18,02,22,56,373023,0.610887,02,750,0,0,Node 02: Network 3
19723,2025-07-18,02,22,56,816273,0.44325,03,1250,0,0,Node 03: Network 3
19724,2025-07-18,02,22,57,917177,1.100904,01,250,0,0,Node 01: Network 3
19725,2025-07-18,02,22,58,375210,0.458033,02,750,0,0,Node 02: Network 3
19726,2025-07-18,02,22,58,965613,0.590403,03,1250,0,0,Node 03: Network 3
19727,2025-07-18,02,22,59,461547,0.495934,BB,0,1,0,
19728,2025-07-18,02,23,01,466551,2.005004,BB,0,1,0,
19729,2025-07-18,02,23,01,531196,0.064645,02,1910,0,1,
19730,2025-07-18,02,23,01,543958,0.012762,01,1870,0,1,
19731,2025-07-18,02,23,01,591433,0.047475,03,1824,0,1,
19732,2025-07-18,02,23,02,281891,0.690458,02,750,0,0,Node 02: Network 3
19733,2025-07-18,02,23,02,827679,0.545788,03,1250,0,0,Node 03: Network 3
19734,2025-07-18,02,23,03,826154,0.998475,01,250,0,0,Node 01: Network 3
19735,2025-07-18,02,23,04,284134,0.45798,02,750,0,0,Node 02: Network 3
19736,2025-07-18,02,23,04,829821,0.545687,03,1250,0,0,Node 03: Network 3
19737,2025-07-18,02,23,06,286288,1.456467,02,750,0,0,Node 02: Network 3
19738,2025-07-18,02,23,06,833674,0.547386,03,1250,0,0,Node 03: Network 3
19739,2025-07-18,02,23,07,831085,0.997411,01,250,0,0,Node 01: Network 3
19740,2025-07-18,02,23,08,116180,0.285095,BB,0,1,0,
19741,2025-07-18,02,23,08,166442,0.050262,BB,0,1,0,03:1216:0:1
19742,2025-07-18,02,23,08,218356,0.051914,01,1245,0,1,
19743,2025-07-18,02,23,08,231105,0.012749,03,657,0,1,
19744,2025-07-18,02,23,08,263068,0.031963,02,1217,0,1,1221:0:1
19745,2025-07-18,02,23,08,276094,0.013026,02,700,0,1,
19746,2025-07-18,02,23,08,436491,0.160397,03,1251,0,0,Node 03: Network 3
19747,2025-07-18,02,23,08,530318,0.093827,01,250,0,0,Node 01: Network 3
19748,2025-07-18,02,23,08,601921,0.071603,02,750,0,0,Node 02: Network 3
19749,2025-07-18,02,23,08,710121,0.1082,01,250,0,0,Node 01: Network 3
19750,2025-07-18,02,23,08,757088,0.046967,02,750,0,0,Node 02: Network 3
19751,2025-07-18,02,23,08,823126,0.066038,03,1250,0,0,Node 03: Network 3
19752,2025-07-18,02,23,08,896384,0.073258,01,250,0,0,Node 01: Network 3
19753,2025-07-18,02,23,08,991282,0.094898,02,750,0,0,Node 02: Network 3
19754,2025-07-18,02,23,09,023889,0.032607,02,750,0,0,Node 02: Network 3
19755,2025-07-18,02,23,09,083247,0.059358,03,1250,0,0,Node 03: Network 3
19756,2025-07-18,02,23,09,175187,0.09194,01,250,0,0,Node 01: Network 3
19757,2025-07-18,02,23,09,208684,0.033497,02,750,0,0,Node 02: Network 3
19758,2025-07-18,02,23,09,472779,0.264095,03,1250,0,0,Node 03: Network 3
19759,2025-07-18,02,23,09,544103,0.071324,01,250,0,0,Node 01: Network 3
19760,2025-07-18,02,23,09,554613,0.01051,BB,0,1,0,
19761,2025-07-18,02,23,11,487583,1.93297,BB,0,1,0,
19762,2025-07-18,02,23,11,539859,0.052276,01,332,0,1,
19763,2025-07-18,02,23,11,587334,0.047475,02,1339,0,1,
19764,2025-07-18,02,23,11,600845,0.013511,03,1339,0,1,
19765,2025-07-18,02,23,11,803149,0.202304,01,250,0,0,Node 01: Network 3
19766,2025-07-18,02,23,12,303598,0.500449,02,750,0,0,Node 02: Network 3
19767,2025-07-18,02,23,12,807790,0.504192,03,1250,0,0,Node 03: Network 3
19768,2025-07-18,02,23,13,802949,0.995159,01,250,0,0,Node 01: Network 3
19769,2025-07-18,02,23,14,307713,0.504764,02,750,0,0,Node 02: Network 3
19770,2025-07-18,02,23,14,809032,0.501319,03,1250,0,0,Node 03: Network 3
19771,2025-07-18,02,23,15,805629,0.996597,01,251,0,0,Node 01: Network 3
19772,2025-07-18,02,23,16,354333,0.548704,02,750,0,0,Node 02: Network 3
19773,2025-07-18,02,23,16,812150,0.457817,03,1250,0,0,Node 03: Network 3
19774,2025-07-18,02,23,17,804907,0.992757,01,250,0,0,Node 01: Network 3
19775,2025-07-18,02,23,18,355232,0.550325,02,750,0,0,Node 02: Network 3
19776,2025-07-18,02,23,18,812980,0.457748,03,1250,0,0,Node 03: Network 3
19777,2025-07-18,02,23,19,806670,0.99369,01,250,0,0,Node 01: Network 3
19778,2025-07-18,02,23,20,358119,0.551449,02,750,0,0,Node 02: Network 3
19779,2025-07-18,02,23,20,815865,0.457746,03,1250,0,0,Node 03: Network 3
19780,2025-07-18,02,23,21,807597,0.991732,01,250,0,0,Node 01: Network 3
19781,2025-07-18,02,23,22,360840,0.553243,02,750,0,0,Node 02: Network 3
19782,2025-07-18,02,23,22,817965,0.457125,03,1250,0,0,Node 03: Network 3
19783,2025-07-18,02,23,23,905495,1.08753,01,250,0,0,Node 01: Network 3
19784,2025-07-18,02,23,24,362460,0.456965,02,750,0,0,Node 02: Network 3
19785,2025-07-18,02,23,24,819877,0.457417,03,1250,0,0,Node 03: Network 3
19786,2025-07-18,02,23,25,905404,1.085527,01,250,0,0,Node 01: Network 3
19787,2025-07-18,02,23,26,364233,0.458829,02,750,0,0,Node 02: Network 3
19788,2025-07-18,02,23,26,823899,0.459666,03,1250,0,0,Node 03: Network 3
19789,2025-07-18,02,23,27,905802,1.081903,01,250,0,0,Node 01: Network 3
19790,2025-07-18,02,23,28,366804,0.461002,02,750,0,0,Node 02: Network 3
19791,2025-07-18,02,23,28,824765,0.457961,03,1250,0,0,Node 03: Network 3
19792,2025-07-18,02,23,29,910281,1.085516,01,250,0,0,Node 01: Network 3
19793,2025-07-18,02,23,30,369352,0.459071,02,751,0,0,Node 02: Network 3
19794,2025-07-18,02,23,30,826185,0.456833,03,1250,0,0,Node 03: Network 3
19795,2025-07-18,02,23,31,910968,1.084783,01,250,0,0,Node 01: Network 3
19796,2025-07-18,02,23,32,370981,0.460013,02,750,0,0,Node 02: Network 3
19797,2025-07-18,02,23,32,829562,0.458581,03,1250,0,0,Node 03: Network 3
19798,2025-07-18,02,23,33,912197,1.082635,01,250,0,0,Node 01: Network 3
19799,2025-07-18,02,23,34,373628,0.461431,02,750,0,0,Node 02: Network 3
19800,2025-07-18,02,23,34,830904,0.457276,03,1250,0,0,Node 03: Network 3
19801,2025-07-18,02,23,35,912315,1.081411,01,250,0,0,Node 01: Network 3
19802,2025-07-18,02,23,36,374449,0.462134,02,750,0,0,Node 02: Network 3
19803,2025-07-18,02,23,36,833499,0.45905,03,1250,0,0,Node 03: Network 3
19804,2025-07-18,02,23,37,914251,1.080752,01,251,0,0,Node 01: Network 3
19805,2025-07-18,02,23,38,376895,0.462644,02,750,0,0,Node 02: Network 3
19806,2025-07-18,02,23,38,834797,0.457902,03,1250,0,0,Node 03: Network 3
19807,2025-07-18,02,23,39,914866,1.080069,01,250,0,0,Node 01: Network 3
19808,2025-07-18,02,23,40,378855,0.463989,02,750,0,0,Node 02: Network 3
19809,2025-07-18,02,23,40,837504,0.458649,03,1250,0,0,Node 03: Network 3
19810,2025-07-18,02,23,41,915602,1.078098,01,250,0,0,Node 01: Network 3
19811,2025-07-18,02,23,42,380379,0.464777,02,750,0,0,Node 02: Network 3
19812,2025-07-18,02,23,42,962755,0.582376,03,1250,0,0,Node 03: Network 3
19813,2025-07-18,02,23,43,915722,0.952967,01,250,0,0,Node 01: Network 3
19814,2025-07-18,02,23,44,382831,0.467109,02,750,0,0,Node 02: Network 3
19815,2025-07-18,02,23,44,964560,0.581729,03,1250,0,0,Node 03: Network 3
19816,2025-07-18,02,23,45,926447,0.961887,01,250,0,0,Node 01: Network 3
19817,2025-07-18,02,23,46,384610,0.458163,02,751,0,0,Node 02: Network 3
19818,2025-07-18,02,23,46,966797,0.582187,03,1250,0,0,Node 03: Network 3
19819,2025-07-18,02,23,47,928283,0.961486,01,250,0,0,Node 01: Network 3
19820,2025-07-18,02,23,48,511508,0.583225,02,750,0,0,Node 02: Network 3
19821,2025-07-18,02,23,49,056667,0.545159,03,1250,0,0,Node 03: Network 3
19822,2025-07-18,02,23,49,929501,0.872834,01,250,0,0,Node 01: Network 3
19823,2025-07-18,02,23,50,474883,0.545382,02,750,0,0,Node 02: Network 3
19824,2025-07-18,02,23,51,058526,0.583643,03,1250,0,0,Node 03: Network 3
19825,2025-07-18,02,23,52,018513,0.959987,01,250,0,0,Node 01: Network 3
19826,2025-07-18,02,23,52,485335,0.466822,02,750,0,0,Node 02: Network 3
19827,2025-07-18,02,23,53,064579,0.579244,03,1250,0,0,Node 03: Network 3
19828,2025-07-18,02,23,54,019525,0.954946,01,250,0,0,Node 01: Network 3
19829,2025-07-18,02,23,54,608262,0.588737,02,750,0,0,Node 02: Network 3
19830,2025-07-18,02,23,55,067234,0.458972,03,1250,0,0,Node 03: Network 3
19831,2025-07-18,02,23,55,584429,0.517195,BB,0,1,0,
19832,2025-07-18,02,23,57,589372,2.004943,BB,0,1,0,
19833,2025-07-18,02,23,57,653277,0.063905,02,1800,0,1,
19834,2025-07-18,02,23,57,675423,0.022146,01,1891,0,1,
19835,2025-07-18,02,23,57,692937,0.017514,03,1845,0,1,
19836,2025-07-18,02,23,57,905102,0.212165,01,250,0,0,Node 01: Network 3
19837,2025-07-18,02,23,58,405480,0.500378,02,750,0,0,Node 02: Network 3
19838,2025-07-18,02,23,58,908227,0.502747,03,1250,0,0,Node 03: Network 3
19839,2025-07-18,02,23,59,949345,1.041118,01,250,0,0,Node 01: Network 3
19840,2025-07-18,02,24,00,406024,0.456679,02,750,0,0,Node 02: Network 3
19841,2025-07-18,02,24,00,996167,0.590143,03,1251,0,0,Node 03: Network 3
19842,2025-07-18,02,24,01,949657,0.95349,01,250,0,0,Node 01: Network 3
19843,2025-07-18,02,24,02,408853,0.459196,02,750,0,0,Node 02: Network 3
19844,2025-07-18,02,24,02,998122,0.589269,03,1250,0,0,Node 03: Network 3
19845,2025-07-18,02,24,03,949834,0.951712,01,250,0,0,Node 01: Network 3
19846,2025-07-18,02,24,04,410200,0.460366,02,750,0,0,Node 02: Network 3
19847,2025-07-18,02,24,05,000821,0.590621,03,1250,0,0,Node 03: Network 3
19848,2025-07-18,02,24,05,952389,0.951568,01,250,0,0,Node 01: Network 3
19849,2025-07-18,02,24,06,413410,0.461021,02,750,0,0,Node 02: Network 3
19850,2025-07-18,02,24,07,002448,0.589038,03,1250,0,0,Node 03: Network 3
19851,2025-07-18,02,24,08,045780,1.043332,01,250,0,0,Node 01: Network 3
19852,2025-07-18,02,24,08,415614,0.369834,02,750,0,0,Node 02: Network 3
19853,2025-07-18,02,24,09,003993,0.588379,03,1250,0,0,Node 03: Network 3
19854,2025-07-18,02,24,10,045821,1.041828,01,250,0,0,Node 01: Network 3
19855,2025-07-18,02,24,10,548190,0.502369,02,750,0,0,Node 02: Network 3
19856,2025-07-18,02,24,11,006458,0.458268,03,1250,0,0,Node 03: Network 3
19857,2025-07-18,02,24,12,049798,1.04334,01,250,0,0,Node 01: Network 3
19858,2025-07-18,02,24,12,549748,0.49995,02,750,0,0,Node 02: Network 3
19859,2025-07-18,02,24,13,097131,0.547383,03,1250,0,0,Node 03: Network 3
19860,2025-07-18,02,24,14,051273,0.954142,01,250,0,0,Node 01: Network 3
19861,2025-07-18,02,24,14,551343,0.50007,02,750,0,0,Node 02: Network 3
19862,2025-07-18,02,24,15,098066,0.546723,03,1250,0,0,Node 03: Network 3
19863,2025-07-18,02,24,16,096833,0.998767,01,250,0,0,Node 01: Network 3
19864,2025-07-18,02,24,16,554418,0.457585,02,750,0,0,Node 02: Network 3
19865,2025-07-18,02,24,17,143065,0.588647,03,1250,0,0,Node 03: Network 3
19866,2025-07-18,02,24,17,632929,0.489864,BB,0,1,0,
19867,2025-07-18,02,24,19,637054,2.004125,BB,0,1,0,
19868,2025-07-18,02,24,19,677270,0.040216,03,1817,0,1,
19869,2025-07-18,02,24,19,691372,0.014102,02,1771,0,1,
19870,2025-07-18,02,24,19,710389,0.019017,01,1863,0,1,
19871,2025-07-18,02,24,19,953791,0.243402,01,250,0,0,Node 01: Network 3
19872,2025-07-18,02,24,20,453975,0.500184,02,750,0,0,Node 02: Network 3
19873,2025-07-18,02,24,20,956984,0.503009,03,1250,0,0,Node 03: Network 3
19874,2025-07-18,02,24,21,998970,1.041986,01,250,0,0,Node 01: Network 3
19875,2025-07-18,02,24,22,456397,0.457427,02,750,0,0,Node 02: Network 3
19876,2025-07-18,02,24,22,958323,0.501926,03,1250,0,0,Node 03: Network 3
19877,2025-07-18,02,24,23,999540,1.041217,01,250,0,0,Node 01: Network 3
19878,2025-07-18,02,24,24,457693,0.458153,02,750,0,0,Node 02: Network 3
19879,2025-07-18,02,24,24,961955,0.504262,03,1250,0,0,Node 03: Network 3
19880,2025-07-18,02,24,25,999568,1.037613,01,250,0,0,Node 01: Network 3
19881,2025-07-18,02,24,26,460115,0.460547,02,750,0,0,Node 02: Network 3
19882,2025-07-18,02,24,26,964509,0.504394,03,1250,0,0,Node 03: Network 3
19883,2025-07-18,02,24,28,005121,1.040612,01,250,0,0,Node 01: Network 3
19884,2025-07-18,02,24,28,461718,0.456597,02,750,0,0,Node 02: Network 3
19885,2025-07-18,02,24,28,966393,0.504675,03,1250,0,0,Node 03: Network 3
19886,2025-07-18,02,24,30,005102,1.038709,01,250,0,0,Node 01: Network 3
19887,2025-07-18,02,24,30,463586,0.458484,02,750,0,0,Node 02: Network 3
19888,2025-07-18,02,24,30,968573,0.504987,03,1250,0,0,Node 03: Network 3
19889,2025-07-18,02,24,32,006079,1.037506,01,250,0,0,Node 01: Network 3
19890,2025-07-18,02,24,32,511687,0.505608,02,750,0,0,Node 02: Network 3
19891,2025-07-18,02,24,32,970622,0.458935,03,1250,0,0,Node 03: Network 3
19892,2025-07-18,02,24,34,006787,1.036165,01,250,0,0,Node 01: Network 3
19893,2025-07-18,02,24,34,514869,0.508082,02,750,0,0,Node 02: Network 3
19894,2025-07-18,02,24,34,972457,0.457588,03,1250,0,0,Node 03: Network 3
19895,2025-07-18,02,24,36,059376,1.086919,01,250,0,0,Node 01: Network 3
19896,2025-07-18,02,24,36,515752,0.456376,02,750,0,0,Node 02: Network 3
19897,2025-07-18,02,24,36,974496,0.458744,03,1250,0,0,Node 03: Network 3
19898,2025-07-18,02,24,38,060943,1.086447,01,250,0,0,Node 01: Network 3
19899,2025-07-18,02,24,38,518241,0.457298,02,750,0,0,Node 02: Network 3
19900,2025-07-18,02,24,38,975834,0.457593,03,1250,0,0,Node 03: Network 3
19901,2025-07-18,02,24,40,061728,1.085894,01,250,0,0,Node 01: Network 3
19902,2025-07-18,02,24,40,520194,0.458466,02,750,0,0,Node 02: Network 3
19903,2025-07-18,02,24,40,978433,0.458239,03,1250,0,0,Node 03: Network 3
19904,2025-07-18,02,24,42,062789,1.084356,01,250,0,0,Node 01: Network 3
19905,2025-07-18,02,24,42,521929,0.45914,02,750,0,0,Node 02: Network 3
19906,2025-07-18,02,24,42,982098,0.460169,03,1250,0,0,Node 03: Network 3
19907,2025-07-18,02,24,44,064181,1.082083,01,250,0,0,Node 01: Network 3
19908,2025-07-18,02,24,44,523619,0.459438,02,750,0,0,Node 02: Network 3
19909,2025-07-18,02,24,44,983652,0.460033,03,1250,0,0,Node 03: Network 3
19910,2025-07-18,02,24,46,063726,1.080074,01,250,0,0,Node 01: Network 3
19911,2025-07-18,02,24,46,526534,0.462808,02,750,0,0,Node 02: Network 3
19912,2025-07-18,02,24,47,073766,0.547232,03,1250,0,0,Node 03: Network 3
19913,2025-07-18,02,24,48,065529,0.991763,01,250,0,0,Node 01: Network 3
19914,2025-07-18,02,24,48,528146,0.462617,02,750,0,0,Node 02: Network 3
19915,2025-07-18,02,24,49,074786,0.54664,03,1250,0,0,Node 03: Network 3
19916,2025-07-18,02,24,50,072627,0.997841,01,250,0,0,Node 01: Network 3
19917,2025-07-18,02,24,50,530729,0.458102,02,750,0,0,Node 02: Network 3
19918,2025-07-18,02,24,51,076850,0.546121,03,1250,0,0,Node 03: Network 3
19919,2025-07-18,02,24,52,072716,0.995866,01,250,0,0,Node 01: Network 3
19920,2025-07-18,02,24,52,531981,0.459265,02,750,0,0,Node 02: Network 3
19921,2025-07-18,02,24,53,079482,0.547501,03,1250,0,0,Node 03: Network 3
19922,2025-07-18,02,24,54,077201,0.997719,01,250,0,0,Node 01: Network 3
19923,2025-07-18,02,24,54,535310,0.458109,02,750,0,0,Node 02: Network 3
19924,2025-07-18,02,24,55,081240,0.54593,03,1250,0,0,Node 03: Network 3
19925,2025-07-18,02,24,56,076415,0.995175,01,250,0,0,Node 01: Network 3
19926,2025-07-18,02,24,56,536639,0.460224,02,750,0,0,Node 02: Network 3
19927,2025-07-18,02,24,57,083089,0.54645,03,1250,0,0,Node 03: Network 3
19928,2025-07-18,02,24,58,078218,0.995129,01,250,0,0,Node 01: Network 3
19929,2025-07-18,02,24,58,537925,0.459707,02,750,0,0,Node 02: Network 3
19930,2025-07-18,02,24,59,085748,0.547823,03,1251,0,0,Node 03: Network 3
19931,2025-07-18,02,25,00,079544,0.993796,01,250,0,0,Node 01: Network 3
19932,2025-07-18,02,25,00,540207,0.460663,02,750,0,0,Node 02: Network 3
19933,2025-07-18,02,25,01,088535,0.548328,03,1250,0,0,Node 03: Network 3
19934,2025-07-18,02,25,02,080529,0.991994,01,250,0,0,Node 01: Network 3
19935,2025-07-18,02,25,02,542128,0.461599,02,750,0,0,Node 02: Network 3
19936,2025-07-18,02,25,03,091053,0.548925,03,1250,0,0,Node 03: Network 3
19937,2025-07-18,02,25,04,133699,1.042646,01,250,0,0,Node 01: Network 3
19938,2025-07-18,02,25,04,544048,0.410349,02,750,0,0,Node 02: Network 3
19939,2025-07-18,02,25,05,092649,0.548601,03,1250,0,0,Node 03: Network 3
19940,2025-07-18,02,25,06,135998,1.043349,01,250,0,0,Node 01: Network 3
19941,2025-07-18,02,25,06,546950,0.410952,02,750,0,0,Node 02: Network 3
19942,2025-07-18,02,25,07,184421,0.637471,03,1250,0,0,Node 03: Network 3
19943,2025-07-18,02,25,08,136151,0.95173,01,250,0,0,Node 01: Network 3
19944,2025-07-18,02,25,08,548128,0.411977,02,750,0,0,Node 02: Network 3
19945,2025-07-18,02,25,09,184845,0.636717,03,1250,0,0,Node 03: Network 3
19946,2025-07-18,02,25,10,136872,0.952027,01,250,0,0,Node 01: Network 3
19947,2025-07-18,02,25,10,551345,0.414473,02,750,0,0,Node 02: Network 3
19948,2025-07-18,02,25,11,187412,0.636067,03,1250,0,0,Node 03: Network 3
19949,2025-07-18,02,25,12,137406,0.949994,01,250,0,0,Node 01: Network 3
19950,2025-07-18,02,25,12,731762,0.594356,02,750,0,0,Node 02: Network 3
19951,2025-07-18,02,25,13,189927,0.458165,03,1250,0,0,Node 03: Network 3
19952,2025-07-18,02,25,14,137797,0.94787,01,250,0,0,Node 01: Network 3
19953,2025-07-18,02,25,14,733776,0.595979,02,750,0,0,Node 02: Network 3
19954,2025-07-18,02,25,15,192254,0.458478,03,1250,0,0,Node 03: Network 3
19955,2025-07-18,02,25,15,954173,0.761919,BB,0,1,0,250:0:0:Node 01: Network 3
19956,2025-07-18,02,25,15,996766,0.042593,BB,0,1,0,01:332:0:1
19957,2025-07-18,02,25,16,008279,0.011513,03,166,0,1,
19958,2025-07-18,02,25,16,029334,0.021055,02,815,0,1,
19959,2025-07-18,02,25,16,053867,0.024533,02,1339,0,1,1339:0:1
19960,2025-07-18,02,25,16,138580,0.084713,03,1250,0,0,Node 03: Network 3
19961,2025-07-18,02,25,16,178632,0.040052,03,250,0,1,
19962,2025-07-18,02,25,16,260288,0.081656,01,250,0,0,Node 01: Network 3
19963,2025-07-18,02,25,16,272310,0.012022,01,223,0,1,
19964,2025-07-18,02,25,16,350044,0.077734,02,750,0,0,Node 02: Network 3
19965,2025-07-18,02,25,16,384116,0.034072,03,1250,0,0,Node 03: Network 3
19966,2025-07-18,02,25,16,507746,0.12363,01,250,0,0,Node 01: Network 3
19967,2025-07-18,02,25,16,630254,0.122508,02,750,0,0,Node 02: Network 3
19968,2025-07-18,02,25,16,706215,0.075961,03,1250,0,0,Node 03: Network 3
19969,2025-07-18,02,25,16,738976,0.032761,01,250,0,0,Node 01: Network 3
19970,2025-07-18,02,25,16,816239,0.077263,02,750,0,0,Node 02: Network 3
19971,2025-07-18,02,25,16,849318,0.033079,02,759,0,0,Node 02: Network 3
19972,2025-07-18,02,25,16,883004,0.033686,03,1250,0,0,Node 03: Network 3
19973,2025-07-18,02,25,17,003004,0.12,01,251,0,0,Node 01: Network 3
19974,2025-07-18,02,25,17,181203,0.178199,01,250,0,0,Node 01: Network 3
19975,2025-07-18,02,25,17,345266,0.164063,03,1250,0,0,Node 03: Network 3
19976,2025-07-18,02,25,17,763798,0.418532,BB,0,1,0,
19977,2025-07-18,02,25,19,768189,2.004391,BB,0,1,0,
19978,2025-07-18,02,25,19,830454,0.062265,01,911,0,1,
19979,2025-07-18,02,25,19,843991,0.013537,03,1746,0,1,
19980,2025-07-18,02,25,19,909095,0.065104,02,1785,0,1,
19981,2025-07-18,02,25,21,087878,1.178783,03,1250,0,0,Node 03: Network 3
19982,2025-07-18,02,25,22,131846,1.043968,01,250,0,0,Node 01: Network 3
19983,2025-07-18,02,25,22,675929,0.544083,02,750,0,0,Node 02: Network 3
19984,2025-07-18,02,25,23,090301,0.414372,03,1250,0,0,Node 03: Network 3
19985,2025-07-18,02,25,24,131374,1.041073,01,250,0,0,Node 01: Network 3
19986,2025-07-18,02,25,24,677672,0.546298,02,750,0,0,Node 02: Network 3
19987,2025-07-18,02,25,25,093162,0.41549,03,1250,0,0,Node 03: Network 3
19988,2025-07-18,02,25,26,132446,1.039284,01,250,0,0,Node 01: Network 3
19989,2025-07-18,02,25,26,680203,0.547757,02,750,0,0,Node 02: Network 3
19990,2025-07-18,02,25,27,094213,0.41401,03,1250,0,0,Node 03: Network 3
19991,2025-07-18,02,25,28,132685,1.038472,01,250,0,0,Node 01: Network 3
19992,2025-07-18,02,25,28,681224,0.548539,02,750,0,0,Node 02: Network 3
19993,2025-07-18,02,25,29,097243,0.416019,03,1250,0,0,Node 03: Network 3
19994,2025-07-18,02,25,30,133032,1.035789,01,250,0,0,Node 01: Network 3
19995,2025-07-18,02,25,30,683198,0.550166,02,750,0,0,Node 02: Network 3
19996,2025-07-18,02,25,31,099176,0.415978,03,1250,0,0,Node 03: Network 3
19997,2025-07-18,02,25,32,134842,1.035666,01,250,0,0,Node 01: Network 3
19998,2025-07-18,02,25,32,685849,0.551007,02,750,0,0,Node 02: Network 3
19999,2025-07-18,02,25,33,100434,0.414585,03,1250,0,0,Node 03: Network 3
20000,2025-07-18,02,25,34,135839,1.035405,01,250,0,0,Node 01: Network 3
